# time Tc_folded Tref_folded value value_err offset model full_model val_compare val_compare_err residuals residuals_err jitter jitter_flag offset_flag subset_flag 
59332.836022 0.000000 0.000000 -1.370000 0.162000 5.752392 -5.206607 -1.843250 -4.733358 0.162000 0.473250 0.162000 0.835154  -1  -1  -1 
59332.840022 0.000000 0.000000 -2.074000 0.160000 5.752392 -5.210249 -1.843662 -5.440587 0.160000 -0.230338 0.160000 0.835154  -1  -1  -1 
59332.847022 0.000000 0.000000 -0.987000 0.162000 5.752392 -5.216619 -1.843868 -4.359751 0.162000 0.856868 0.162000 0.835154  -1  -1  -1 
59334.861022 0.000000 0.000000 0.284000 0.170000 5.752392 -6.723574 -0.535661 -5.903913 0.170000 0.819661 0.170000 0.835154  -1  -1  -1 
59334.868022 0.000000 0.000000 -0.167000 0.170000 5.752392 -6.727196 -0.571476 -6.322720 0.170000 0.404476 0.170000 0.835154  -1  -1  -1 
59334.872022 0.000000 0.000000 -0.809000 0.170000 5.752392 -6.729260 -0.592004 -6.946256 0.170000 -0.216996 0.170000 0.835154  -1  -1  -1 
59336.947022 0.000000 0.000000 -1.691000 0.172000 5.752392 -7.159063 0.691344 -9.541408 0.172000 -2.382344 0.172000 0.835154  -1  -1  -1 
59336.958022 0.000000 0.000000 0.141000 0.172000 5.752392 -7.157990 0.705165 -7.722155 0.172000 -0.564165 0.172000 0.835154  -1  -1  -1 
59336.962022 0.000000 0.000000 1.028000 0.172000 5.752392 -7.157591 0.709930 -6.839521 0.172000 0.318070 0.172000 0.835154  -1  -1  -1 
59337.837022 0.000000 0.000000 -1.373000 0.168000 5.752392 -6.975602 -1.189046 -7.159556 0.168000 -0.183954 0.168000 0.835154  -1  -1  -1 
59337.844022 0.000000 0.000000 -1.391000 0.169000 5.752392 -6.973456 -1.220527 -7.143929 0.169000 -0.170473 0.169000 0.835154  -1  -1  -1 
59337.852022 0.000000 0.000000 -1.425000 0.170000 5.752392 -6.970993 -1.256586 -7.139407 0.170000 -0.168414 0.170000 0.835154  -1  -1  -1 
59338.901022 0.000000 0.000000 -4.251000 0.172000 5.752392 -6.557896 -2.477655 -8.331241 0.172000 -1.773345 0.172000 0.835154  -1  -1  -1 
59338.908022 0.000000 0.000000 -2.152000 0.172000 5.752392 -6.554674 -2.445958 -6.260716 0.172000 0.293958 0.172000 0.835154  -1  -1  -1 
59338.912022 0.000000 0.000000 -2.065000 0.172000 5.752392 -6.552831 -2.427662 -6.190170 0.172000 0.362662 0.172000 0.835154  -1  -1  -1 
59339.831022 0.000000 0.000000 2.413000 0.166000 5.752392 -6.106171 1.735972 -5.429143 0.166000 0.677028 0.166000 0.835154  -1  -1  -1 
59339.835022 0.000000 0.000000 2.587000 0.167000 5.752392 -6.104186 1.742957 -5.260143 0.167000 0.844043 0.167000 0.835154  -1  -1  -1 
59339.839022 0.000000 0.000000 2.260000 0.167000 5.752392 -6.102201 1.749798 -5.591999 0.167000 0.510202 0.167000 0.835154  -1  -1  -1 
59341.879022 0.000000 0.000000 -0.825000 0.171000 5.752392 -5.235883 -0.774048 -5.286835 0.171000 -0.050952 0.171000 0.835154  -1  -1  -1 
59341.883022 0.000000 0.000000 -0.282000 0.171000 5.752392 -5.234673 -0.754140 -4.762533 0.171000 0.472140 0.171000 0.835154  -1  -1  -1 
59341.886022 0.000000 0.000000 -2.256000 0.171000 5.752392 -5.233768 -0.739150 -6.750617 0.171000 -1.516850 0.171000 0.835154  -1  -1  -1 
59342.827022 0.000000 0.000000 2.969000 0.166000 5.752392 -5.023491 2.902455 -4.956946 0.166000 0.066545 0.166000 0.835154  -1  -1  -1 
59342.835022 0.000000 0.000000 3.508000 0.167000 5.752392 -5.022356 2.905893 -4.420248 0.167000 0.602107 0.167000 0.835154  -1  -1  -1 
59342.838022 0.000000 0.000000 2.157000 0.168000 5.752392 -5.021933 2.907031 -5.771964 0.168000 -0.750031 0.168000 0.835154  -1  -1  -1 
59343.864022 0.000000 0.000000 -1.467000 0.171000 5.752392 -4.968215 -0.358096 -6.077119 0.171000 -1.108904 0.171000 0.835154  -1  -1  -1 
59343.872022 0.000000 0.000000 -0.375000 0.171000 5.752392 -4.968483 -0.394621 -4.948862 0.171000 0.019621 0.171000 0.835154  -1  -1  -1 
59343.875022 0.000000 0.000000 0.238000 0.172000 5.752392 -4.968587 -0.408252 -4.322334 0.172000 0.646252 0.172000 0.835154  -1  -1  -1 
59348.951022 0.000000 0.000000 1.144000 0.157000 5.752392 -5.973697 1.556873 -6.386569 0.157000 -0.412873 0.157000 0.835154  -1  -1  -1 
59348.959022 0.000000 0.000000 2.201000 0.157000 5.752392 -5.974403 1.535556 -5.308959 0.157000 0.665444 0.157000 0.835154  -1  -1  -1 
59348.970022 0.000000 0.000000 1.220000 0.157000 5.752392 -5.975359 1.505488 -6.260847 0.157000 -0.285488 0.157000 0.835154  -1  -1  -1 
59351.925022 0.000000 0.000000 2.105000 0.154000 5.752392 -5.482689 1.810553 -5.188242 0.154000 0.294447 0.154000 0.835154  -1  -1  -1 
59351.929022 0.000000 0.000000 2.686000 0.154000 5.752392 -5.480973 1.799653 -4.594627 0.154000 0.886347 0.154000 0.835154  -1  -1  -1 
59351.933022 0.000000 0.000000 2.909000 0.154000 5.752392 -5.479256 1.788648 -4.358903 0.154000 1.120352 0.154000 0.835154  -1  -1  -1 
59352.840022 0.000000 0.000000 -1.399000 0.167000 5.752392 -5.029409 -1.497429 -4.930980 0.167000 0.098429 0.167000 0.835154  -1  -1  -1 
59352.851022 0.000000 0.000000 -1.424000 0.168000 5.752392 -5.023303 -1.514447 -4.932856 0.168000 0.090447 0.168000 0.835154  -1  -1  -1 
59352.855022 0.000000 0.000000 -2.927000 0.169000 5.752392 -5.021080 -1.520287 -6.427793 0.169000 -1.406713 0.169000 0.835154  -1  -1  -1 
59354.913022 0.000000 0.000000 3.573000 0.171000 5.752392 -3.769014 3.188025 -3.384038 0.171000 0.384975 0.171000 0.835154  -1  -1  -1 
59354.921022 0.000000 0.000000 2.322000 0.171000 5.752392 -3.764269 3.162566 -4.604836 0.171000 -0.840566 0.171000 0.835154  -1  -1  -1 
59354.928022 0.000000 0.000000 2.579000 0.171000 5.752392 -3.760123 3.139987 -4.321110 0.171000 -0.560987 0.171000 0.835154  -1  -1  -1 
59356.918022 0.000000 0.000000 3.625000 0.169000 5.752392 -2.890513 4.338665 -3.604178 0.169000 -0.713665 0.169000 0.835154  -1  -1  -1 
59356.929022 0.000000 0.000000 3.251000 0.169000 5.752392 -2.888122 4.378497 -4.015619 0.169000 -1.127497 0.169000 0.835154  -1  -1  -1 
59356.933022 0.000000 0.000000 4.605000 0.169000 5.752392 -2.887261 4.392742 -2.675003 0.169000 0.212258 0.169000 0.835154  -1  -1  -1 
59357.975022 0.000000 0.000000 5.077000 0.172000 5.752392 -2.823230 3.416816 -1.163046 0.172000 1.660184 0.172000 0.835154  -1  -1  -1 
59357.982022 0.000000 0.000000 3.576000 0.172000 5.752392 -2.823934 3.384178 -2.632112 0.172000 0.191822 0.172000 0.835154  -1  -1  -1 
59357.990022 0.000000 0.000000 3.288000 0.172000 5.752392 -2.824758 3.346662 -2.883420 0.172000 -0.058662 0.172000 0.835154  -1  -1  -1 
59358.889022 0.000000 0.000000 0.254000 0.170000 5.752392 -3.047661 0.353560 -3.147222 0.170000 -0.099560 0.170000 0.835154  -1  -1  -1 
59358.893022 0.000000 0.000000 -0.296000 0.170000 5.752392 -3.049224 0.357181 -3.702405 0.170000 -0.653181 0.170000 0.835154  -1  -1  -1 
59358.897022 0.000000 0.000000 0.553000 0.170000 5.752392 -3.050793 0.361005 -2.858798 0.170000 0.191995 0.170000 0.835154  -1  -1  -1 
59359.898022 0.000000 0.000000 2.500000 0.171000 5.752392 -3.590131 3.915343 -5.005474 0.171000 -1.415343 0.171000 0.835154  -1  -1  -1 
59359.901022 0.000000 0.000000 3.774000 0.171000 5.752392 -3.592155 3.921472 -3.739626 0.171000 -0.147472 0.171000 0.835154  -1  -1  -1 
59359.913022 0.000000 0.000000 3.551000 0.171000 5.752392 -3.600271 3.945209 -3.994480 0.171000 -0.394209 0.171000 0.835154  -1  -1  -1 
