# time Tc_folded Tref_folded value value_err offset model full_model val_compare val_compare_err residuals residuals_err jitter jitter_flag offset_flag subset_flag 
59333.151961 1.065099 0.332851 -2.770000 0.197000 6.464417 -1.537501 -1.508115 -2.799386 0.197000 -1.261885 0.197000 1.041160  -1  -1  -1 
59333.152667 1.065805 0.333095 -1.924000 0.197000 6.464417 -1.534466 -1.505798 -1.952668 0.197000 -0.418202 0.197000 1.041160  -1  -1  -1 
59333.153373 1.066511 0.333339 -2.959000 0.197000 6.464417 -1.531428 -1.503477 -2.986950 0.197000 -1.455523 0.197000 1.041160  -1  -1  -1 
59336.044295 1.066757 0.333424 -3.670000 0.196000 6.464417 -1.530369 -3.373453 -1.826916 0.196000 -0.296547 0.196000 1.041160  -1  -1  -1 
59336.045745 1.068207 0.333926 -1.842000 0.196000 6.464417 -1.524114 -3.367452 0.001339 0.196000 1.525452 0.196000 1.041160  -1  -1  -1 
59336.046451 1.068913 0.334170 -2.082000 0.196000 6.464417 -1.521063 -3.364525 -0.238538 0.196000 1.282525 0.196000 1.041160  -1  -1  -1 
59337.054588 -0.813626 0.682925 0.800000 0.204000 6.464417 2.176085 0.328746 2.647338 0.204000 0.471254 0.204000 1.041160  -1  -1  -1 
59337.055294 -0.812920 0.683169 1.084000 0.204000 6.464417 2.176255 0.329028 2.931226 0.204000 0.754972 0.204000 1.041160  -1  -1  -1 
59337.055999 -0.812215 0.683413 1.685000 0.204000 6.464417 2.176420 0.329306 3.532114 0.204000 1.355694 0.204000 1.041160  -1  -1  -1 
59338.142666 0.274452 0.059334 -3.695000 0.193000 6.464417 -1.407064 -2.923106 -2.178958 0.193000 -0.771894 0.193000 1.041160  -1  -1  -1 
59338.143375 0.275161 0.059580 -4.166000 0.193000 6.464417 -1.410085 -2.925822 -2.650263 0.193000 -1.240178 0.193000 1.041160  -1  -1  -1 
59338.144784 0.276570 0.060067 -3.391000 0.192000 6.464417 -1.416081 -2.931211 -1.875869 0.192000 -0.459789 0.192000 1.041160  -1  -1  -1 
59339.164449 1.296235 0.412810 -0.406000 0.196000 6.464417 -0.407424 -1.405778 0.592355 0.196000 0.999778 0.196000 1.041160  -1  -1  -1 
59339.165155 1.296941 0.413054 -2.684000 0.196000 6.464417 -0.403748 -1.401706 -1.686042 0.196000 -1.282294 0.196000 1.041160  -1  -1  -1 
59339.166567 1.298353 0.413543 -0.028000 0.196000 6.464417 -0.396395 -1.393560 0.969165 0.196000 1.365560 0.196000 1.041160  -1  -1  -1 
59340.102238 -0.656653 0.737228 1.154000 0.196000 6.464417 2.105692 1.645420 1.614272 0.196000 -0.491420 0.196000 1.041160  -1  -1  -1 
59340.103650 -0.655241 0.737717 1.360000 0.196000 6.464417 2.104089 1.644621 1.819469 0.196000 -0.284621 0.196000 1.041160  -1  -1  -1 
59340.104356 -0.654535 0.737961 0.898000 0.197000 6.464417 2.103282 1.644214 1.357068 0.197000 -0.746214 0.197000 1.041160  -1  -1  -1 
59341.060305 0.301414 0.068662 -1.111000 0.200000 6.464417 -1.519909 -1.471974 -1.158935 0.200000 0.360974 0.200000 1.041160  -1  -1  -1 
59341.061717 0.302826 0.069150 -1.590000 0.201000 6.464417 -1.525698 -1.477088 -1.638610 0.201000 -0.112912 0.201000 1.041160  -1  -1  -1 
59341.062423 0.303532 0.069395 -1.253000 0.201000 6.464417 -1.528588 -1.479640 -1.301947 0.201000 0.226640 0.201000 1.041160  -1  -1  -1 
59342.127214 1.368323 0.437748 0.050000 0.194000 6.464417 -0.032804 0.433978 -0.416782 0.194000 -0.383978 0.194000 1.041160  -1  -1  -1 
59342.128626 1.369735 0.438237 1.355000 0.194000 6.464417 -0.025516 0.441685 0.887799 0.194000 0.913315 0.194000 1.041160  -1  -1  -1 
59342.129333 1.370442 0.438481 -0.812000 0.194000 6.464417 -0.021868 0.445543 -1.279411 0.194000 -1.257543 0.194000 1.041160  -1  -1  -1 
59343.096509 -0.553058 0.773066 1.988000 0.195000 6.464417 1.944061 2.604910 1.327151 0.195000 -0.616910 0.195000 1.041160  -1  -1  -1 
59343.097921 -0.551646 0.773554 2.506000 0.195000 6.464417 1.941254 2.602247 1.845007 0.195000 -0.096247 0.195000 1.041160  -1  -1  -1 
59343.098626 -0.550941 0.773798 2.200000 0.195000 6.464417 1.939846 2.600911 1.538935 0.195000 -0.400911 0.195000 1.041160  -1  -1  -1 
59345.087496 1.437929 0.461828 -0.696000 0.201000 6.464417 0.321249 0.824025 -1.198776 0.201000 -1.520025 0.201000 1.041160  -1  -1  -1 
59345.088908 1.439341 0.462316 1.858000 0.200000 6.464417 0.328292 0.830742 1.355550 0.200000 1.027258 0.200000 1.041160  -1  -1  -1 
59345.089615 1.440048 0.462561 1.968000 0.200000 6.464417 0.331817 0.834103 1.465713 0.200000 1.133897 0.200000 1.041160  -1  -1  -1 
59347.165174 0.624931 0.180579 -2.802000 0.196000 6.464417 -2.383233 -2.490512 -2.694720 0.196000 -0.311488 0.196000 1.041160  -1  -1  -1 
59347.165880 0.625637 0.180823 -1.935000 0.196000 6.464417 -2.383840 -2.491331 -1.827509 0.196000 0.556331 0.196000 1.041160  -1  -1  -1 
59347.166589 0.626346 0.181069 -4.061000 0.196000 6.464417 -2.384444 -2.492147 -3.953297 0.196000 -1.568853 0.196000 1.041160  -1  -1  -1 
59349.156919 -0.274000 0.869603 1.677000 0.194000 6.464417 1.108093 0.599433 2.185660 0.194000 1.077567 0.194000 1.041160  -1  -1  -1 
59349.159037 -0.271882 0.870336 0.724000 0.194000 6.464417 1.099833 0.591046 1.232786 0.194000 0.132954 0.194000 1.041160  -1  -1  -1 
59349.159743 -0.271176 0.870580 2.045000 0.195000 6.464417 1.097074 0.588245 2.553828 0.195000 1.456755 0.195000 1.041160  -1  -1  -1 
59351.095299 -1.226296 0.540166 3.229000 0.199000 6.464417 1.327814 1.080521 3.476293 0.199000 2.148479 0.199000 1.041160  -1  -1  -1 
59351.096005 -1.225590 0.540410 1.539000 0.199000 6.464417 1.330462 1.083409 1.786053 0.199000 0.455591 0.199000 1.041160  -1  -1  -1 
59351.097417 -1.224178 0.540899 0.629000 0.199000 6.464417 1.335747 1.089175 0.875572 0.199000 -0.460175 0.199000 1.041160  -1  -1  -1 
59352.132027 -0.189568 0.898811 0.491000 0.196000 6.464417 0.761052 0.975816 0.276236 0.196000 -0.484816 0.196000 1.041160  -1  -1  -1 
59352.134142 -0.187453 0.899543 1.053000 0.195000 6.464417 0.751925 0.967841 0.837084 0.195000 0.085159 0.195000 1.041160  -1  -1  -1 
59352.134848 -0.186747 0.899787 -0.236000 0.195000 6.464417 0.748875 0.965175 -0.452300 0.195000 -1.201175 0.195000 1.041160  -1  -1  -1 
59358.106134 0.003186 0.965493 2.204000 0.216000 6.464417 -0.131642 3.022024 -0.949666 0.216000 -0.818024 0.216000 1.041160  -1  -1  -1 
59358.106840 0.003892 0.965737 4.348000 0.216000 6.464417 -0.135062 3.018476 1.194462 0.216000 1.329524 0.216000 1.041160  -1  -1  -1 
59358.108959 0.006011 0.966470 5.673000 0.216000 6.464417 -0.145330 3.007823 2.519847 0.216000 2.665177 0.216000 1.041160  -1  -1  -1 
59359.054266 0.951318 0.293490 1.143000 0.217000 6.464417 -1.970798 0.844438 -1.672237 0.217000 0.298562 0.217000 1.041160  -1  -1  -1 
59359.056384 0.953436 0.294222 1.230000 0.218000 6.464417 -1.963865 0.850251 -1.584116 0.218000 0.379749 0.218000 1.041160  -1  -1  -1 
59359.057090 0.954142 0.294466 0.803000 0.218000 6.464417 -1.961543 0.852199 -2.010742 0.218000 -0.049199 0.218000 1.041160  -1  -1  -1 
59360.145042 -0.848582 0.670832 3.290000 0.210000 6.464417 2.162095 4.208309 1.243785 0.210000 -0.918309 0.210000 1.041160  -1  -1  -1 
59360.146454 -0.847170 0.671321 4.504000 0.210000 6.464417 2.162872 4.207867 2.459005 0.210000 0.296133 0.210000 1.041160  -1  -1  -1 
59360.147195 -0.846429 0.671577 4.142000 0.209000 6.464417 2.163273 4.207628 2.097645 0.209000 -0.065628 0.209000 1.041160  -1  -1  -1 
