# time Tc_folded Tref_folded model model_err 
59330.571122 0.000000 0.000000     1.650844     0.581020 
59330.605774 0.000000 0.000000     1.663773     0.579041 
59330.640426 0.000000 0.000000     1.676875     0.577049 
59330.675078 0.000000 0.000000     1.690149     0.575042 
59330.709730 0.000000 0.000000     1.703591     0.573021 
59330.744382 0.000000 0.000000     1.717199     0.570987 
59330.779034 0.000000 0.000000     1.730972     0.568940 
59330.813686 0.000000 0.000000     1.744907     0.566880 
59330.848338 0.000000 0.000000     1.759002     0.564806 
59330.882990 0.000000 0.000000     1.773254     0.562720 
59330.917642 0.000000 0.000000     1.787662     0.560621 
59330.952294 0.000000 0.000000     1.802222     0.558511 
59330.986946 0.000000 0.000000     1.816932     0.556388 
59331.021598 0.000000 0.000000     1.831791     0.554253 
59331.056250 0.000000 0.000000     1.846794     0.552106 
59331.090902 0.000000 0.000000     1.861941     0.549949 
59331.125554 0.000000 0.000000     1.877228     0.547780 
59331.160206 0.000000 0.000000     1.892652     0.545600 
59331.194858 0.000000 0.000000     1.908212     0.543410 
59331.229510 0.000000 0.000000     1.923904     0.541210 
59331.264162 0.000000 0.000000     1.939725     0.538999 
59331.298814 0.000000 0.000000     1.955674     0.536779 
59331.333466 0.000000 0.000000     1.971747     0.534550 
59331.368118 0.000000 0.000000     1.987941     0.532311 
59331.402770 0.000000 0.000000     2.004253     0.530064 
59331.437422 0.000000 0.000000     2.020682     0.527808 
59331.472074 0.000000 0.000000     2.037223     0.525544 
59331.506726 0.000000 0.000000     2.053875     0.523273 
59331.541378 0.000000 0.000000     2.070634     0.520994 
59331.576030 0.000000 0.000000     2.087496     0.518708 
59331.610682 0.000000 0.000000     2.104460     0.516415 
59331.645334 0.000000 0.000000     2.121523     0.514116 
59331.679986 0.000000 0.000000     2.138680     0.511811 
59331.714638 0.000000 0.000000     2.155930     0.509501 
59331.749290 0.000000 0.000000     2.173269     0.507185 
59331.783942 0.000000 0.000000     2.190694     0.504864 
59331.818594 0.000000 0.000000     2.208202     0.502540 
59331.853246 0.000000 0.000000     2.225789     0.500211 
59331.887898 0.000000 0.000000     2.243454     0.497879 
59331.922550 0.000000 0.000000     2.261192     0.495544 
59331.957202 0.000000 0.000000     2.279000     0.493207 
59331.991854 0.000000 0.000000     2.296876     0.490867 
59332.026506 0.000000 0.000000     2.314816     0.488526 
59332.061158 0.000000 0.000000     2.332816     0.486184 
59332.095810 0.000000 0.000000     2.350875     0.483841 
59332.130462 0.000000 0.000000     2.368987     0.481498 
59332.165114 0.000000 0.000000     2.387151     0.479155 
59332.199766 0.000000 0.000000     2.405363     0.476814 
59332.234418 0.000000 0.000000     2.423619     0.474474 
59332.269070 0.000000 0.000000     2.441916     0.472136 
59332.303722 0.000000 0.000000     2.460252     0.469800 
59332.338374 0.000000 0.000000     2.478622     0.467468 
59332.373026 0.000000 0.000000     2.497024     0.465140 
59332.407678 0.000000 0.000000     2.515454     0.462815 
59332.442330 0.000000 0.000000     2.533909     0.460496 
59332.476982 0.000000 0.000000     2.552385     0.458182 
59332.511634 0.000000 0.000000     2.570879     0.455875 
59332.546286 0.000000 0.000000     2.589389     0.453574 
59332.580938 0.000000 0.000000     2.607909     0.451281 
59332.615590 0.000000 0.000000     2.626438     0.448995 
59332.650242 0.000000 0.000000     2.644972     0.446718 
59332.684894 0.000000 0.000000     2.663507     0.444451 
59332.719546 0.000000 0.000000     2.682040     0.442194 
59332.754198 0.000000 0.000000     2.700569     0.439947 
59332.788850 0.000000 0.000000     2.719088     0.437712 
59332.823502 0.000000 0.000000     2.737596     0.435488 
59332.858154 0.000000 0.000000     2.756089     0.433278 
59332.892806 0.000000 0.000000     2.774563     0.431081 
59332.927458 0.000000 0.000000     2.793016     0.428897 
59332.962110 0.000000 0.000000     2.811443     0.426729 
59332.996762 0.000000 0.000000     2.829843     0.424576 
59333.031414 0.000000 0.000000     2.848210     0.422439 
59333.066066 0.000000 0.000000     2.866543     0.420320 
59333.100718 0.000000 0.000000     2.884837     0.418217 
59333.135370 0.000000 0.000000     2.903090     0.416133 
59333.170022 0.000000 0.000000     2.921298     0.414068 
59333.204674 0.000000 0.000000     2.939458     0.412023 
59333.239326 0.000000 0.000000     2.957567     0.409998 
59333.273978 0.000000 0.000000     2.975622     0.407994 
59333.308630 0.000000 0.000000     2.993619     0.406012 
59333.343282 0.000000 0.000000     3.011555     0.404052 
59333.377934 0.000000 0.000000     3.029428     0.402115 
59333.412586 0.000000 0.000000     3.047233     0.400201 
59333.447238 0.000000 0.000000     3.064969     0.398312 
59333.481890 0.000000 0.000000     3.082630     0.396448 
59333.516542 0.000000 0.000000     3.100216     0.394609 
59333.551194 0.000000 0.000000     3.117722     0.392796 
59333.585846 0.000000 0.000000     3.135146     0.391010 
59333.620498 0.000000 0.000000     3.152484     0.389251 
59333.655150 0.000000 0.000000     3.169733     0.387519 
59333.689802 0.000000 0.000000     3.186891     0.385816 
59333.724454 0.000000 0.000000     3.203954     0.384141 
59333.759106 0.000000 0.000000     3.220920     0.382495 
59333.793758 0.000000 0.000000     3.237786     0.380878 
59333.828410 0.000000 0.000000     3.254548     0.379291 
59333.863062 0.000000 0.000000     3.271205     0.377734 
59333.897714 0.000000 0.000000     3.287752     0.376208 
59333.932366 0.000000 0.000000     3.304188     0.374712 
59333.967018 0.000000 0.000000     3.320509     0.373247 
59334.001670 0.000000 0.000000     3.336713     0.371813 
59334.036322 0.000000 0.000000     3.352797     0.370411 
59334.070974 0.000000 0.000000     3.368758     0.369039 
59334.105626 0.000000 0.000000     3.384594     0.367700 
59334.140278 0.000000 0.000000     3.400302     0.366391 
59334.174930 0.000000 0.000000     3.415880     0.365114 
59334.209582 0.000000 0.000000     3.431324     0.363869 
59334.244234 0.000000 0.000000     3.446633     0.362655 
59334.278886 0.000000 0.000000     3.461803     0.361472 
59334.313538 0.000000 0.000000     3.476834     0.360320 
59334.348190 0.000000 0.000000     3.491721     0.359199 
59334.382842 0.000000 0.000000     3.506462     0.358109 
59334.417494 0.000000 0.000000     3.521056     0.357050 
59334.452146 0.000000 0.000000     3.535500     0.356020 
59334.486798 0.000000 0.000000     3.549792     0.355020 
59334.521450 0.000000 0.000000     3.563929     0.354049 
59334.556102 0.000000 0.000000     3.577909     0.353107 
59334.590754 0.000000 0.000000     3.591730     0.352194 
59334.625406 0.000000 0.000000     3.605391     0.351309 
59334.660058 0.000000 0.000000     3.618888     0.350451 
59334.694710 0.000000 0.000000     3.632220     0.349620 
59334.729362 0.000000 0.000000     3.645384     0.348816 
59334.764014 0.000000 0.000000     3.658380     0.348037 
59334.798666 0.000000 0.000000     3.671204     0.347283 
59334.833318 0.000000 0.000000     3.683856     0.346554 
59334.867970 0.000000 0.000000     3.696333     0.345848 
59334.902622 0.000000 0.000000     3.708633     0.345166 
59334.937274 0.000000 0.000000     3.720755     0.344506 
59334.971926 0.000000 0.000000     3.732696     0.343868 
59335.006578 0.000000 0.000000     3.744457     0.343250 
59335.041230 0.000000 0.000000     3.756033     0.342653 
59335.075882 0.000000 0.000000     3.767425     0.342076 
59335.110534 0.000000 0.000000     3.778631     0.341517 
59335.145186 0.000000 0.000000     3.789648     0.340976 
59335.179838 0.000000 0.000000     3.800476     0.340453 
59335.214490 0.000000 0.000000     3.811114     0.339946 
59335.249142 0.000000 0.000000     3.821559     0.339454 
59335.283794 0.000000 0.000000     3.831811     0.338978 
59335.318446 0.000000 0.000000     3.841869     0.338516 
59335.353098 0.000000 0.000000     3.851730     0.338067 
59335.387750 0.000000 0.000000     3.861394     0.337631 
59335.422402 0.000000 0.000000     3.870861     0.337207 
59335.457054 0.000000 0.000000     3.880128     0.336794 
59335.491706 0.000000 0.000000     3.889195     0.336392 
59335.526358 0.000000 0.000000     3.898060     0.336000 
59335.561010 0.000000 0.000000     3.906724     0.335617 
59335.595662 0.000000 0.000000     3.915184     0.335243 
59335.630314 0.000000 0.000000     3.923441     0.334876 
59335.664966 0.000000 0.000000     3.931493     0.334517 
59335.699618 0.000000 0.000000     3.939340     0.334165 
59335.734270 0.000000 0.000000     3.946980     0.333818 
59335.768922 0.000000 0.000000     3.954414     0.333478 
59335.803574 0.000000 0.000000     3.961641     0.333142 
59335.838226 0.000000 0.000000     3.968660     0.332810 
59335.872878 0.000000 0.000000     3.975470     0.332482 
59335.907530 0.000000 0.000000     3.982072     0.332158 
59335.942182 0.000000 0.000000     3.988465     0.331837 
59335.976834 0.000000 0.000000     3.994648     0.331518 
59336.011486 0.000000 0.000000     4.000622     0.331201 
59336.046138 0.000000 0.000000     4.006385     0.330886 
59336.080790 0.000000 0.000000     4.011938     0.330572 
59336.115442 0.000000 0.000000     4.017281     0.330259 
59336.150094 0.000000 0.000000     4.022413     0.329946 
59336.184746 0.000000 0.000000     4.027335     0.329634 
59336.219398 0.000000 0.000000     4.032046     0.329321 
59336.254050 0.000000 0.000000     4.036546     0.329009 
59336.288702 0.000000 0.000000     4.040836     0.328695 
59336.323354 0.000000 0.000000     4.044916     0.328380 
59336.358006 0.000000 0.000000     4.048786     0.328065 
59336.392658 0.000000 0.000000     4.052445     0.327748 
59336.427310 0.000000 0.000000     4.055895     0.327429 
59336.461962 0.000000 0.000000     4.059136     0.327109 
59336.496614 0.000000 0.000000     4.062168     0.326787 
59336.531266 0.000000 0.000000     4.064991     0.326463 
59336.565918 0.000000 0.000000     4.067606     0.326137 
59336.600570 0.000000 0.000000     4.070013     0.325809 
59336.635222 0.000000 0.000000     4.072214     0.325478 
59336.669874 0.000000 0.000000     4.074208     0.325145 
59336.704526 0.000000 0.000000     4.075996     0.324810 
59336.739178 0.000000 0.000000     4.077579     0.324473 
59336.773830 0.000000 0.000000     4.078958     0.324133 
59336.808482 0.000000 0.000000     4.080133     0.323792 
59336.843134 0.000000 0.000000     4.081105     0.323447 
59336.877786 0.000000 0.000000     4.081875     0.323101 
59336.912438 0.000000 0.000000     4.082444     0.322752 
59336.947090 0.000000 0.000000     4.082813     0.322402 
59336.981742 0.000000 0.000000     4.082983     0.322049 
59337.016394 0.000000 0.000000     4.082955     0.321694 
59337.051046 0.000000 0.000000     4.082730     0.321338 
59337.085698 0.000000 0.000000     4.082309     0.320980 
59337.120350 0.000000 0.000000     4.081694     0.320620 
59337.155002 0.000000 0.000000     4.080884     0.320259 
59337.189654 0.000000 0.000000     4.079883     0.319897 
59337.224306 0.000000 0.000000     4.078690     0.319534 
59337.258958 0.000000 0.000000     4.077308     0.319170 
59337.293610 0.000000 0.000000     4.075737     0.318805 
59337.328262 0.000000 0.000000     4.073980     0.318440 
59337.362914 0.000000 0.000000     4.072037     0.318074 
59337.397566 0.000000 0.000000     4.069909     0.317709 
59337.432218 0.000000 0.000000     4.067599     0.317343 
59337.466870 0.000000 0.000000     4.065108     0.316978 
59337.501522 0.000000 0.000000     4.062438     0.316613 
59337.536174 0.000000 0.000000     4.059590     0.316250 
59337.570826 0.000000 0.000000     4.056565     0.315887 
59337.605478 0.000000 0.000000     4.053366     0.315526 
59337.640130 0.000000 0.000000     4.049994     0.315166 
59337.674782 0.000000 0.000000     4.046451     0.314808 
59337.709434 0.000000 0.000000     4.042739     0.314452 
59337.744086 0.000000 0.000000     4.038859     0.314099 
59337.778738 0.000000 0.000000     4.034814     0.313748 
59337.813390 0.000000 0.000000     4.030605     0.313400 
59337.848042 0.000000 0.000000     4.026233     0.313055 
59337.882694 0.000000 0.000000     4.021702     0.312713 
59337.917346 0.000000 0.000000     4.017013     0.312375 
59337.951998 0.000000 0.000000     4.012168     0.312040 
59337.986650 0.000000 0.000000     4.007169     0.311710 
59338.021302 0.000000 0.000000     4.002018     0.311384 
59338.055954 0.000000 0.000000     3.996716     0.311063 
59338.090606 0.000000 0.000000     3.991268     0.310746 
59338.125258 0.000000 0.000000     3.985673     0.310434 
59338.159910 0.000000 0.000000     3.979935     0.310128 
59338.194562 0.000000 0.000000     3.974055     0.309827 
59338.229214 0.000000 0.000000     3.968037     0.309531 
59338.263866 0.000000 0.000000     3.961881     0.309242 
59338.298518 0.000000 0.000000     3.955591     0.308959 
59338.333170 0.000000 0.000000     3.949168     0.308681 
59338.367822 0.000000 0.000000     3.942615     0.308411 
59338.402474 0.000000 0.000000     3.935934     0.308147 
59338.437126 0.000000 0.000000     3.929127     0.307889 
59338.471778 0.000000 0.000000     3.922197     0.307639 
59338.506430 0.000000 0.000000     3.915147     0.307396 
59338.541082 0.000000 0.000000     3.907978     0.307159 
59338.575734 0.000000 0.000000     3.900692     0.306931 
59338.610386 0.000000 0.000000     3.893293     0.306709 
59338.645038 0.000000 0.000000     3.885783     0.306495 
59338.679690 0.000000 0.000000     3.878164     0.306289 
59338.714342 0.000000 0.000000     3.870438     0.306091 
59338.748994 0.000000 0.000000     3.862608     0.305900 
59338.783646 0.000000 0.000000     3.854677     0.305717 
59338.818298 0.000000 0.000000     3.846647     0.305542 
59338.852950 0.000000 0.000000     3.838521     0.305375 
59338.887602 0.000000 0.000000     3.830300     0.305216 
59338.922254 0.000000 0.000000     3.821989     0.305065 
59338.956906 0.000000 0.000000     3.813588     0.304922 
59338.991558 0.000000 0.000000     3.805100     0.304786 
59339.026210 0.000000 0.000000     3.796529     0.304659 
59339.060862 0.000000 0.000000     3.787877     0.304540 
59339.095514 0.000000 0.000000     3.779146     0.304428 
59339.130166 0.000000 0.000000     3.770339     0.304325 
59339.164818 0.000000 0.000000     3.761458     0.304229 
59339.199470 0.000000 0.000000     3.752506     0.304141 
59339.234122 0.000000 0.000000     3.743486     0.304060 
59339.268774 0.000000 0.000000     3.734400     0.303987 
59339.303426 0.000000 0.000000     3.725250     0.303922 
59339.338078 0.000000 0.000000     3.716040     0.303863 
59339.372730 0.000000 0.000000     3.706772     0.303812 
59339.407382 0.000000 0.000000     3.697448     0.303768 
59339.442034 0.000000 0.000000     3.688072     0.303731 
59339.476686 0.000000 0.000000     3.678645     0.303701 
59339.511338 0.000000 0.000000     3.669170     0.303678 
59339.545990 0.000000 0.000000     3.659651     0.303661 
59339.580642 0.000000 0.000000     3.650088     0.303650 
59339.615294 0.000000 0.000000     3.640486     0.303646 
59339.649946 0.000000 0.000000     3.630847     0.303648 
59339.684598 0.000000 0.000000     3.621172     0.303656 
59339.719250 0.000000 0.000000     3.611465     0.303669 
59339.753902 0.000000 0.000000     3.601729     0.303688 
59339.788554 0.000000 0.000000     3.591965     0.303712 
59339.823206 0.000000 0.000000     3.582177     0.303742 
59339.857858 0.000000 0.000000     3.572367     0.303777 
59339.892510 0.000000 0.000000     3.562537     0.303816 
59339.927162 0.000000 0.000000     3.552691     0.303860 
59339.961814 0.000000 0.000000     3.542830     0.303909 
59339.996466 0.000000 0.000000     3.532956     0.303962 
59340.031118 0.000000 0.000000     3.523074     0.304019 
59340.065770 0.000000 0.000000     3.513184     0.304080 
59340.100422 0.000000 0.000000     3.503290     0.304145 
59340.135074 0.000000 0.000000     3.493394     0.304214 
59340.169726 0.000000 0.000000     3.483498     0.304286 
59340.204378 0.000000 0.000000     3.473605     0.304361 
59340.239030 0.000000 0.000000     3.463717     0.304440 
59340.273682 0.000000 0.000000     3.453837     0.304521 
59340.308334 0.000000 0.000000     3.443966     0.304605 
59340.342986 0.000000 0.000000     3.434109     0.304692 
59340.377638 0.000000 0.000000     3.424266     0.304781 
59340.412290 0.000000 0.000000     3.414440     0.304873 
59340.446942 0.000000 0.000000     3.404633     0.304967 
59340.481594 0.000000 0.000000     3.394848     0.305063 
59340.516246 0.000000 0.000000     3.385087     0.305161 
59340.550898 0.000000 0.000000     3.375353     0.305261 
59340.585550 0.000000 0.000000     3.365647     0.305363 
59340.620202 0.000000 0.000000     3.355971     0.305466 
59340.654854 0.000000 0.000000     3.346329     0.305571 
59340.689506 0.000000 0.000000     3.336722     0.305677 
59340.724158 0.000000 0.000000     3.327152     0.305785 
59340.758810 0.000000 0.000000     3.317622     0.305893 
59340.793462 0.000000 0.000000     3.308133     0.306004 
59340.828114 0.000000 0.000000     3.298688     0.306115 
59340.862766 0.000000 0.000000     3.289289     0.306227 
59340.897418 0.000000 0.000000     3.279938     0.306340 
59340.932070 0.000000 0.000000     3.270636     0.306455 
59340.966722 0.000000 0.000000     3.261387     0.306570 
59341.001374 0.000000 0.000000     3.252191     0.306686 
59341.036026 0.000000 0.000000     3.243051     0.306803 
59341.070678 0.000000 0.000000     3.233969     0.306921 
59341.105330 0.000000 0.000000     3.224947     0.307040 
59341.139982 0.000000 0.000000     3.215987     0.307159 
59341.174634 0.000000 0.000000     3.207089     0.307280 
59341.209286 0.000000 0.000000     3.198258     0.307401 
59341.243938 0.000000 0.000000     3.189493     0.307524 
59341.278590 0.000000 0.000000     3.180797     0.307647 
59341.313242 0.000000 0.000000     3.172172     0.307771 
59341.347894 0.000000 0.000000     3.163619     0.307897 
59341.382546 0.000000 0.000000     3.155141     0.308023 
59341.417198 0.000000 0.000000     3.146738     0.308151 
59341.451850 0.000000 0.000000     3.138412     0.308279 
59341.486502 0.000000 0.000000     3.130166     0.308409 
59341.521154 0.000000 0.000000     3.122000     0.308541 
59341.555806 0.000000 0.000000     3.113917     0.308673 
59341.590458 0.000000 0.000000     3.105917     0.308808 
59341.625110 0.000000 0.000000     3.098003     0.308943 
59341.659762 0.000000 0.000000     3.090175     0.309081 
59341.694414 0.000000 0.000000     3.082435     0.309220 
59341.729066 0.000000 0.000000     3.074785     0.309361 
59341.763718 0.000000 0.000000     3.067226     0.309504 
59341.798370 0.000000 0.000000     3.059759     0.309649 
59341.833022 0.000000 0.000000     3.052386     0.309797 
59341.867674 0.000000 0.000000     3.045107     0.309947 
59341.902326 0.000000 0.000000     3.037925     0.310099 
59341.936978 0.000000 0.000000     3.030840     0.310254 
59341.971630 0.000000 0.000000     3.023854     0.310411 
59342.006282 0.000000 0.000000     3.016968     0.310571 
59342.040934 0.000000 0.000000     3.010182     0.310734 
59342.075586 0.000000 0.000000     3.003499     0.310901 
59342.110238 0.000000 0.000000     2.996919     0.311070 
59342.144890 0.000000 0.000000     2.990443     0.311243 
59342.179542 0.000000 0.000000     2.984071     0.311419 
59342.214194 0.000000 0.000000     2.977807     0.311599 
59342.248846 0.000000 0.000000     2.971649     0.311783 
59342.283498 0.000000 0.000000     2.965599     0.311971 
59342.318150 0.000000 0.000000     2.959658     0.312162 
59342.352802 0.000000 0.000000     2.953827     0.312358 
59342.387454 0.000000 0.000000     2.948106     0.312558 
59342.422106 0.000000 0.000000     2.942497     0.312762 
59342.456758 0.000000 0.000000     2.937000     0.312971 
59342.491410 0.000000 0.000000     2.931615     0.313184 
59342.526062 0.000000 0.000000     2.926345     0.313402 
59342.560714 0.000000 0.000000     2.921188     0.313625 
59342.595366 0.000000 0.000000     2.916146     0.313853 
59342.630018 0.000000 0.000000     2.911220     0.314086 
59342.664670 0.000000 0.000000     2.906409     0.314324 
59342.699322 0.000000 0.000000     2.901716     0.314567 
59342.733974 0.000000 0.000000     2.897139     0.314816 
59342.768626 0.000000 0.000000     2.892679     0.315070 
59342.803278 0.000000 0.000000     2.888338     0.315329 
59342.837930 0.000000 0.000000     2.884115     0.315594 
59342.872582 0.000000 0.000000     2.880010     0.315865 
59342.907234 0.000000 0.000000     2.876025     0.316141 
59342.941886 0.000000 0.000000     2.872159     0.316423 
59342.976538 0.000000 0.000000     2.868413     0.316711 
59343.011190 0.000000 0.000000     2.864786     0.317005 
59343.045842 0.000000 0.000000     2.861280     0.317305 
59343.080494 0.000000 0.000000     2.857894     0.317610 
59343.115146 0.000000 0.000000     2.854629     0.317921 
59343.149798 0.000000 0.000000     2.851484     0.318239 
59343.184450 0.000000 0.000000     2.848460     0.318562 
59343.219102 0.000000 0.000000     2.845556     0.318891 
59343.253754 0.000000 0.000000     2.842774     0.319226 
59343.288406 0.000000 0.000000     2.840112     0.319567 
59343.323058 0.000000 0.000000     2.837571     0.319914 
59343.357710 0.000000 0.000000     2.835151     0.320267 
59343.392362 0.000000 0.000000     2.832851     0.320625 
59343.427014 0.000000 0.000000     2.830672     0.320989 
59343.461666 0.000000 0.000000     2.828613     0.321359 
59343.496318 0.000000 0.000000     2.826675     0.321735 
59343.530970 0.000000 0.000000     2.824857     0.322116 
59343.565622 0.000000 0.000000     2.823158     0.322502 
59343.600274 0.000000 0.000000     2.821579     0.322894 
59343.634926 0.000000 0.000000     2.820119     0.323292 
59343.669578 0.000000 0.000000     2.818779     0.323694 
59343.704230 0.000000 0.000000     2.817557     0.324102 
59343.738882 0.000000 0.000000     2.816453     0.324514 
59343.773534 0.000000 0.000000     2.815467     0.324932 
59343.808186 0.000000 0.000000     2.814599     0.325354 
59343.842838 0.000000 0.000000     2.813847     0.325781 
59343.877490 0.000000 0.000000     2.813212     0.326212 
59343.912142 0.000000 0.000000     2.812693     0.326648 
59343.946794 0.000000 0.000000     2.812290     0.327088 
59343.981446 0.000000 0.000000     2.812001     0.327531 
59344.016098 0.000000 0.000000     2.811827     0.327979 
59344.050750 0.000000 0.000000     2.811767     0.328430 
59344.085402 0.000000 0.000000     2.811820     0.328885 
59344.120054 0.000000 0.000000     2.811985     0.329344 
59344.154706 0.000000 0.000000     2.812263     0.329805 
59344.189358 0.000000 0.000000     2.812651     0.330270 
59344.224010 0.000000 0.000000     2.813150     0.330737 
59344.258662 0.000000 0.000000     2.813758     0.331207 
59344.293314 0.000000 0.000000     2.814475     0.331680 
59344.327966 0.000000 0.000000     2.815300     0.332154 
59344.362618 0.000000 0.000000     2.816233     0.332631 
59344.397270 0.000000 0.000000     2.817272     0.333109 
59344.431922 0.000000 0.000000     2.818417     0.333590 
59344.466574 0.000000 0.000000     2.819666     0.334071 
59344.501226 0.000000 0.000000     2.821019     0.334554 
59344.535878 0.000000 0.000000     2.822475     0.335038 
59344.570530 0.000000 0.000000     2.824032     0.335523 
59344.605182 0.000000 0.000000     2.825691     0.336009 
59344.639834 0.000000 0.000000     2.827450     0.336494 
59344.674486 0.000000 0.000000     2.829307     0.336980 
59344.709138 0.000000 0.000000     2.831263     0.337466 
59344.743790 0.000000 0.000000     2.833315     0.337952 
59344.778442 0.000000 0.000000     2.835463     0.338438 
59344.813094 0.000000 0.000000     2.837705     0.338922 
59344.847746 0.000000 0.000000     2.840042     0.339406 
59344.882398 0.000000 0.000000     2.842470     0.339889 
59344.917050 0.000000 0.000000     2.844990     0.340371 
59344.951702 0.000000 0.000000     2.847601     0.340851 
59344.986354 0.000000 0.000000     2.850300     0.341330 
59345.021006 0.000000 0.000000     2.853087     0.341806 
59345.055658 0.000000 0.000000     2.855960     0.342281 
59345.090310 0.000000 0.000000     2.858919     0.342753 
59345.124962 0.000000 0.000000     2.861962     0.343223 
59345.159614 0.000000 0.000000     2.865088     0.343690 
59345.194266 0.000000 0.000000     2.868295     0.344154 
59345.228918 0.000000 0.000000     2.871583     0.344615 
59345.263570 0.000000 0.000000     2.874949     0.345073 
59345.298222 0.000000 0.000000     2.878393     0.345528 
59345.332874 0.000000 0.000000     2.881914     0.345979 
59345.367526 0.000000 0.000000     2.885509     0.346426 
59345.402178 0.000000 0.000000     2.889178     0.346869 
59345.436830 0.000000 0.000000     2.892919     0.347308 
59345.471482 0.000000 0.000000     2.896731     0.347743 
59345.506134 0.000000 0.000000     2.900613     0.348173 
59345.540786 0.000000 0.000000     2.904562     0.348598 
59345.575438 0.000000 0.000000     2.908578     0.349019 
59345.610090 0.000000 0.000000     2.912659     0.349435 
59345.644742 0.000000 0.000000     2.916804     0.349845 
59345.679394 0.000000 0.000000     2.921011     0.350251 
59345.714046 0.000000 0.000000     2.925279     0.350650 
59345.748698 0.000000 0.000000     2.929607     0.351045 
59345.783350 0.000000 0.000000     2.933992     0.351433 
59345.818002 0.000000 0.000000     2.938433     0.351816 
59345.852654 0.000000 0.000000     2.942929     0.352193 
59345.887306 0.000000 0.000000     2.947478     0.352563 
59345.921958 0.000000 0.000000     2.952079     0.352927 
59345.956610 0.000000 0.000000     2.956730     0.353285 
59345.991262 0.000000 0.000000     2.961430     0.353637 
59346.025914 0.000000 0.000000     2.966177     0.353981 
59346.060566 0.000000 0.000000     2.970970     0.354319 
59346.095218 0.000000 0.000000     2.975806     0.354651 
59346.129870 0.000000 0.000000     2.980685     0.354975 
59346.164522 0.000000 0.000000     2.985605     0.355292 
59346.199174 0.000000 0.000000     2.990564     0.355602 
59346.233826 0.000000 0.000000     2.995560     0.355905 
59346.268478 0.000000 0.000000     3.000593     0.356200 
59346.303130 0.000000 0.000000     3.005660     0.356489 
59346.337782 0.000000 0.000000     3.010760     0.356769 
59346.372434 0.000000 0.000000     3.015890     0.357042 
59346.407086 0.000000 0.000000     3.021051     0.357308 
59346.441738 0.000000 0.000000     3.026239     0.357565 
59346.476390 0.000000 0.000000     3.031454     0.357815 
59346.511042 0.000000 0.000000     3.036693     0.358057 
59346.545694 0.000000 0.000000     3.041956     0.358291 
59346.580346 0.000000 0.000000     3.047240     0.358517 
59346.614998 0.000000 0.000000     3.052543     0.358735 
59346.649650 0.000000 0.000000     3.057865     0.358945 
59346.684302 0.000000 0.000000     3.063203     0.359147 
59346.718954 0.000000 0.000000     3.068556     0.359341 
59346.753606 0.000000 0.000000     3.073922     0.359527 
59346.788258 0.000000 0.000000     3.079299     0.359704 
59346.822910 0.000000 0.000000     3.084686     0.359873 
59346.857562 0.000000 0.000000     3.090082     0.360034 
59346.892214 0.000000 0.000000     3.095484     0.360187 
59346.926866 0.000000 0.000000     3.100891     0.360331 
59346.961518 0.000000 0.000000     3.106301     0.360467 
59346.996170 0.000000 0.000000     3.111712     0.360594 
59347.030822 0.000000 0.000000     3.117123     0.360713 
59347.065474 0.000000 0.000000     3.122533     0.360824 
59347.100126 0.000000 0.000000     3.127939     0.360926 
59347.134778 0.000000 0.000000     3.133340     0.361020 
59347.169430 0.000000 0.000000     3.138734     0.361106 
59347.204082 0.000000 0.000000     3.144120     0.361183 
59347.238734 0.000000 0.000000     3.149496     0.361252 
59347.273386 0.000000 0.000000     3.154860     0.361312 
59347.308038 0.000000 0.000000     3.160211     0.361364 
59347.342690 0.000000 0.000000     3.165546     0.361408 
59347.377342 0.000000 0.000000     3.170865     0.361444 
59347.411994 0.000000 0.000000     3.176166     0.361471 
59347.446646 0.000000 0.000000     3.181446     0.361490 
59347.481298 0.000000 0.000000     3.186706     0.361501 
59347.515950 0.000000 0.000000     3.191942     0.361503 
59347.550602 0.000000 0.000000     3.197153     0.361498 
59347.585254 0.000000 0.000000     3.202337     0.361484 
59347.619906 0.000000 0.000000     3.207494     0.361462 
59347.654558 0.000000 0.000000     3.212621     0.361433 
59347.689210 0.000000 0.000000     3.217717     0.361395 
59347.723862 0.000000 0.000000     3.222779     0.361349 
59347.758514 0.000000 0.000000     3.227808     0.361296 
59347.793166 0.000000 0.000000     3.232800     0.361235 
59347.827818 0.000000 0.000000     3.237754     0.361166 
59347.862470 0.000000 0.000000     3.242670     0.361089 
59347.897122 0.000000 0.000000     3.247544     0.361005 
59347.931774 0.000000 0.000000     3.252376     0.360913 
59347.966426 0.000000 0.000000     3.257165     0.360813 
59348.001078 0.000000 0.000000     3.261908     0.360707 
59348.035730 0.000000 0.000000     3.266603     0.360593 
59348.070382 0.000000 0.000000     3.271251     0.360471 
59348.105034 0.000000 0.000000     3.275848     0.360343 
59348.139686 0.000000 0.000000     3.280393     0.360207 
59348.174338 0.000000 0.000000     3.284886     0.360065 
59348.208990 0.000000 0.000000     3.289323     0.359916 
59348.243642 0.000000 0.000000     3.293705     0.359759 
59348.278294 0.000000 0.000000     3.298029     0.359596 
59348.312946 0.000000 0.000000     3.302294     0.359427 
59348.347598 0.000000 0.000000     3.306499     0.359251 
59348.382250 0.000000 0.000000     3.310642     0.359068 
59348.416902 0.000000 0.000000     3.314721     0.358880 
59348.451554 0.000000 0.000000     3.318735     0.358685 
59348.486206 0.000000 0.000000     3.322683     0.358484 
59348.520858 0.000000 0.000000     3.326563     0.358277 
59348.555510 0.000000 0.000000     3.330375     0.358064 
59348.590162 0.000000 0.000000     3.334115     0.357846 
59348.624814 0.000000 0.000000     3.337784     0.357621 
59348.659466 0.000000 0.000000     3.341380     0.357392 
59348.694118 0.000000 0.000000     3.344901     0.357157 
59348.728770 0.000000 0.000000     3.348345     0.356917 
59348.763422 0.000000 0.000000     3.351713     0.356671 
59348.798074 0.000000 0.000000     3.355002     0.356421 
59348.832726 0.000000 0.000000     3.358211     0.356166 
59348.867378 0.000000 0.000000     3.361339     0.355906 
59348.902030 0.000000 0.000000     3.364385     0.355642 
59348.936682 0.000000 0.000000     3.367346     0.355373 
59348.971334 0.000000 0.000000     3.370223     0.355100 
59349.005986 0.000000 0.000000     3.373013     0.354823 
59349.040638 0.000000 0.000000     3.375716     0.354542 
59349.075290 0.000000 0.000000     3.378330     0.354257 
59349.109942 0.000000 0.000000     3.380854     0.353969 
59349.144594 0.000000 0.000000     3.383288     0.353677 
59349.179246 0.000000 0.000000     3.385628     0.353382 
59349.213898 0.000000 0.000000     3.387876     0.353083 
59349.248550 0.000000 0.000000     3.390029     0.352782 
59349.283202 0.000000 0.000000     3.392086     0.352478 
59349.317854 0.000000 0.000000     3.394046     0.352171 
59349.352506 0.000000 0.000000     3.395908     0.351861 
59349.387158 0.000000 0.000000     3.397672     0.351550 
59349.421810 0.000000 0.000000     3.399335     0.351236 
59349.456462 0.000000 0.000000     3.400897     0.350920 
59349.491114 0.000000 0.000000     3.402357     0.350603 
59349.525766 0.000000 0.000000     3.403714     0.350284 
59349.560418 0.000000 0.000000     3.404967     0.349963 
59349.595070 0.000000 0.000000     3.406115     0.349642 
59349.629722 0.000000 0.000000     3.407156     0.349319 
59349.664374 0.000000 0.000000     3.408091     0.348996 
59349.699026 0.000000 0.000000     3.408918     0.348672 
59349.733678 0.000000 0.000000     3.409636     0.348347 
59349.768330 0.000000 0.000000     3.410244     0.348022 
59349.802982 0.000000 0.000000     3.410741     0.347698 
59349.837634 0.000000 0.000000     3.411127     0.347373 
59349.872286 0.000000 0.000000     3.411401     0.347049 
59349.906938 0.000000 0.000000     3.411561     0.346725 
59349.941590 0.000000 0.000000     3.411608     0.346402 
59349.976242 0.000000 0.000000     3.411540     0.346080 
59350.010894 0.000000 0.000000     3.411357     0.345759 
59350.045546 0.000000 0.000000     3.411057     0.345440 
59350.080198 0.000000 0.000000     3.410641     0.345122 
59350.114850 0.000000 0.000000     3.410107     0.344806 
59350.149502 0.000000 0.000000     3.409454     0.344492 
59350.184154 0.000000 0.000000     3.408683     0.344181 
59350.218806 0.000000 0.000000     3.407792     0.343871 
59350.253458 0.000000 0.000000     3.406782     0.343565 
59350.288110 0.000000 0.000000     3.405650     0.343261 
59350.322762 0.000000 0.000000     3.404397     0.342960 
59350.357414 0.000000 0.000000     3.403022     0.342663 
59350.392066 0.000000 0.000000     3.401525     0.342369 
59350.426718 0.000000 0.000000     3.399905     0.342079 
59350.461370 0.000000 0.000000     3.398162     0.341793 
59350.496022 0.000000 0.000000     3.396294     0.341511 
59350.530674 0.000000 0.000000     3.394303     0.341233 
59350.565326 0.000000 0.000000     3.392187     0.340960 
59350.599978 0.000000 0.000000     3.389946     0.340692 
59350.634630 0.000000 0.000000     3.387579     0.340428 
59350.669282 0.000000 0.000000     3.385087     0.340170 
59350.703934 0.000000 0.000000     3.382468     0.339917 
59350.738586 0.000000 0.000000     3.379723     0.339670 
59350.773238 0.000000 0.000000     3.376852     0.339429 
59350.807890 0.000000 0.000000     3.373853     0.339193 
59350.842542 0.000000 0.000000     3.370728     0.338964 
59350.877194 0.000000 0.000000     3.367475     0.338741 
59350.911846 0.000000 0.000000     3.364094     0.338524 
59350.946498 0.000000 0.000000     3.360586     0.338315 
59350.981150 0.000000 0.000000     3.356950     0.338112 
59351.015802 0.000000 0.000000     3.353186     0.337916 
59351.050454 0.000000 0.000000     3.349295     0.337728 
59351.085106 0.000000 0.000000     3.345275     0.337547 
59351.119758 0.000000 0.000000     3.341127     0.337374 
59351.154410 0.000000 0.000000     3.336851     0.337208 
59351.189062 0.000000 0.000000     3.332447     0.337050 
59351.223714 0.000000 0.000000     3.327915     0.336901 
59351.258366 0.000000 0.000000     3.323255     0.336760 
59351.293018 0.000000 0.000000     3.318468     0.336627 
59351.327670 0.000000 0.000000     3.313553     0.336502 
59351.362322 0.000000 0.000000     3.308510     0.336386 
59351.396974 0.000000 0.000000     3.303340     0.336279 
59351.431626 0.000000 0.000000     3.298043     0.336181 
59351.466278 0.000000 0.000000     3.292619     0.336091 
59351.500930 0.000000 0.000000     3.287068     0.336011 
59351.535582 0.000000 0.000000     3.281391     0.335940 
59351.570234 0.000000 0.000000     3.275588     0.335878 
59351.604886 0.000000 0.000000     3.269659     0.335826 
59351.639538 0.000000 0.000000     3.263605     0.335783 
59351.674190 0.000000 0.000000     3.257426     0.335750 
59351.708842 0.000000 0.000000     3.251123     0.335726 
59351.743494 0.000000 0.000000     3.244695     0.335712 
59351.778146 0.000000 0.000000     3.238144     0.335707 
59351.812798 0.000000 0.000000     3.231470     0.335712 
59351.847450 0.000000 0.000000     3.224674     0.335727 
59351.882102 0.000000 0.000000     3.217755     0.335752 
59351.916754 0.000000 0.000000     3.210716     0.335786 
59351.951406 0.000000 0.000000     3.203555     0.335830 
59351.986058 0.000000 0.000000     3.196274     0.335884 
59352.020710 0.000000 0.000000     3.188874     0.335948 
59352.055362 0.000000 0.000000     3.181355     0.336021 
59352.090014 0.000000 0.000000     3.173718     0.336105 
59352.124666 0.000000 0.000000     3.165964     0.336197 
59352.159318 0.000000 0.000000     3.158094     0.336300 
59352.193970 0.000000 0.000000     3.150108     0.336412 
59352.228622 0.000000 0.000000     3.142007     0.336534 
59352.263274 0.000000 0.000000     3.133792     0.336665 
59352.297926 0.000000 0.000000     3.125464     0.336806 
59352.332578 0.000000 0.000000     3.117024     0.336956 
59352.367230 0.000000 0.000000     3.108472     0.337115 
59352.401882 0.000000 0.000000     3.099811     0.337283 
59352.436534 0.000000 0.000000     3.091041     0.337461 
59352.471186 0.000000 0.000000     3.082162     0.337647 
59352.505838 0.000000 0.000000     3.073176     0.337842 
59352.540490 0.000000 0.000000     3.064084     0.338046 
59352.575142 0.000000 0.000000     3.054888     0.338258 
59352.609794 0.000000 0.000000     3.045587     0.338479 
59352.644446 0.000000 0.000000     3.036185     0.338707 
59352.679098 0.000000 0.000000     3.026680     0.338944 
59352.713750 0.000000 0.000000     3.017076     0.339189 
59352.748402 0.000000 0.000000     3.007373     0.339442 
59352.783054 0.000000 0.000000     2.997572     0.339702 
59352.817706 0.000000 0.000000     2.987676     0.339969 
59352.852358 0.000000 0.000000     2.977684     0.340244 
59352.887010 0.000000 0.000000     2.967598     0.340526 
59352.921662 0.000000 0.000000     2.957421     0.340814 
59352.956314 0.000000 0.000000     2.947153     0.341109 
59352.990966 0.000000 0.000000     2.936795     0.341411 
59353.025618 0.000000 0.000000     2.926350     0.341718 
59353.060270 0.000000 0.000000     2.915819     0.342032 
59353.094922 0.000000 0.000000     2.905202     0.342351 
59353.129574 0.000000 0.000000     2.894503     0.342676 
59353.164226 0.000000 0.000000     2.883722     0.343006 
59353.198878 0.000000 0.000000     2.872860     0.343341 
59353.233530 0.000000 0.000000     2.861921     0.343681 
59353.268182 0.000000 0.000000     2.850905     0.344025 
59353.302834 0.000000 0.000000     2.839813     0.344373 
59353.337486 0.000000 0.000000     2.828649     0.344726 
59353.372138 0.000000 0.000000     2.817412     0.345082 
59353.406790 0.000000 0.000000     2.806106     0.345442 
59353.441442 0.000000 0.000000     2.794732     0.345805 
59353.476094 0.000000 0.000000     2.783291     0.346171 
59353.510746 0.000000 0.000000     2.771786     0.346540 
59353.545398 0.000000 0.000000     2.760218     0.346911 
59353.580050 0.000000 0.000000     2.748590     0.347284 
59353.614702 0.000000 0.000000     2.736903     0.347659 
59353.649354 0.000000 0.000000     2.725159     0.348036 
59353.684006 0.000000 0.000000     2.713360     0.348414 
59353.718658 0.000000 0.000000     2.701508     0.348794 
59353.753310 0.000000 0.000000     2.689605     0.349174 
59353.787962 0.000000 0.000000     2.677653     0.349554 
59353.822614 0.000000 0.000000     2.665654     0.349935 
59353.857266 0.000000 0.000000     2.653610     0.350316 
59353.891918 0.000000 0.000000     2.641523     0.350696 
59353.926570 0.000000 0.000000     2.629396     0.351076 
59353.961222 0.000000 0.000000     2.617230     0.351455 
59353.995874 0.000000 0.000000     2.605027     0.351833 
59354.030526 0.000000 0.000000     2.592790     0.352209 
59354.065178 0.000000 0.000000     2.580521     0.352584 
59354.099830 0.000000 0.000000     2.568222     0.352957 
59354.134482 0.000000 0.000000     2.555896     0.353327 
59354.169134 0.000000 0.000000     2.543544     0.353695 
59354.203786 0.000000 0.000000     2.531168     0.354060 
59354.238438 0.000000 0.000000     2.518772     0.354422 
59354.273090 0.000000 0.000000     2.506356     0.354780 
59354.307742 0.000000 0.000000     2.493925     0.355135 
59354.342394 0.000000 0.000000     2.481479     0.355486 
59354.377046 0.000000 0.000000     2.469021     0.355833 
59354.411698 0.000000 0.000000     2.456555     0.356175 
59354.446350 0.000000 0.000000     2.444080     0.356513 
59354.481002 0.000000 0.000000     2.431602     0.356845 
59354.515654 0.000000 0.000000     2.419121     0.357173 
59354.550306 0.000000 0.000000     2.406640     0.357494 
59354.584958 0.000000 0.000000     2.394161     0.357810 
59354.619610 0.000000 0.000000     2.381688     0.358120 
59354.654262 0.000000 0.000000     2.369222     0.358423 
59354.688914 0.000000 0.000000     2.356765     0.358720 
59354.723566 0.000000 0.000000     2.344321     0.359010 
59354.758218 0.000000 0.000000     2.331892     0.359293 
59354.792870 0.000000 0.000000     2.319480     0.359569 
59354.827522 0.000000 0.000000     2.307088     0.359837 
59354.862174 0.000000 0.000000     2.294718     0.360097 
59354.896826 0.000000 0.000000     2.282372     0.360349 
59354.931478 0.000000 0.000000     2.270054     0.360593 
59354.966130 0.000000 0.000000     2.257766     0.360828 
59355.000782 0.000000 0.000000     2.245510     0.361054 
59355.035434 0.000000 0.000000     2.233289     0.361271 
59355.070086 0.000000 0.000000     2.221105     0.361479 
59355.104738 0.000000 0.000000     2.208962     0.361678 
59355.139390 0.000000 0.000000     2.196860     0.361866 
59355.174042 0.000000 0.000000     2.184804     0.362045 
59355.208694 0.000000 0.000000     2.172796     0.362213 
59355.243346 0.000000 0.000000     2.160838     0.362371 
59355.277998 0.000000 0.000000     2.148932     0.362519 
59355.312650 0.000000 0.000000     2.137082     0.362655 
59355.347302 0.000000 0.000000     2.125290     0.362781 
59355.381954 0.000000 0.000000     2.113558     0.362895 
59355.416606 0.000000 0.000000     2.101890     0.362997 
59355.451258 0.000000 0.000000     2.090287     0.363088 
59355.485910 0.000000 0.000000     2.078752     0.363168 
59355.520562 0.000000 0.000000     2.067288     0.363235 
59355.555214 0.000000 0.000000     2.055898     0.363289 
59355.589866 0.000000 0.000000     2.044583     0.363332 
59355.624518 0.000000 0.000000     2.033347     0.363361 
59355.659170 0.000000 0.000000     2.022192     0.363378 
59355.693822 0.000000 0.000000     2.011121     0.363382 
59355.728474 0.000000 0.000000     2.000135     0.363373 
59355.763126 0.000000 0.000000     1.989239     0.363350 
59355.797778 0.000000 0.000000     1.978434     0.363314 
59355.832430 0.000000 0.000000     1.967722     0.363264 
59355.867082 0.000000 0.000000     1.957107     0.363200 
59355.901734 0.000000 0.000000     1.946591     0.363123 
59355.936386 0.000000 0.000000     1.936176     0.363031 
59355.971038 0.000000 0.000000     1.925865     0.362925 
59356.005690 0.000000 0.000000     1.915660     0.362805 
59356.040342 0.000000 0.000000     1.905564     0.362670 
59356.074994 0.000000 0.000000     1.895579     0.362521 
59356.109646 0.000000 0.000000     1.885708     0.362357 
59356.144298 0.000000 0.000000     1.875953     0.362178 
59356.178950 0.000000 0.000000     1.866317     0.361984 
59356.213602 0.000000 0.000000     1.856802     0.361776 
59356.248254 0.000000 0.000000     1.847410     0.361552 
59356.282906 0.000000 0.000000     1.838144     0.361313 
59356.317558 0.000000 0.000000     1.829006     0.361059 
59356.352210 0.000000 0.000000     1.819999     0.360789 
59356.386862 0.000000 0.000000     1.811125     0.360504 
59356.421514 0.000000 0.000000     1.802385     0.360204 
59356.456166 0.000000 0.000000     1.793784     0.359888 
59356.490818 0.000000 0.000000     1.785322     0.359557 
59356.525470 0.000000 0.000000     1.777002     0.359211 
59356.560122 0.000000 0.000000     1.768826     0.358849 
59356.594774 0.000000 0.000000     1.760797     0.358471 
59356.629426 0.000000 0.000000     1.752916     0.358079 
59356.664078 0.000000 0.000000     1.745186     0.357671 
59356.698730 0.000000 0.000000     1.737610     0.357247 
59356.733382 0.000000 0.000000     1.730188     0.356809 
59356.768034 0.000000 0.000000     1.722924     0.356355 
59356.802686 0.000000 0.000000     1.715819     0.355886 
59356.837338 0.000000 0.000000     1.708875     0.355402 
59356.871990 0.000000 0.000000     1.702095     0.354903 
59356.906642 0.000000 0.000000     1.695481     0.354390 
59356.941294 0.000000 0.000000     1.689033     0.353862 
59356.975946 0.000000 0.000000     1.682756     0.353320 
59357.010598 0.000000 0.000000     1.676649     0.352764 
59357.045250 0.000000 0.000000     1.670716     0.352194 
59357.079902 0.000000 0.000000     1.664958     0.351610 
59357.114554 0.000000 0.000000     1.659376     0.351013 
59357.149206 0.000000 0.000000     1.653974     0.350402 
59357.183858 0.000000 0.000000     1.648752     0.349779 
59357.218510 0.000000 0.000000     1.643712     0.349144 
59357.253162 0.000000 0.000000     1.638856     0.348496 
59357.287814 0.000000 0.000000     1.634186     0.347837 
59357.322466 0.000000 0.000000     1.629703     0.347167 
59357.357118 0.000000 0.000000     1.625409     0.346486 
59357.391770 0.000000 0.000000     1.621306     0.345795 
59357.426422 0.000000 0.000000     1.617394     0.345094 
59357.461074 0.000000 0.000000     1.613677     0.344384 
59357.495726 0.000000 0.000000     1.610154     0.343665 
59357.530378 0.000000 0.000000     1.606828     0.342939 
59357.565030 0.000000 0.000000     1.603699     0.342205 
59357.599682 0.000000 0.000000     1.600770     0.341465 
59357.634334 0.000000 0.000000     1.598042     0.340719 
59357.668986 0.000000 0.000000     1.595515     0.339968 
59357.703638 0.000000 0.000000     1.593192     0.339214 
59357.738290 0.000000 0.000000     1.591072     0.338456 
59357.772942 0.000000 0.000000     1.589159     0.337696 
59357.807594 0.000000 0.000000     1.587452     0.336935 
59357.842246 0.000000 0.000000     1.585953     0.336174 
59357.876898 0.000000 0.000000     1.584663     0.335414 
59357.911550 0.000000 0.000000     1.583583     0.334656 
59357.946202 0.000000 0.000000     1.582713     0.333901 
59357.980854 0.000000 0.000000     1.582055     0.333152 
59358.015506 0.000000 0.000000     1.581610     0.332408 
59358.050158 0.000000 0.000000     1.581379     0.331672 
59358.084810 0.000000 0.000000     1.581362     0.330945 
59358.119462 0.000000 0.000000     1.581560     0.330228 
59358.154114 0.000000 0.000000     1.581974     0.329523 
59358.188766 0.000000 0.000000     1.582604     0.328832 
59358.223418 0.000000 0.000000     1.583452     0.328156 
59358.258070 0.000000 0.000000     1.584517     0.327497 
59358.292722 0.000000 0.000000     1.585801     0.326857 
59358.327374 0.000000 0.000000     1.587303     0.326238 
59358.362026 0.000000 0.000000     1.589025     0.325641 
59358.396678 0.000000 0.000000     1.590966     0.325069 
59358.431330 0.000000 0.000000     1.593127     0.324523 
59358.465982 0.000000 0.000000     1.595509     0.324006 
59358.500634 0.000000 0.000000     1.598112     0.323520 
59358.535286 0.000000 0.000000     1.600935     0.323066 
59358.569938 0.000000 0.000000     1.603979     0.322646 
59358.604590 0.000000 0.000000     1.607245     0.322264 
59358.639242 0.000000 0.000000     1.610732     0.321920 
59358.673894 0.000000 0.000000     1.614440     0.321617 
59358.708546 0.000000 0.000000     1.618370     0.321358 
59358.743198 0.000000 0.000000     1.622521     0.321144 
59358.777850 0.000000 0.000000     1.626893     0.320976 
59358.812502 0.000000 0.000000     1.631486     0.320859 
59358.847154 0.000000 0.000000     1.636300     0.320792 
59358.881806 0.000000 0.000000     1.641335     0.320778 
59358.916458 0.000000 0.000000     1.646590     0.320819 
59358.951110 0.000000 0.000000     1.652066     0.320917 
59358.985762 0.000000 0.000000     1.657760     0.321073 
59359.020414 0.000000 0.000000     1.663674     0.321289 
59359.055066 0.000000 0.000000     1.669807     0.321566 
59359.089718 0.000000 0.000000     1.676158     0.321906 
59359.124370 0.000000 0.000000     1.682727     0.322310 
59359.159022 0.000000 0.000000     1.689513     0.322778 
59359.193674 0.000000 0.000000     1.696515     0.323312 
59359.228326 0.000000 0.000000     1.703733     0.323913 
59359.262978 0.000000 0.000000     1.711165     0.324581 
59359.297630 0.000000 0.000000     1.718812     0.325316 
59359.332282 0.000000 0.000000     1.726672     0.326120 
59359.366934 0.000000 0.000000     1.734745     0.326991 
59359.401586 0.000000 0.000000     1.743029     0.327931 
59359.436238 0.000000 0.000000     1.751523     0.328938 
59359.470890 0.000000 0.000000     1.760227     0.330013 
59359.505542 0.000000 0.000000     1.769139     0.331155 
59359.540194 0.000000 0.000000     1.778258     0.332364 
59359.574846 0.000000 0.000000     1.787583     0.333639 
59359.609498 0.000000 0.000000     1.797112     0.334978 
59359.644150 0.000000 0.000000     1.806846     0.336381 
59359.678802 0.000000 0.000000     1.816781     0.337847 
59359.713454 0.000000 0.000000     1.826917     0.339375 
59359.748106 0.000000 0.000000     1.837253     0.340963 
59359.782758 0.000000 0.000000     1.847786     0.342609 
59359.817410 0.000000 0.000000     1.858516     0.344313 
59359.852062 0.000000 0.000000     1.869441     0.346073 
59359.886714 0.000000 0.000000     1.880559     0.347887 
59359.921366 0.000000 0.000000     1.891869     0.349754 
59359.956018 0.000000 0.000000     1.903369     0.351671 
59359.990670 0.000000 0.000000     1.915057     0.353637 
59360.025322 0.000000 0.000000     1.926931     0.355650 
59360.059974 0.000000 0.000000     1.938990     0.357709 
59360.094626 0.000000 0.000000     1.951232     0.359811 
59360.129278 0.000000 0.000000     1.963655     0.361955 
59360.163930 0.000000 0.000000     1.976257     0.364140 
59360.198582 0.000000 0.000000     1.989037     0.366362 
59360.233234 0.000000 0.000000     2.001991     0.368620 
59360.267886 0.000000 0.000000     2.015118     0.370914 
59360.302538 0.000000 0.000000     2.028416     0.373239 
59360.337190 0.000000 0.000000     2.041883     0.375597 
59360.371842 0.000000 0.000000     2.055516     0.377983 
59360.406494 0.000000 0.000000     2.069314     0.380397 
59360.441146 0.000000 0.000000     2.083274     0.382837 
59360.475798 0.000000 0.000000     2.097394     0.385302 
59360.510450 0.000000 0.000000     2.111671     0.387789 
59360.545102 0.000000 0.000000     2.126104     0.390298 
59360.579754 0.000000 0.000000     2.140689     0.392827 
59360.614406 0.000000 0.000000     2.155425     0.395374 
59360.649058 0.000000 0.000000     2.170309     0.397938 
59360.683710 0.000000 0.000000     2.185338     0.400518 
59360.718362 0.000000 0.000000     2.200510     0.403113 
59360.753014 0.000000 0.000000     2.215822     0.405720 
59360.787666 0.000000 0.000000     2.231272     0.408339 
59360.822318 0.000000 0.000000     2.246857     0.410969 
59360.856970 0.000000 0.000000     2.262575     0.413608 
59360.891622 0.000000 0.000000     2.278422     0.416255 
59360.926274 0.000000 0.000000     2.294396     0.418910 
59360.960926 0.000000 0.000000     2.310495     0.421571 
59360.995578 0.000000 0.000000     2.326715     0.424237 
59361.030230 0.000000 0.000000     2.343053     0.426907 
59361.064882 0.000000 0.000000     2.359508     0.429581 
59361.099534 0.000000 0.000000     2.376076     0.432256 
59361.134186 0.000000 0.000000     2.392753     0.434934 
59361.168838 0.000000 0.000000     2.409538     0.437612 
59361.203490 0.000000 0.000000     2.426427     0.440290 
59361.238142 0.000000 0.000000     2.443417     0.442967 
59361.272794 0.000000 0.000000     2.460506     0.445642 
59361.307446 0.000000 0.000000     2.477690     0.448315 
59361.342098 0.000000 0.000000     2.494966     0.450984 
59361.376750 0.000000 0.000000     2.512332     0.453650 
59361.411402 0.000000 0.000000     2.529783     0.456312 
59361.446054 0.000000 0.000000     2.547318     0.458968 
59361.480706 0.000000 0.000000     2.564932     0.461619 
59361.515358 0.000000 0.000000     2.582623     0.464264 
59361.550010 0.000000 0.000000     2.600388     0.466901 
59361.584662 0.000000 0.000000     2.618224     0.469532 
59361.619314 0.000000 0.000000     2.636127     0.472155 
59361.653966 0.000000 0.000000     2.654093     0.474769 
59361.688618 0.000000 0.000000     2.672121     0.477374 
59361.723270 0.000000 0.000000     0.049724     0.190530 
