# time Tc_folded Tref_folded value value_err offset model full_model val_compare val_compare_err residuals residuals_err jitter jitter_flag offset_flag subset_flag 
59332.836022 0.749160 0.223555 -1.370000 0.162000 5.752392 -2.389034 -1.843250 -1.915784 0.162000 0.473250 0.162000 0.835154  -1  -1  -1 
59332.840022 0.753160 0.224939 -2.074000 0.160000 5.752392 -2.385805 -1.843662 -2.616142 0.160000 -0.230338 0.160000 0.835154  -1  -1  -1 
59332.847022 0.760160 0.227360 -0.987000 0.162000 5.752392 -2.379641 -1.843868 -1.522772 0.162000 0.856868 0.162000 0.835154  -1  -1  -1 
59334.861022 -0.116516 0.924083 0.284000 0.170000 5.752392 0.435522 -0.535661 1.255183 0.170000 0.819661 0.170000 0.835154  -1  -1  -1 
59334.868022 -0.109516 0.926505 -0.167000 0.170000 5.752392 0.403329 -0.571476 0.807805 0.170000 0.404476 0.170000 0.835154  -1  -1  -1 
59334.872022 -0.105516 0.927888 -0.809000 0.170000 5.752392 0.384864 -0.592004 0.167869 0.170000 -0.216996 0.170000 0.835154  -1  -1  -1 
59336.947022 -0.921192 0.645714 -1.691000 0.172000 5.752392 2.098016 0.691344 -0.284328 0.172000 -2.382344 0.172000 0.835154  -1  -1  -1 
59336.958022 -0.910192 0.649519 0.141000 0.172000 5.752392 2.110763 0.705165 1.546598 0.172000 -0.564165 0.172000 0.835154  -1  -1  -1 
59336.962022 -0.906192 0.650903 1.028000 0.172000 5.752392 2.115130 0.709930 2.433200 0.172000 0.318070 0.172000 0.835154  -1  -1  -1 
59337.837022 -0.031192 0.953600 -1.373000 0.168000 5.752392 0.034164 -1.189046 -0.149790 0.168000 -0.183954 0.168000 0.835154  -1  -1  -1 
59337.844022 -0.024192 0.956022 -1.391000 0.169000 5.752392 0.000538 -1.220527 -0.169935 0.169000 -0.170473 0.169000 0.835154  -1  -1  -1 
59337.852022 -0.016192 0.958789 -1.425000 0.170000 5.752392 -0.037984 -1.256586 -0.206399 0.170000 -0.168414 0.170000 0.835154  -1  -1  -1 
59338.901022 1.032808 0.321680 -4.251000 0.172000 5.752392 -1.672151 -2.477655 -3.445496 0.172000 -1.773345 0.172000 0.835154  -1  -1  -1 
59338.908022 1.039808 0.324102 -2.152000 0.172000 5.752392 -1.643675 -2.445958 -1.349718 0.172000 0.293958 0.172000 0.835154  -1  -1  -1 
59338.912022 1.043808 0.325485 -2.065000 0.172000 5.752392 -1.627222 -2.427662 -1.264560 0.172000 0.362662 0.172000 0.835154  -1  -1  -1 
59339.831022 -0.927869 0.643404 2.413000 0.166000 5.752392 2.089751 1.735972 2.766779 0.166000 0.677028 0.166000 0.835154  -1  -1  -1 
59339.835022 -0.923869 0.644788 2.587000 0.167000 5.752392 2.094751 1.742957 2.938794 0.167000 0.844043 0.167000 0.835154  -1  -1  -1 
59339.839022 -0.919869 0.646172 2.260000 0.167000 5.752392 2.099608 1.749798 2.609810 0.167000 0.510202 0.167000 0.835154  -1  -1  -1 
59341.879022 1.120131 0.351889 -0.825000 0.171000 5.752392 -1.290557 -0.774048 -1.341509 0.171000 -0.050952 0.171000 0.835154  -1  -1  -1 
59341.883022 1.124131 0.353273 -0.282000 0.171000 5.752392 -1.271858 -0.754140 -0.799718 0.171000 0.472140 0.171000 0.835154  -1  -1  -1 
59341.886022 1.127131 0.354310 -2.256000 0.171000 5.752392 -1.257774 -0.739150 -2.774624 0.171000 -1.516850 0.171000 0.835154  -1  -1  -1 
59342.827022 -0.822545 0.679840 2.969000 0.166000 5.752392 2.173554 2.902455 2.240099 0.166000 0.066545 0.166000 0.835154  -1  -1  -1 
59342.835022 -0.814545 0.682607 3.508000 0.167000 5.752392 2.175857 2.905893 2.777964 0.167000 0.602107 0.167000 0.835154  -1  -1  -1 
59342.838022 -0.811545 0.683645 2.157000 0.168000 5.752392 2.176573 2.907031 1.426541 0.168000 -0.750031 0.168000 0.835154  -1  -1  -1 
59343.864022 0.214455 0.038579 -1.467000 0.171000 5.752392 -1.142273 -0.358096 -2.251177 0.171000 -1.108904 0.171000 0.835154  -1  -1  -1 
59343.872022 0.222455 0.041347 -0.375000 0.171000 5.752392 -1.178529 -0.394621 -1.158908 0.171000 0.019621 0.171000 0.835154  -1  -1  -1 
59343.875022 0.225455 0.042385 0.238000 0.172000 5.752392 -1.192057 -0.408252 -0.545805 0.172000 0.646252 0.172000 0.835154  -1  -1  -1 
59348.951022 -0.479897 0.798375 1.144000 0.157000 5.752392 1.778178 1.556873 1.365305 0.157000 -0.412873 0.157000 0.835154  -1  -1  -1 
59348.959022 -0.471897 0.801143 2.201000 0.157000 5.752392 1.757567 1.535556 2.423011 0.157000 0.665444 0.157000 0.835154  -1  -1  -1 
59348.970022 -0.460897 0.804948 1.220000 0.157000 5.752392 1.728455 1.505488 1.442967 0.157000 -0.285488 0.157000 0.835154  -1  -1  -1 
59351.925022 -0.396573 0.827200 2.105000 0.154000 5.752392 1.540851 1.810553 1.835297 0.154000 0.294447 0.154000 0.835154  -1  -1  -1 
59351.929022 -0.392573 0.828584 2.686000 0.154000 5.752392 1.528235 1.799653 2.414582 0.154000 0.886347 0.154000 0.835154  -1  -1  -1 
59351.933022 -0.388573 0.829968 2.909000 0.154000 5.752392 1.515512 1.788648 2.635864 0.154000 1.120352 0.154000 0.835154  -1  -1  -1 
59352.840022 0.518427 0.143735 -1.399000 0.167000 5.752392 -2.220412 -1.497429 -2.121983 0.167000 0.098429 0.167000 0.835154  -1  -1  -1 
59352.851022 0.529427 0.147540 -1.424000 0.168000 5.752392 -2.243535 -1.514447 -2.153088 0.168000 0.090447 0.168000 0.835154  -1  -1  -1 
59352.855022 0.533427 0.148924 -2.927000 0.169000 5.752392 -2.251599 -1.520287 -3.658312 0.169000 -1.406713 0.169000 0.835154  -1  -1  -1 
59354.913022 -0.299250 0.860868 3.573000 0.171000 5.752392 1.204647 3.188025 1.589622 0.171000 0.384975 0.171000 0.835154  -1  -1  -1 
59354.921022 -0.291250 0.863636 2.322000 0.171000 5.752392 1.174444 3.162566 0.333878 0.171000 -0.840566 0.171000 0.835154  -1  -1  -1 
59354.928022 -0.284250 0.866057 2.579000 0.171000 5.752392 1.147718 3.139987 0.586731 0.171000 -0.560987 0.171000 0.835154  -1  -1  -1 
59356.918022 -1.184926 0.554478 3.625000 0.169000 5.752392 1.476787 4.338665 0.763122 0.169000 -0.713665 0.169000 0.835154  -1  -1  -1 
59356.929022 -1.173926 0.558283 3.251000 0.169000 5.752392 1.514228 4.378497 0.386731 0.169000 -1.127497 0.169000 0.835154  -1  -1  -1 
59356.933022 -1.169926 0.559667 4.605000 0.169000 5.752392 1.527611 4.392742 1.739869 0.169000 0.212258 0.169000 0.835154  -1  -1  -1 
59357.975022 -0.127926 0.920136 5.077000 0.172000 5.752392 0.487654 3.416816 2.147839 0.172000 1.660184 0.172000 0.835154  -1  -1  -1 
59357.982022 -0.120926 0.922558 3.576000 0.172000 5.752392 0.455721 3.384178 0.647543 0.172000 0.191822 0.172000 0.835154  -1  -1  -1 
59357.990022 -0.112926 0.925325 3.288000 0.172000 5.752392 0.419029 3.346662 0.360366 0.172000 -0.058662 0.172000 0.835154  -1  -1  -1 
59358.889022 0.786074 0.236325 0.254000 0.170000 5.752392 -2.351170 0.353560 -2.450730 0.170000 -0.099560 0.170000 0.835154  -1  -1  -1 
59358.893022 0.790074 0.237709 -0.296000 0.170000 5.752392 -2.345987 0.357181 -2.999167 0.170000 -0.653181 0.170000 0.835154  -1  -1  -1 
59358.897022 0.794074 0.239093 0.553000 0.170000 5.752392 -2.340594 0.361005 -2.148599 0.170000 0.191995 0.170000 0.835154  -1  -1  -1 
59359.898022 -1.095602 0.585378 2.500000 0.171000 5.752392 1.753083 3.915343 0.337739 0.171000 -1.415343 0.171000 0.835154  -1  -1  -1 
59359.901022 -1.092602 0.586416 3.774000 0.171000 5.752392 1.761235 3.921472 1.613763 0.171000 -0.147472 0.171000 0.835154  -1  -1  -1 
59359.913022 -1.080602 0.590567 3.551000 0.171000 5.752392 1.793088 3.945209 1.398880 0.171000 -0.394209 0.171000 0.835154  -1  -1  -1 
