# time Tc_folded Tref_folded model model_err 
59318.211098 0.000000 0.000000    -0.722822     0.344317 
59318.265916 0.000000 0.000000    -0.723098     0.344113 
59318.320735 0.000000 0.000000    -0.723290     0.343907 
59318.375553 0.000000 0.000000    -0.723399     0.343701 
59318.430372 0.000000 0.000000    -0.723422     0.343494 
59318.485190 0.000000 0.000000    -0.723360     0.343287 
59318.540009 0.000000 0.000000    -0.723211     0.343079 
59318.594827 0.000000 0.000000    -0.722976     0.342871 
59318.649645 0.000000 0.000000    -0.722654     0.342663 
59318.704464 0.000000 0.000000    -0.722243     0.342456 
59318.759282 0.000000 0.000000    -0.721744     0.342249 
59318.814101 0.000000 0.000000    -0.721156     0.342042 
59318.868919 0.000000 0.000000    -0.720478     0.341836 
59318.923738 0.000000 0.000000    -0.719711     0.341631 
59318.978556 0.000000 0.000000    -0.718853     0.341427 
59319.033374 0.000000 0.000000    -0.717905     0.341225 
59319.088193 0.000000 0.000000    -0.716866     0.341024 
59319.143011 0.000000 0.000000    -0.715735     0.340824 
59319.197830 0.000000 0.000000    -0.714514     0.340627 
59319.252648 0.000000 0.000000    -0.713201     0.340431 
59319.307467 0.000000 0.000000    -0.711796     0.340238 
59319.362285 0.000000 0.000000    -0.710299     0.340048 
59319.417103 0.000000 0.000000    -0.708710     0.339860 
59319.471922 0.000000 0.000000    -0.707030     0.339674 
59319.526740 0.000000 0.000000    -0.705257     0.339492 
59319.581559 0.000000 0.000000    -0.703393     0.339313 
59319.636377 0.000000 0.000000    -0.701437     0.339138 
59319.691196 0.000000 0.000000    -0.699389     0.338966 
59319.746014 0.000000 0.000000    -0.697250     0.338798 
59319.800832 0.000000 0.000000    -0.695020     0.338634 
59319.855651 0.000000 0.000000    -0.692699     0.338474 
59319.910469 0.000000 0.000000    -0.690287     0.338318 
59319.965288 0.000000 0.000000    -0.687785     0.338167 
59320.020106 0.000000 0.000000    -0.685194     0.338020 
59320.074925 0.000000 0.000000    -0.682513     0.337878 
59320.129743 0.000000 0.000000    -0.679743     0.337741 
59320.184561 0.000000 0.000000    -0.676884     0.337610 
59320.239380 0.000000 0.000000    -0.673938     0.337483 
59320.294198 0.000000 0.000000    -0.670905     0.337362 
59320.349017 0.000000 0.000000    -0.667786     0.337246 
59320.403835 0.000000 0.000000    -0.664581     0.337136 
59320.458654 0.000000 0.000000    -0.661290     0.337032 
59320.513472 0.000000 0.000000    -0.657916     0.336933 
59320.568290 0.000000 0.000000    -0.654458     0.336841 
59320.623109 0.000000 0.000000    -0.650918     0.336754 
59320.677927 0.000000 0.000000    -0.647297     0.336674 
59320.732746 0.000000 0.000000    -0.643595     0.336600 
59320.787564 0.000000 0.000000    -0.639814     0.336532 
59320.842383 0.000000 0.000000    -0.635955     0.336470 
59320.897201 0.000000 0.000000    -0.632019     0.336415 
59320.952019 0.000000 0.000000    -0.628007     0.336366 
59321.006838 0.000000 0.000000    -0.623920     0.336324 
59321.061656 0.000000 0.000000    -0.619760     0.336288 
59321.116475 0.000000 0.000000    -0.615527     0.336258 
59321.171293 0.000000 0.000000    -0.611225     0.336235 
59321.226112 0.000000 0.000000    -0.606853     0.336218 
59321.280930 0.000000 0.000000    -0.602413     0.336207 
59321.335748 0.000000 0.000000    -0.597907     0.336203 
59321.390567 0.000000 0.000000    -0.593336     0.336206 
59321.445385 0.000000 0.000000    -0.588703     0.336214 
59321.500204 0.000000 0.000000    -0.584008     0.336228 
59321.555022 0.000000 0.000000    -0.579253     0.336249 
59321.609841 0.000000 0.000000    -0.574441     0.336275 
59321.664659 0.000000 0.000000    -0.569573     0.336307 
59321.719477 0.000000 0.000000    -0.564650     0.336345 
59321.774296 0.000000 0.000000    -0.559675     0.336389 
59321.829114 0.000000 0.000000    -0.554650     0.336437 
59321.883933 0.000000 0.000000    -0.549576     0.336491 
59321.938751 0.000000 0.000000    -0.544456     0.336550 
59321.993569 0.000000 0.000000    -0.539292     0.336614 
59322.048388 0.000000 0.000000    -0.534085     0.336683 
59322.103206 0.000000 0.000000    -0.528838     0.336756 
59322.158025 0.000000 0.000000    -0.523554     0.336833 
59322.212843 0.000000 0.000000    -0.518234     0.336914 
59322.267662 0.000000 0.000000    -0.512880     0.336999 
59322.322480 0.000000 0.000000    -0.507495     0.337087 
59322.377298 0.000000 0.000000    -0.502082     0.337179 
59322.432117 0.000000 0.000000    -0.496642     0.337273 
59322.486935 0.000000 0.000000    -0.491179     0.337370 
59322.541754 0.000000 0.000000    -0.485694     0.337470 
59322.596572 0.000000 0.000000    -0.480190     0.337572 
59322.651391 0.000000 0.000000    -0.474669     0.337675 
59322.706209 0.000000 0.000000    -0.469135     0.337780 
59322.761027 0.000000 0.000000    -0.463589     0.337886 
59322.815846 0.000000 0.000000    -0.458035     0.337992 
59322.870664 0.000000 0.000000    -0.452474     0.338099 
59322.925483 0.000000 0.000000    -0.446910     0.338206 
59322.980301 0.000000 0.000000    -0.441345     0.338313 
59323.035120 0.000000 0.000000    -0.435783     0.338419 
59323.089938 0.000000 0.000000    -0.430225     0.338524 
59323.144756 0.000000 0.000000    -0.424675     0.338628 
59323.199575 0.000000 0.000000    -0.419135     0.338730 
59323.254393 0.000000 0.000000    -0.413608     0.338829 
59323.309212 0.000000 0.000000    -0.408097     0.338926 
59323.364030 0.000000 0.000000    -0.402605     0.339020 
59323.418849 0.000000 0.000000    -0.397135     0.339111 
59323.473667 0.000000 0.000000    -0.391689     0.339197 
59323.528485 0.000000 0.000000    -0.386271     0.339280 
59323.583304 0.000000 0.000000    -0.380883     0.339358 
59323.638122 0.000000 0.000000    -0.375528     0.339431 
59323.692941 0.000000 0.000000    -0.370210     0.339498 
59323.747759 0.000000 0.000000    -0.364930     0.339559 
59323.802578 0.000000 0.000000    -0.359693     0.339614 
59323.857396 0.000000 0.000000    -0.354501     0.339663 
59323.912214 0.000000 0.000000    -0.349356     0.339704 
59323.967033 0.000000 0.000000    -0.344263     0.339738 
59324.021851 0.000000 0.000000    -0.339223     0.339763 
59324.076670 0.000000 0.000000    -0.334240     0.339780 
59324.131488 0.000000 0.000000    -0.329317     0.339788 
59324.186307 0.000000 0.000000    -0.324456     0.339787 
59324.241125 0.000000 0.000000    -0.319661     0.339776 
59324.295943 0.000000 0.000000    -0.314934     0.339755 
59324.350762 0.000000 0.000000    -0.310279     0.339724 
59324.405580 0.000000 0.000000    -0.305698     0.339681 
59324.460399 0.000000 0.000000    -0.301194     0.339627 
59324.515217 0.000000 0.000000    -0.296769     0.339561 
59324.570036 0.000000 0.000000    -0.292428     0.339483 
59324.624854 0.000000 0.000000    -0.288172     0.339392 
59324.679672 0.000000 0.000000    -0.284004     0.339289 
59324.734491 0.000000 0.000000    -0.279927     0.339171 
59324.789309 0.000000 0.000000    -0.275944     0.339040 
59324.844128 0.000000 0.000000    -0.272058     0.338894 
59324.898946 0.000000 0.000000    -0.268270     0.338734 
59324.953765 0.000000 0.000000    -0.264584     0.338559 
59325.008583 0.000000 0.000000    -0.261003     0.338368 
59325.063401 0.000000 0.000000    -0.257529     0.338161 
59325.118220 0.000000 0.000000    -0.254164     0.337938 
59325.173038 0.000000 0.000000    -0.250911     0.337699 
59325.227857 0.000000 0.000000    -0.247772     0.337443 
59325.282675 0.000000 0.000000    -0.244750     0.337169 
59325.337494 0.000000 0.000000    -0.241847     0.336877 
59325.392312 0.000000 0.000000    -0.239066     0.336568 
59325.447130 0.000000 0.000000    -0.236408     0.336240 
59325.501949 0.000000 0.000000    -0.233876     0.335894 
59325.556767 0.000000 0.000000    -0.231473     0.335528 
59325.611586 0.000000 0.000000    -0.229199     0.335143 
59325.666404 0.000000 0.000000    -0.227057     0.334738 
59325.721223 0.000000 0.000000    -0.225050     0.334314 
59325.776041 0.000000 0.000000    -0.223178     0.333869 
59325.830859 0.000000 0.000000    -0.221445     0.333403 
59325.885678 0.000000 0.000000    -0.219851     0.332916 
59325.940496 0.000000 0.000000    -0.218398     0.332409 
59325.995315 0.000000 0.000000    -0.217089     0.331880 
59326.050133 0.000000 0.000000    -0.215924     0.331329 
59326.104952 0.000000 0.000000    -0.214906     0.330756 
59326.159770 0.000000 0.000000    -0.214035     0.330161 
59326.214588 0.000000 0.000000    -0.213313     0.329543 
59326.269407 0.000000 0.000000    -0.212742     0.328903 
59326.324225 0.000000 0.000000    -0.212322     0.328240 
59326.379044 0.000000 0.000000    -0.212055     0.327554 
59326.433862 0.000000 0.000000    -0.211942     0.326844 
59326.488681 0.000000 0.000000    -0.211984     0.326111 
59326.543499 0.000000 0.000000    -0.212181     0.325354 
59326.598317 0.000000 0.000000    -0.212535     0.324574 
59326.653136 0.000000 0.000000    -0.213047     0.323769 
59326.707954 0.000000 0.000000    -0.213717     0.322940 
59326.762773 0.000000 0.000000    -0.214545     0.322087 
59326.817591 0.000000 0.000000    -0.215532     0.321209 
59326.872410 0.000000 0.000000    -0.216680     0.320306 
59326.927228 0.000000 0.000000    -0.217987     0.319379 
59326.982046 0.000000 0.000000    -0.219454     0.318428 
59327.036865 0.000000 0.000000    -0.221082     0.317451 
59327.091683 0.000000 0.000000    -0.222870     0.316449 
59327.146502 0.000000 0.000000    -0.224819     0.315423 
59327.201320 0.000000 0.000000    -0.226928     0.314371 
59327.256139 0.000000 0.000000    -0.229197     0.313295 
59327.310957 0.000000 0.000000    -0.231626     0.312193 
59327.365775 0.000000 0.000000    -0.234215     0.311066 
59327.420594 0.000000 0.000000    -0.236963     0.309914 
59327.475412 0.000000 0.000000    -0.239869     0.308737 
59327.530231 0.000000 0.000000    -0.242933     0.307536 
59327.585049 0.000000 0.000000    -0.246155     0.306309 
59327.639868 0.000000 0.000000    -0.249533     0.305057 
59327.694686 0.000000 0.000000    -0.253066     0.303781 
59327.749504 0.000000 0.000000    -0.256754     0.302480 
59327.804323 0.000000 0.000000    -0.260595     0.301155 
59327.859141 0.000000 0.000000    -0.264589     0.299805 
59327.913960 0.000000 0.000000    -0.268733     0.298431 
59327.968778 0.000000 0.000000    -0.273027     0.297033 
59328.023597 0.000000 0.000000    -0.277469     0.295612 
59328.078415 0.000000 0.000000    -0.282058     0.294166 
59328.133233 0.000000 0.000000    -0.286792     0.292698 
59328.188052 0.000000 0.000000    -0.291669     0.291207 
59328.242870 0.000000 0.000000    -0.296687     0.289693 
59328.297689 0.000000 0.000000    -0.301845     0.288156 
59328.352507 0.000000 0.000000    -0.307141     0.286598 
59328.407326 0.000000 0.000000    -0.312572     0.285018 
59328.462144 0.000000 0.000000    -0.318137     0.283416 
59328.516962 0.000000 0.000000    -0.323833     0.281794 
59328.571781 0.000000 0.000000    -0.329658     0.280152 
59328.626599 0.000000 0.000000    -0.335610     0.278490 
59328.681418 0.000000 0.000000    -0.341686     0.276808 
59328.736236 0.000000 0.000000    -0.347883     0.275108 
59328.791054 0.000000 0.000000    -0.354200     0.273390 
59328.845873 0.000000 0.000000    -0.360632     0.271654 
59328.900691 0.000000 0.000000    -0.367179     0.269901 
59328.955510 0.000000 0.000000    -0.373836     0.268132 
59329.010328 0.000000 0.000000    -0.380601     0.266348 
59329.065147 0.000000 0.000000    -0.387471     0.264549 
59329.119965 0.000000 0.000000    -0.394443     0.262737 
59329.174783 0.000000 0.000000    -0.401513     0.260912 
59329.229602 0.000000 0.000000    -0.408680     0.259074 
59329.284420 0.000000 0.000000    -0.415939     0.257226 
59329.339239 0.000000 0.000000    -0.423286     0.255368 
59329.394057 0.000000 0.000000    -0.430720     0.253501 
59329.448876 0.000000 0.000000    -0.438237     0.251626 
59329.503694 0.000000 0.000000    -0.445832     0.249745 
59329.558512 0.000000 0.000000    -0.453503     0.247858 
59329.613331 0.000000 0.000000    -0.461246     0.245968 
59329.668149 0.000000 0.000000    -0.469057     0.244075 
59329.722968 0.000000 0.000000    -0.476933     0.242181 
59329.777786 0.000000 0.000000    -0.484870     0.240287 
59329.832605 0.000000 0.000000    -0.492865     0.238395 
59329.887423 0.000000 0.000000    -0.500913     0.236507 
59329.942241 0.000000 0.000000    -0.509012     0.234623 
59329.997060 0.000000 0.000000    -0.517156     0.232747 
59330.051878 0.000000 0.000000    -0.525342     0.230880 
59330.106697 0.000000 0.000000    -0.533567     0.229023 
59330.161515 0.000000 0.000000    -0.541827     0.227179 
59330.216334 0.000000 0.000000    -0.550117     0.225349 
59330.271152 0.000000 0.000000    -0.558433     0.223536 
59330.325970 0.000000 0.000000    -0.566772     0.221742 
59330.380789 0.000000 0.000000    -0.575130     0.219969 
59330.435607 0.000000 0.000000    -0.583503     0.218218 
59330.490426 0.000000 0.000000    -0.591886     0.216494 
59330.545244 0.000000 0.000000    -0.600276     0.214796 
59330.600063 0.000000 0.000000    -0.608668     0.213129 
59330.654881 0.000000 0.000000    -0.617059     0.211494 
59330.709699 0.000000 0.000000    -0.625445     0.209893 
59330.764518 0.000000 0.000000    -0.633821     0.208329 
59330.819336 0.000000 0.000000    -0.642184     0.206803 
59330.874155 0.000000 0.000000    -0.650529     0.205319 
59330.928973 0.000000 0.000000    -0.658853     0.203877 
59330.983792 0.000000 0.000000    -0.667152     0.202481 
59331.038610 0.000000 0.000000    -0.675421     0.201132 
59331.093428 0.000000 0.000000    -0.683657     0.199831 
59331.148247 0.000000 0.000000    -0.691855     0.198580 
59331.203065 0.000000 0.000000    -0.700013     0.197382 
59331.257884 0.000000 0.000000    -0.708125     0.196236 
59331.312702 0.000000 0.000000    -0.716188     0.195145 
59331.367521 0.000000 0.000000    -0.724199     0.194109 
59331.422339 0.000000 0.000000    -0.732153     0.193129 
59331.477157 0.000000 0.000000    -0.740047     0.192204 
59331.531976 0.000000 0.000000    -0.747876     0.191336 
59331.586794 0.000000 0.000000    -0.755638     0.190525 
59331.641613 0.000000 0.000000    -0.763329     0.189769 
59331.696431 0.000000 0.000000    -0.770945     0.189069 
59331.751250 0.000000 0.000000    -0.778482     0.188424 
59331.806068 0.000000 0.000000    -0.785937     0.187832 
59331.860886 0.000000 0.000000    -0.793307     0.187292 
59331.915705 0.000000 0.000000    -0.800588     0.186804 
59331.970523 0.000000 0.000000    -0.807777     0.186364 
59332.025342 0.000000 0.000000    -0.814871     0.185972 
59332.080160 0.000000 0.000000    -0.821865     0.185625 
59332.134979 0.000000 0.000000    -0.828758     0.185321 
59332.189797 0.000000 0.000000    -0.835547     0.185058 
59332.244615 0.000000 0.000000    -0.842227     0.184833 
59332.299434 0.000000 0.000000    -0.848796     0.184644 
59332.354252 0.000000 0.000000    -0.855251     0.184488 
59332.409071 0.000000 0.000000    -0.861590     0.184362 
59332.463889 0.000000 0.000000    -0.867810     0.184264 
59332.518708 0.000000 0.000000    -0.873907     0.184192 
59332.573526 0.000000 0.000000    -0.879880     0.184142 
59332.628344 0.000000 0.000000    -0.885726     0.184111 
59332.683163 0.000000 0.000000    -0.891442     0.184099 
59332.737981 0.000000 0.000000    -0.897026     0.184100 
59332.792800 0.000000 0.000000    -0.902476     0.184115 
59332.847618 0.000000 0.000000    -0.907789     0.184139 
59332.902437 0.000000 0.000000    -0.912964     0.184171 
59332.957255 0.000000 0.000000    -0.917999     0.184208 
59333.012073 0.000000 0.000000    -0.922891     0.184249 
59333.066892 0.000000 0.000000    -0.927638     0.184291 
59333.121710 0.000000 0.000000    -0.932240     0.184332 
59333.176529 0.000000 0.000000    -0.936694     0.184371 
59333.231347 0.000000 0.000000    -0.940999     0.184406 
59333.286166 0.000000 0.000000    -0.945152     0.184435 
59333.340984 0.000000 0.000000    -0.949154     0.184457 
59333.395802 0.000000 0.000000    -0.953002     0.184471 
59333.450621 0.000000 0.000000    -0.956695     0.184475 
59333.505439 0.000000 0.000000    -0.960233     0.184468 
59333.560258 0.000000 0.000000    -0.963614     0.184448 
59333.615076 0.000000 0.000000    -0.966837     0.184416 
59333.669895 0.000000 0.000000    -0.969901     0.184370 
59333.724713 0.000000 0.000000    -0.972807     0.184310 
59333.779531 0.000000 0.000000    -0.975552     0.184234 
59333.834350 0.000000 0.000000    -0.978137     0.184142 
59333.889168 0.000000 0.000000    -0.980561     0.184035 
59333.943987 0.000000 0.000000    -0.982824     0.183910 
59333.998805 0.000000 0.000000    -0.984926     0.183768 
59334.053624 0.000000 0.000000    -0.986866     0.183609 
59334.108442 0.000000 0.000000    -0.988644     0.183433 
59334.163260 0.000000 0.000000    -0.990261     0.183239 
59334.218079 0.000000 0.000000    -0.991716     0.183027 
59334.272897 0.000000 0.000000    -0.993010     0.182798 
59334.327716 0.000000 0.000000    -0.994143     0.182552 
59334.382534 0.000000 0.000000    -0.995116     0.182288 
59334.437353 0.000000 0.000000    -0.995928     0.182008 
59334.492171 0.000000 0.000000    -0.996582     0.181711 
59334.546989 0.000000 0.000000    -0.997077     0.181397 
59334.601808 0.000000 0.000000    -0.997414     0.181068 
59334.656626 0.000000 0.000000    -0.997594     0.180723 
59334.711445 0.000000 0.000000    -0.997618     0.180364 
59334.766263 0.000000 0.000000    -0.997487     0.179990 
59334.821082 0.000000 0.000000    -0.997202     0.179603 
59334.875900 0.000000 0.000000    -0.996765     0.179203 
59334.930718 0.000000 0.000000    -0.996177     0.178791 
59334.985537 0.000000 0.000000    -0.995439     0.178368 
59335.040355 0.000000 0.000000    -0.994553     0.177934 
59335.095174 0.000000 0.000000    -0.993520     0.177490 
59335.149992 0.000000 0.000000    -0.992341     0.177038 
59335.204811 0.000000 0.000000    -0.991020     0.176578 
59335.259629 0.000000 0.000000    -0.989557     0.176111 
59335.314447 0.000000 0.000000    -0.987954     0.175638 
59335.369266 0.000000 0.000000    -0.986214     0.175161 
59335.424084 0.000000 0.000000    -0.984338     0.174680 
59335.478903 0.000000 0.000000    -0.982328     0.174196 
59335.533721 0.000000 0.000000    -0.980187     0.173711 
59335.588540 0.000000 0.000000    -0.977916     0.173225 
59335.643358 0.000000 0.000000    -0.975519     0.172740 
59335.698176 0.000000 0.000000    -0.972997     0.172257 
59335.752995 0.000000 0.000000    -0.970354     0.171777 
59335.807813 0.000000 0.000000    -0.967590     0.171301 
59335.862632 0.000000 0.000000    -0.964710     0.170831 
59335.917450 0.000000 0.000000    -0.961715     0.170366 
59335.972268 0.000000 0.000000    -0.958608     0.169909 
59336.027087 0.000000 0.000000    -0.955392     0.169461 
59336.081905 0.000000 0.000000    -0.952070     0.169022 
59336.136724 0.000000 0.000000    -0.948644     0.168594 
59336.191542 0.000000 0.000000    -0.945117     0.168177 
59336.246361 0.000000 0.000000    -0.941493     0.167772 
59336.301179 0.000000 0.000000    -0.937773     0.167381 
59336.355997 0.000000 0.000000    -0.933962     0.167004 
59336.410816 0.000000 0.000000    -0.930062     0.166642 
59336.465634 0.000000 0.000000    -0.926076     0.166295 
59336.520453 0.000000 0.000000    -0.922007     0.165965 
59336.575271 0.000000 0.000000    -0.917858     0.165651 
59336.630090 0.000000 0.000000    -0.913633     0.165355 
59336.684908 0.000000 0.000000    -0.909334     0.165076 
59336.739726 0.000000 0.000000    -0.904965     0.164815 
59336.794545 0.000000 0.000000    -0.900529     0.164573 
59336.849363 0.000000 0.000000    -0.896030     0.164349 
59336.904182 0.000000 0.000000    -0.891469     0.164143 
59336.959000 0.000000 0.000000    -0.886852     0.163956 
59337.013819 0.000000 0.000000    -0.882180     0.163788 
59337.068637 0.000000 0.000000    -0.877458     0.163637 
59337.123455 0.000000 0.000000    -0.872688     0.163505 
59337.178274 0.000000 0.000000    -0.867874     0.163391 
59337.233092 0.000000 0.000000    -0.863018     0.163294 
59337.287911 0.000000 0.000000    -0.858126     0.163214 
59337.342729 0.000000 0.000000    -0.853199     0.163150 
59337.397548 0.000000 0.000000    -0.848241     0.163103 
59337.452366 0.000000 0.000000    -0.843255     0.163071 
59337.507184 0.000000 0.000000    -0.838245     0.163053 
59337.562003 0.000000 0.000000    -0.833213     0.163049 
59337.616821 0.000000 0.000000    -0.828164     0.163059 
59337.671640 0.000000 0.000000    -0.823100     0.163081 
59337.726458 0.000000 0.000000    -0.818024     0.163115 
59337.781277 0.000000 0.000000    -0.812940     0.163160 
59337.836095 0.000000 0.000000    -0.807851     0.163215 
59337.890913 0.000000 0.000000    -0.802761     0.163279 
59337.945732 0.000000 0.000000    -0.797671     0.163352 
59338.000550 0.000000 0.000000    -0.792586     0.163432 
59338.055369 0.000000 0.000000    -0.787508     0.163519 
59338.110187 0.000000 0.000000    -0.782441     0.163612 
59338.165006 0.000000 0.000000    -0.777387     0.163710 
59338.219824 0.000000 0.000000    -0.772350     0.163813 
59338.274642 0.000000 0.000000    -0.767333     0.163919 
59338.329461 0.000000 0.000000    -0.762338     0.164028 
59338.384279 0.000000 0.000000    -0.757368     0.164140 
59338.439098 0.000000 0.000000    -0.752426     0.164253 
59338.493916 0.000000 0.000000    -0.747516     0.164367 
59338.548735 0.000000 0.000000    -0.742639     0.164481 
59338.603553 0.000000 0.000000    -0.737799     0.164595 
59338.658371 0.000000 0.000000    -0.732997     0.164709 
59338.713190 0.000000 0.000000    -0.728238     0.164822 
59338.768008 0.000000 0.000000    -0.723523     0.164933 
59338.822827 0.000000 0.000000    -0.718855     0.165042 
59338.877645 0.000000 0.000000    -0.714237     0.165149 
59338.932464 0.000000 0.000000    -0.709670     0.165253 
59338.987282 0.000000 0.000000    -0.705157     0.165354 
59339.042100 0.000000 0.000000    -0.700701     0.165453 
59339.096919 0.000000 0.000000    -0.696304     0.165548 
59339.151737 0.000000 0.000000    -0.691968     0.165640 
59339.206556 0.000000 0.000000    -0.687695     0.165729 
59339.261374 0.000000 0.000000    -0.683488     0.165815 
59339.316193 0.000000 0.000000    -0.679348     0.165897 
59339.371011 0.000000 0.000000    -0.675277     0.165976 
59339.425829 0.000000 0.000000    -0.671277     0.166052 
59339.480648 0.000000 0.000000    -0.667350     0.166125 
59339.535466 0.000000 0.000000    -0.663499     0.166195 
59339.590285 0.000000 0.000000    -0.659723     0.166263 
59339.645103 0.000000 0.000000    -0.656027     0.166329 
59339.699922 0.000000 0.000000    -0.652410     0.166392 
59339.754740 0.000000 0.000000    -0.648874     0.166454 
59339.809558 0.000000 0.000000    -0.645422     0.166514 
59339.864377 0.000000 0.000000    -0.642053     0.166573 
59339.919195 0.000000 0.000000    -0.638771     0.166632 
59339.974014 0.000000 0.000000    -0.635575     0.166691 
59340.028832 0.000000 0.000000    -0.632468     0.166750 
59340.083651 0.000000 0.000000    -0.629449     0.166810 
59340.138469 0.000000 0.000000    -0.626522     0.166872 
59340.193287 0.000000 0.000000    -0.623685     0.166935 
59340.248106 0.000000 0.000000    -0.620941     0.167000 
59340.302924 0.000000 0.000000    -0.618291     0.167068 
59340.357743 0.000000 0.000000    -0.615734     0.167140 
59340.412561 0.000000 0.000000    -0.613272     0.167216 
59340.467380 0.000000 0.000000    -0.610906     0.167295 
59340.522198 0.000000 0.000000    -0.608635     0.167380 
59340.577016 0.000000 0.000000    -0.606462     0.167471 
59340.631835 0.000000 0.000000    -0.604385     0.167567 
59340.686653 0.000000 0.000000    -0.602407     0.167669 
59340.741472 0.000000 0.000000    -0.600526     0.167779 
59340.796290 0.000000 0.000000    -0.598743     0.167896 
59340.851109 0.000000 0.000000    -0.597059     0.168020 
59340.905927 0.000000 0.000000    -0.595473     0.168153 
59340.960745 0.000000 0.000000    -0.593987     0.168295 
59341.015564 0.000000 0.000000    -0.592599     0.168445 
59341.070382 0.000000 0.000000    -0.591309     0.168605 
59341.125201 0.000000 0.000000    -0.590119     0.168774 
59341.180019 0.000000 0.000000    -0.589027     0.168953 
59341.234838 0.000000 0.000000    -0.588033     0.169142 
59341.289656 0.000000 0.000000    -0.587137     0.169341 
59341.344474 0.000000 0.000000    -0.586340     0.169550 
59341.399293 0.000000 0.000000    -0.585639     0.169770 
59341.454111 0.000000 0.000000    -0.585036     0.170000 
59341.508930 0.000000 0.000000    -0.584529     0.170241 
59341.563748 0.000000 0.000000    -0.584117     0.170492 
59341.618567 0.000000 0.000000    -0.583802     0.170754 
59341.673385 0.000000 0.000000    -0.583581     0.171026 
59341.728203 0.000000 0.000000    -0.583453     0.171308 
59341.783022 0.000000 0.000000    -0.583419     0.171600 
59341.837840 0.000000 0.000000    -0.583478     0.171902 
59341.892659 0.000000 0.000000    -0.583628     0.172213 
59341.947477 0.000000 0.000000    -0.583868     0.172533 
59342.002296 0.000000 0.000000    -0.584198     0.172863 
59342.057114 0.000000 0.000000    -0.584617     0.173200 
59342.111932 0.000000 0.000000    -0.585124     0.173546 
59342.166751 0.000000 0.000000    -0.585717     0.173900 
59342.221569 0.000000 0.000000    -0.586395     0.174261 
59342.276388 0.000000 0.000000    -0.587158     0.174628 
59342.331206 0.000000 0.000000    -0.588004     0.175002 
59342.386025 0.000000 0.000000    -0.588931     0.175381 
59342.440843 0.000000 0.000000    -0.589939     0.175766 
59342.495661 0.000000 0.000000    -0.591026     0.176156 
59342.550480 0.000000 0.000000    -0.592191     0.176549 
59342.605298 0.000000 0.000000    -0.593432     0.176946 
59342.660117 0.000000 0.000000    -0.594748     0.177346 
59342.714935 0.000000 0.000000    -0.596137     0.177749 
59342.769753 0.000000 0.000000    -0.597599     0.178153 
59342.824572 0.000000 0.000000    -0.599130     0.178559 
59342.879390 0.000000 0.000000    -0.600731     0.178965 
59342.934209 0.000000 0.000000    -0.602398     0.179371 
59342.989027 0.000000 0.000000    -0.604132     0.179777 
59343.043846 0.000000 0.000000    -0.605929     0.180181 
59343.098664 0.000000 0.000000    -0.607788     0.180584 
59343.153482 0.000000 0.000000    -0.609708     0.180985 
59343.208301 0.000000 0.000000    -0.611687     0.181383 
59343.263119 0.000000 0.000000    -0.613723     0.181777 
59343.317938 0.000000 0.000000    -0.615814     0.182168 
59343.372756 0.000000 0.000000    -0.617958     0.182554 
59343.427575 0.000000 0.000000    -0.620154     0.182936 
59343.482393 0.000000 0.000000    -0.622400     0.183312 
59343.537211 0.000000 0.000000    -0.624694     0.183682 
59343.592030 0.000000 0.000000    -0.627035     0.184046 
59343.646848 0.000000 0.000000    -0.629419     0.184403 
59343.701667 0.000000 0.000000    -0.631846     0.184753 
59343.756485 0.000000 0.000000    -0.634313     0.185096 
59343.811304 0.000000 0.000000    -0.636819     0.185430 
59343.866122 0.000000 0.000000    -0.639362     0.185757 
59343.920940 0.000000 0.000000    -0.641939     0.186074 
59343.975759 0.000000 0.000000    -0.644549     0.186383 
59344.030577 0.000000 0.000000    -0.647190     0.186682 
59344.085396 0.000000 0.000000    -0.649859     0.186971 
59344.140214 0.000000 0.000000    -0.652556     0.187251 
59344.195033 0.000000 0.000000    -0.655277     0.187520 
59344.249851 0.000000 0.000000    -0.658022     0.187779 
59344.304669 0.000000 0.000000    -0.660787     0.188028 
59344.359488 0.000000 0.000000    -0.663571     0.188265 
59344.414306 0.000000 0.000000    -0.666373     0.188491 
59344.469125 0.000000 0.000000    -0.669189     0.188707 
59344.523943 0.000000 0.000000    -0.672018     0.188910 
59344.578762 0.000000 0.000000    -0.674859     0.189103 
59344.633580 0.000000 0.000000    -0.677709     0.189283 
59344.688398 0.000000 0.000000    -0.680565     0.189452 
59344.743217 0.000000 0.000000    -0.683427     0.189609 
59344.798035 0.000000 0.000000    -0.686293     0.189754 
59344.852854 0.000000 0.000000    -0.689159     0.189887 
59344.907672 0.000000 0.000000    -0.692025     0.190009 
59344.962491 0.000000 0.000000    -0.694888     0.190118 
59345.017309 0.000000 0.000000    -0.697746     0.190215 
59345.072127 0.000000 0.000000    -0.700598     0.190300 
59345.126946 0.000000 0.000000    -0.703441     0.190373 
59345.181764 0.000000 0.000000    -0.706274     0.190434 
59345.236583 0.000000 0.000000    -0.709095     0.190483 
59345.291401 0.000000 0.000000    -0.711902     0.190520 
59345.346220 0.000000 0.000000    -0.714692     0.190546 
59345.401038 0.000000 0.000000    -0.717465     0.190559 
59345.455856 0.000000 0.000000    -0.720218     0.190561 
59345.510675 0.000000 0.000000    -0.722949     0.190552 
59345.565493 0.000000 0.000000    -0.725657     0.190531 
59345.620312 0.000000 0.000000    -0.728340     0.190499 
59345.675130 0.000000 0.000000    -0.730995     0.190456 
59345.729949 0.000000 0.000000    -0.733622     0.190402 
59345.784767 0.000000 0.000000    -0.736218     0.190337 
59345.839585 0.000000 0.000000    -0.738781     0.190261 
59345.894404 0.000000 0.000000    -0.741311     0.190175 
59345.949222 0.000000 0.000000    -0.743804     0.190079 
59346.004041 0.000000 0.000000    -0.746260     0.189973 
59346.058859 0.000000 0.000000    -0.748677     0.189857 
59346.113678 0.000000 0.000000    -0.751053     0.189731 
59346.168496 0.000000 0.000000    -0.753386     0.189596 
59346.223314 0.000000 0.000000    -0.755676     0.189452 
59346.278133 0.000000 0.000000    -0.757919     0.189299 
59346.332951 0.000000 0.000000    -0.760115     0.189138 
59346.387770 0.000000 0.000000    -0.762262     0.188968 
59346.442588 0.000000 0.000000    -0.764358     0.188790 
59346.497407 0.000000 0.000000    -0.766403     0.188605 
59346.552225 0.000000 0.000000    -0.768394     0.188412 
59346.607043 0.000000 0.000000    -0.770330     0.188212 
59346.661862 0.000000 0.000000    -0.772210     0.188005 
59346.716680 0.000000 0.000000    -0.774031     0.187791 
59346.771499 0.000000 0.000000    -0.775794     0.187572 
59346.826317 0.000000 0.000000    -0.777495     0.187346 
59346.881136 0.000000 0.000000    -0.779135     0.187115 
59346.935954 0.000000 0.000000    -0.780711     0.186878 
59346.990772 0.000000 0.000000    -0.782223     0.186637 
59347.045591 0.000000 0.000000    -0.783668     0.186391 
59347.100409 0.000000 0.000000    -0.785047     0.186142 
59347.155228 0.000000 0.000000    -0.786356     0.185888 
59347.210046 0.000000 0.000000    -0.787597     0.185631 
59347.264865 0.000000 0.000000    -0.788766     0.185371 
59347.319683 0.000000 0.000000    -0.789863     0.185108 
59347.374501 0.000000 0.000000    -0.790888     0.184843 
59347.429320 0.000000 0.000000    -0.791838     0.184576 
59347.484138 0.000000 0.000000    -0.792712     0.184307 
59347.538957 0.000000 0.000000    -0.793511     0.184038 
59347.593775 0.000000 0.000000    -0.794232     0.183768 
59347.648594 0.000000 0.000000    -0.794875     0.183497 
59347.703412 0.000000 0.000000    -0.795439     0.183227 
59347.758230 0.000000 0.000000    -0.795922     0.182957 
59347.813049 0.000000 0.000000    -0.796325     0.182688 
59347.867867 0.000000 0.000000    -0.796645     0.182420 
59347.922686 0.000000 0.000000    -0.796883     0.182155 
59347.977504 0.000000 0.000000    -0.797038     0.181891 
59348.032323 0.000000 0.000000    -0.797108     0.181630 
59348.087141 0.000000 0.000000    -0.797093     0.181372 
59348.141959 0.000000 0.000000    -0.796993     0.181118 
59348.196778 0.000000 0.000000    -0.796806     0.180867 
59348.251596 0.000000 0.000000    -0.796533     0.180621 
59348.306415 0.000000 0.000000    -0.796172     0.180379 
59348.361233 0.000000 0.000000    -0.795723     0.180143 
59348.416052 0.000000 0.000000    -0.795185     0.179912 
59348.470870 0.000000 0.000000    -0.794559     0.179687 
59348.525688 0.000000 0.000000    -0.793843     0.179468 
59348.580507 0.000000 0.000000    -0.793037     0.179257 
59348.635325 0.000000 0.000000    -0.792141     0.179052 
59348.690144 0.000000 0.000000    -0.791154     0.178855 
59348.744962 0.000000 0.000000    -0.790077     0.178666 
59348.799781 0.000000 0.000000    -0.788908     0.178485 
59348.854599 0.000000 0.000000    -0.787649     0.178312 
59348.909417 0.000000 0.000000    -0.786298     0.178149 
59348.964236 0.000000 0.000000    -0.784855     0.177995 
59349.019054 0.000000 0.000000    -0.783320     0.177851 
59349.073873 0.000000 0.000000    -0.781694     0.177717 
59349.128691 0.000000 0.000000    -0.779977     0.177593 
59349.183510 0.000000 0.000000    -0.778167     0.177479 
59349.238328 0.000000 0.000000    -0.776266     0.177376 
59349.293146 0.000000 0.000000    -0.774274     0.177285 
59349.347965 0.000000 0.000000    -0.772190     0.177205 
59349.402783 0.000000 0.000000    -0.770015     0.177136 
59349.457602 0.000000 0.000000    -0.767749     0.177079 
59349.512420 0.000000 0.000000    -0.765393     0.177034 
59349.567239 0.000000 0.000000    -0.762946     0.177001 
59349.622057 0.000000 0.000000    -0.760410     0.176980 
59349.676875 0.000000 0.000000    -0.757784     0.176972 
59349.731694 0.000000 0.000000    -0.755069     0.176976 
59349.786512 0.000000 0.000000    -0.752266     0.176993 
59349.841331 0.000000 0.000000    -0.749375     0.177022 
59349.896149 0.000000 0.000000    -0.746396     0.177064 
59349.950967 0.000000 0.000000    -0.743331     0.177118 
59350.005786 0.000000 0.000000    -0.740180     0.177185 
59350.060604 0.000000 0.000000    -0.736944     0.177265 
59350.115423 0.000000 0.000000    -0.733624     0.177357 
59350.170241 0.000000 0.000000    -0.730219     0.177461 
59350.225060 0.000000 0.000000    -0.726733     0.177577 
59350.279878 0.000000 0.000000    -0.723164     0.177706 
59350.334696 0.000000 0.000000    -0.719515     0.177847 
59350.389515 0.000000 0.000000    -0.715786     0.177999 
59350.444333 0.000000 0.000000    -0.711978     0.178163 
59350.499152 0.000000 0.000000    -0.708093     0.178338 
59350.553970 0.000000 0.000000    -0.704132     0.178525 
59350.608789 0.000000 0.000000    -0.700095     0.178722 
59350.663607 0.000000 0.000000    -0.695985     0.178930 
59350.718425 0.000000 0.000000    -0.691802     0.179148 
59350.773244 0.000000 0.000000    -0.687547     0.179375 
59350.828062 0.000000 0.000000    -0.683223     0.179612 
59350.882881 0.000000 0.000000    -0.678831     0.179859 
59350.937699 0.000000 0.000000    -0.674371     0.180114 
59350.992518 0.000000 0.000000    -0.669847     0.180377 
59351.047336 0.000000 0.000000    -0.665259     0.180649 
59351.102154 0.000000 0.000000    -0.660608     0.180928 
59351.156973 0.000000 0.000000    -0.655897     0.181214 
59351.211791 0.000000 0.000000    -0.651128     0.181506 
59351.266610 0.000000 0.000000    -0.646302     0.181805 
59351.321428 0.000000 0.000000    -0.641420     0.182109 
59351.376247 0.000000 0.000000    -0.636486     0.182418 
59351.431065 0.000000 0.000000    -0.631500     0.182733 
59351.485883 0.000000 0.000000    -0.626465     0.183051 
59351.540702 0.000000 0.000000    -0.621382     0.183373 
59351.595520 0.000000 0.000000    -0.616255     0.183698 
59351.650339 0.000000 0.000000    -0.611084     0.184026 
59351.705157 0.000000 0.000000    -0.605872     0.184355 
59351.759976 0.000000 0.000000    -0.600621     0.184687 
59351.814794 0.000000 0.000000    -0.595333     0.185019 
59351.869612 0.000000 0.000000    -0.590011     0.185352 
59351.924431 0.000000 0.000000    -0.584657     0.185685 
59351.979249 0.000000 0.000000    -0.579273     0.186017 
59352.034068 0.000000 0.000000    -0.573861     0.186348 
59352.088886 0.000000 0.000000    -0.568424     0.186677 
59352.143705 0.000000 0.000000    -0.562965     0.187004 
59352.198523 0.000000 0.000000    -0.557486     0.187328 
59352.253341 0.000000 0.000000    -0.551988     0.187649 
59352.308160 0.000000 0.000000    -0.546476     0.187966 
59352.362978 0.000000 0.000000    -0.540951     0.188278 
59352.417797 0.000000 0.000000    -0.535416     0.188586 
59352.472615 0.000000 0.000000    -0.529874     0.188888 
59352.527434 0.000000 0.000000    -0.524327     0.189184 
59352.582252 0.000000 0.000000    -0.518778     0.189474 
59352.637070 0.000000 0.000000    -0.513229     0.189757 
59352.691889 0.000000 0.000000    -0.507685     0.190032 
59352.746707 0.000000 0.000000    -0.502146     0.190299 
59352.801526 0.000000 0.000000    -0.496616     0.190557 
59352.856344 0.000000 0.000000    -0.491098     0.190806 
59352.911163 0.000000 0.000000    -0.485594     0.191046 
59352.965981 0.000000 0.000000    -0.480108     0.191275 
59353.020799 0.000000 0.000000    -0.474642     0.191494 
59353.075618 0.000000 0.000000    -0.469200     0.191702 
59353.130436 0.000000 0.000000    -0.463783     0.191898 
59353.185255 0.000000 0.000000    -0.458395     0.192082 
59353.240073 0.000000 0.000000    -0.453039     0.192254 
59353.294892 0.000000 0.000000    -0.447718     0.192413 
59353.349710 0.000000 0.000000    -0.442434     0.192558 
59353.404528 0.000000 0.000000    -0.437191     0.192690 
59353.459347 0.000000 0.000000    -0.431992     0.192807 
59353.514165 0.000000 0.000000    -0.426839     0.192909 
59353.568984 0.000000 0.000000    -0.421735     0.192997 
59353.623802 0.000000 0.000000    -0.416684     0.193068 
59353.678621 0.000000 0.000000    -0.411688     0.193124 
59353.733439 0.000000 0.000000    -0.406750     0.193164 
59353.788257 0.000000 0.000000    -0.401873     0.193186 
59353.843076 0.000000 0.000000    -0.397060     0.193192 
59353.897894 0.000000 0.000000    -0.392314     0.193180 
59353.952713 0.000000 0.000000    -0.387638     0.193151 
59354.007531 0.000000 0.000000    -0.383035     0.193103 
59354.062350 0.000000 0.000000    -0.378507     0.193037 
59354.117168 0.000000 0.000000    -0.374058     0.192952 
59354.171986 0.000000 0.000000    -0.369690     0.192847 
59354.226805 0.000000 0.000000    -0.365406     0.192724 
59354.281623 0.000000 0.000000    -0.361209     0.192581 
59354.336442 0.000000 0.000000    -0.357102     0.192418 
59354.391260 0.000000 0.000000    -0.353087     0.192235 
59354.446079 0.000000 0.000000    -0.349167     0.192032 
59354.500897 0.000000 0.000000    -0.345345     0.191808 
59354.555715 0.000000 0.000000    -0.341623     0.191564 
59354.610534 0.000000 0.000000    -0.338004     0.191299 
59354.665352 0.000000 0.000000    -0.334491     0.191013 
59354.720171 0.000000 0.000000    -0.331086     0.190707 
59354.774989 0.000000 0.000000    -0.327792     0.190379 
59354.829808 0.000000 0.000000    -0.324610     0.190031 
59354.884626 0.000000 0.000000    -0.321545     0.189662 
59354.939444 0.000000 0.000000    -0.318597     0.189272 
59354.994263 0.000000 0.000000    -0.315769     0.188861 
59355.049081 0.000000 0.000000    -0.313064     0.188430 
59355.103900 0.000000 0.000000    -0.310484     0.187979 
59355.158718 0.000000 0.000000    -0.308030     0.187509 
59355.213537 0.000000 0.000000    -0.305706     0.187018 
59355.268355 0.000000 0.000000    -0.303512     0.186509 
59355.323173 0.000000 0.000000    -0.301452     0.185981 
59355.377992 0.000000 0.000000    -0.299527     0.185435 
59355.432810 0.000000 0.000000    -0.297738     0.184871 
59355.487629 0.000000 0.000000    -0.296089     0.184292 
59355.542447 0.000000 0.000000    -0.294579     0.183696 
59355.597266 0.000000 0.000000    -0.293213     0.183086 
59355.652084 0.000000 0.000000    -0.291990     0.182462 
59355.706902 0.000000 0.000000    -0.290912     0.181825 
59355.761721 0.000000 0.000000    -0.289981     0.181178 
59355.816539 0.000000 0.000000    -0.289199     0.180520 
59355.871358 0.000000 0.000000    -0.288566     0.179855 
59355.926176 0.000000 0.000000    -0.288084     0.179183 
59355.980995 0.000000 0.000000    -0.287755     0.178507 
59356.035813 0.000000 0.000000    -0.287578     0.177829 
59356.090631 0.000000 0.000000    -0.287556     0.177151 
59356.145450 0.000000 0.000000    -0.287690     0.176475 
59356.200268 0.000000 0.000000    -0.287979     0.175804 
59356.255087 0.000000 0.000000    -0.288425     0.175141 
59356.309905 0.000000 0.000000    -0.289029     0.174489 
59356.364724 0.000000 0.000000    -0.289792     0.173852 
59356.419542 0.000000 0.000000    -0.290713     0.173232 
59356.474360 0.000000 0.000000    -0.291794     0.172633 
59356.529179 0.000000 0.000000    -0.293034     0.172060 
59356.583997 0.000000 0.000000    -0.294435     0.171516 
59356.638816 0.000000 0.000000    -0.295996     0.171006 
59356.693634 0.000000 0.000000    -0.297717     0.170534 
59356.748452 0.000000 0.000000    -0.299599     0.170104 
59356.803271 0.000000 0.000000    -0.301641     0.169721 
59356.858089 0.000000 0.000000    -0.303843     0.169389 
59356.912908 0.000000 0.000000    -0.306205     0.169114 
59356.967726 0.000000 0.000000    -0.308727     0.168899 
59357.022545 0.000000 0.000000    -0.311409     0.168750 
59357.077363 0.000000 0.000000    -0.314249     0.168670 
59357.132181 0.000000 0.000000    -0.317247     0.168664 
59357.187000 0.000000 0.000000    -0.320403     0.168735 
59357.241818 0.000000 0.000000    -0.323715     0.168887 
59357.296637 0.000000 0.000000    -0.327184     0.169124 
59357.351455 0.000000 0.000000    -0.330807     0.169447 
59357.406274 0.000000 0.000000    -0.334585     0.169859 
59357.461092 0.000000 0.000000    -0.338515     0.170363 
59357.515910 0.000000 0.000000    -0.342596     0.170958 
59357.570729 0.000000 0.000000    -0.346828     0.171646 
59357.625547 0.000000 0.000000    -0.351209     0.172426 
59357.680366 0.000000 0.000000    -0.355737     0.173299 
59357.735184 0.000000 0.000000    -0.360411     0.174263 
59357.790003 0.000000 0.000000    -0.365229     0.175317 
59357.844821 0.000000 0.000000    -0.370189     0.176458 
59357.899639 0.000000 0.000000    -0.375290     0.177685 
59357.954458 0.000000 0.000000    -0.380529     0.178994 
59358.009276 0.000000 0.000000    -0.385905     0.180382 
59358.064095 0.000000 0.000000    -0.391416     0.181846 
59358.118913 0.000000 0.000000    -0.397059     0.183382 
59358.173732 0.000000 0.000000    -0.402832     0.184986 
59358.228550 0.000000 0.000000    -0.408732     0.186655 
59358.283368 0.000000 0.000000    -0.414758     0.188384 
59358.338187 0.000000 0.000000    -0.420907     0.190170 
59358.393005 0.000000 0.000000    -0.427176     0.192008 
59358.447824 0.000000 0.000000    -0.433563     0.193894 
59358.502642 0.000000 0.000000    -0.440065     0.195824 
59358.557461 0.000000 0.000000    -0.446679     0.197795 
59358.612279 0.000000 0.000000    -0.453402     0.199802 
59358.667097 0.000000 0.000000    -0.460231     0.201842 
59358.721916 0.000000 0.000000    -0.467164     0.203912 
59358.776734 0.000000 0.000000    -0.474197     0.206008 
59358.831553 0.000000 0.000000    -0.481328     0.208127 
59358.886371 0.000000 0.000000    -0.488552     0.210266 
59358.941190 0.000000 0.000000    -0.495867     0.212422 
59358.996008 0.000000 0.000000    -0.503270     0.214592 
59359.050826 0.000000 0.000000    -0.510757     0.216774 
59359.105645 0.000000 0.000000    -0.518324     0.218964 
59359.160463 0.000000 0.000000    -0.525969     0.221162 
59359.215282 0.000000 0.000000    -0.533688     0.223364 
59359.270100 0.000000 0.000000    -0.541476     0.225568 
59359.324919 0.000000 0.000000    -0.549332     0.227772 
59359.379737 0.000000 0.000000    -0.557250     0.229975 
59359.434555 0.000000 0.000000    -0.565227     0.232175 
59359.489374 0.000000 0.000000    -0.573260     0.234369 
59359.544192 0.000000 0.000000    -0.581345     0.236558 
59359.599011 0.000000 0.000000    -0.589477     0.238738 
59359.653829 0.000000 0.000000    -0.597654     0.240909 
59359.708648 0.000000 0.000000    -0.605871     0.243069 
59359.763466 0.000000 0.000000    -0.614124     0.245218 
59359.818284 0.000000 0.000000    -0.622410     0.247353 
59359.873103 0.000000 0.000000    -0.630724     0.249474 
59359.927921 0.000000 0.000000    -0.639063     0.251581 
59359.982740 0.000000 0.000000    -0.647422     0.253671 
59360.037558 0.000000 0.000000    -0.655798     0.255744 
59360.092377 0.000000 0.000000    -0.664187     0.257799 
59360.147195 0.000000 0.000000    -0.672584     0.259835 
59360.202013 0.000000 0.000000    -0.680986     0.261852 
59360.256832 0.000000 0.000000    -0.689388     0.263849 
59360.311650 0.000000 0.000000    -0.697787     0.265825 
59360.366469 0.000000 0.000000    -0.706178     0.267780 
59360.421287 0.000000 0.000000    -0.714558     0.269712 
59360.476106 0.000000 0.000000    -0.722922     0.271622 
59360.530924 0.000000 0.000000    -0.731267     0.273508 
59360.585742 0.000000 0.000000    -0.739588     0.275371 
59360.640561 0.000000 0.000000    -0.747882     0.277210 
59360.695379 0.000000 0.000000    -0.756144     0.279024 
59360.750198 0.000000 0.000000    -0.764371     0.280813 
59360.805016 0.000000 0.000000    -0.772559     0.282577 
59360.859835 0.000000 0.000000    -0.780703     0.284315 
59360.914653 0.000000 0.000000    -0.788800     0.286027 
59360.969471 0.000000 0.000000    -0.796846     0.287712 
59361.024290 0.000000 0.000000    -0.804838     0.289371 
59361.079108 0.000000 0.000000    -0.812771     0.291003 
59361.133927 0.000000 0.000000    -0.820642     0.292607 
59361.188745 0.000000 0.000000    -0.828446     0.294184 
59361.243564 0.000000 0.000000    -0.836182     0.295733 
59361.298382 0.000000 0.000000    -0.843843     0.297255 
59361.353200 0.000000 0.000000    -0.851428     0.298748 
59361.408019 0.000000 0.000000    -0.858933     0.300213 
59361.462837 0.000000 0.000000    -0.866354     0.301650 
59361.517656 0.000000 0.000000    -0.873688     0.303058 
59361.572474 0.000000 0.000000    -0.880931     0.304438 
59361.627293 0.000000 0.000000    -0.888080     0.305789 
59361.682111 0.000000 0.000000    -0.895131     0.307111 
59361.736929 0.000000 0.000000    -0.902083     0.308405 
59361.791748 0.000000 0.000000    -0.908931     0.309670 
59361.846566 0.000000 0.000000    -0.915672     0.310905 
59361.901385 0.000000 0.000000    -0.922304     0.312112 
59361.956203 0.000000 0.000000    -0.928823     0.313290 
59362.011022 0.000000 0.000000    -0.935227     0.314440 
59362.065840 0.000000 0.000000    -0.941513     0.315560 
59362.120658 0.000000 0.000000    -0.947678     0.316652 
59362.175477 0.000000 0.000000    -0.953719     0.317715 
59362.230295 0.000000 0.000000    -0.959634     0.318749 
59362.285114 0.000000 0.000000    -0.965421     0.319755 
59362.339932 0.000000 0.000000    -0.971077     0.320732 
59362.394751 0.000000 0.000000    -0.976600     0.321681 
59362.449569 0.000000 0.000000    -0.981987     0.322602 
59362.504387 0.000000 0.000000    -0.987236     0.323495 
59362.559206 0.000000 0.000000    -0.992346     0.324360 
59362.614024 0.000000 0.000000    -0.997314     0.325197 
59362.668843 0.000000 0.000000    -1.002138     0.326007 
59362.723661 0.000000 0.000000    -1.006817     0.326789 
59362.778480 0.000000 0.000000    -1.011349     0.327544 
59362.833298 0.000000 0.000000    -1.015732     0.328273 
59362.888116 0.000000 0.000000    -1.019965     0.328975 
59362.942935 0.000000 0.000000    -1.024046     0.329650 
59362.997753 0.000000 0.000000    -1.027974     0.330299 
59363.052572 0.000000 0.000000    -1.031748     0.330923 
59363.107390 0.000000 0.000000    -1.035367     0.331521 
59363.162209 0.000000 0.000000    -1.038828     0.332093 
59363.217027 0.000000 0.000000    -1.042133     0.332641 
59363.271845 0.000000 0.000000    -1.045279     0.333164 
59363.326664 0.000000 0.000000    -1.048266     0.333663 
59363.381482 0.000000 0.000000    -1.051093     0.334137 
59363.436301 0.000000 0.000000    -1.053759     0.334588 
59363.491119 0.000000 0.000000    -1.056265     0.335016 
59363.545938 0.000000 0.000000    -1.058610     0.335421 
59363.600756 0.000000 0.000000    -1.060792     0.335804 
59363.655574 0.000000 0.000000    -1.062814     0.336164 
59363.710393 0.000000 0.000000    -1.064673     0.336503 
59363.765211 0.000000 0.000000    -1.066370     0.336820 
59363.820030 0.000000 0.000000    -1.067906     0.337117 
59363.874848 0.000000 0.000000    -1.069280     0.337393 
59363.929666 0.000000 0.000000    -1.070493     0.337649 
59363.984485 0.000000 0.000000    -1.071544     0.337886 
59364.039303 0.000000 0.000000    -1.072436     0.338104 
59364.094122 0.000000 0.000000    -1.073167     0.338303 
59364.148940 0.000000 0.000000    -1.073739     0.338484 
59364.203759 0.000000 0.000000    -1.074153     0.338647 
59364.258577 0.000000 0.000000    -1.074409     0.338793 
59364.313395 0.000000 0.000000    -1.074508     0.338922 
59364.368214 0.000000 0.000000    -1.074452     0.339035 
59364.423032 0.000000 0.000000    -1.074241     0.339133 
59364.477851 0.000000 0.000000    -1.073876     0.339215 
59364.532669 0.000000 0.000000    -1.073360     0.339283 
59364.587488 0.000000 0.000000    -1.072693     0.339336 
59364.642306 0.000000 0.000000    -1.071876     0.339376 
59364.697124 0.000000 0.000000    -1.070911     0.339403 
59364.751943 0.000000 0.000000    -1.069801     0.339417 
59364.806761 0.000000 0.000000    -1.068545     0.339419 
59364.861580 0.000000 0.000000    -1.067147     0.339410 
59364.916398 0.000000 0.000000    -1.065609     0.339389 
59364.971217 0.000000 0.000000    -1.063931     0.339359 
59365.026035 0.000000 0.000000    -1.062116     0.339318 
59365.080853 0.000000 0.000000    -1.060166     0.339267 
59365.135672 0.000000 0.000000    -1.058084     0.339208 
59365.190490 0.000000 0.000000    -1.055870     0.339140 
59365.245309 0.000000 0.000000    -1.053529     0.339065 
59365.300127 0.000000 0.000000    -1.051061     0.338982 
59365.354946 0.000000 0.000000    -1.048470     0.338892 
59365.409764 0.000000 0.000000    -1.045758     0.338796 
59365.464582 0.000000 0.000000    -1.042927     0.338694 
59365.519401 0.000000 0.000000    -1.039980     0.338587 
59365.574219 0.000000 0.000000    -1.036920     0.338475 
59365.629038 0.000000 0.000000    -1.033748     0.338358 
59365.683856 0.000000 0.000000    -1.030469     0.338238 
59365.738675 0.000000 0.000000    -1.027085     0.338114 
59365.793493 0.000000 0.000000    -1.023598     0.337987 
59365.848311 0.000000 0.000000    -1.020011     0.337858 
59365.903130 0.000000 0.000000    -1.016328     0.337727 
59365.957948 0.000000 0.000000    -1.012551     0.337594 
59366.012767 0.000000 0.000000    -1.008683     0.337460 
59366.067585 0.000000 0.000000    -1.004728     0.337325 
59366.122404 0.000000 0.000000    -1.000687     0.337190 
59366.177222 0.000000 0.000000    -0.996566     0.337055 
59366.232040 0.000000 0.000000    -0.992366     0.336920 
59366.286859 0.000000 0.000000    -0.988090     0.336786 
59366.341677 0.000000 0.000000    -0.983743     0.336653 
59366.396496 0.000000 0.000000    -0.979327     0.336522 
59366.451314 0.000000 0.000000    -0.974844     0.336393 
59366.506133 0.000000 0.000000    -0.970300     0.336265 
59366.560951 0.000000 0.000000    -0.965696     0.336141 
59366.615769 0.000000 0.000000    -0.961036     0.336019 
59366.670588 0.000000 0.000000    -0.956324     0.335900 
59366.725406 0.000000 0.000000    -0.951562     0.335784 
59366.780225 0.000000 0.000000    -0.946754     0.335672 
59366.835043 0.000000 0.000000    -0.941903     0.335564 
59366.889862 0.000000 0.000000    -0.937012     0.335460 
59366.944680 0.000000 0.000000    -0.932086     0.335361 
59366.999498 0.000000 0.000000    -0.927126     0.335265 
59367.054317 0.000000 0.000000    -0.922137     0.335175 
59367.109135 0.000000 0.000000    -0.917121     0.335089 
59367.163954 0.000000 0.000000    -0.912083     0.335009 
59367.218772 0.000000 0.000000    -0.907024     0.334934 
59367.273591 0.000000 0.000000    -0.901949     0.334864 
59367.328409 0.000000 0.000000    -0.896860     0.334800 
59367.383227 0.000000 0.000000    -0.891762     0.334741 
59367.438046 0.000000 0.000000    -0.886656     0.334688 
59367.492864 0.000000 0.000000    -0.881547     0.334641 
59367.547683 0.000000 0.000000    -0.876437     0.334599 
59367.602501 0.000000 0.000000    -0.871330     0.334564 
59367.657320 0.000000 0.000000    -0.866228     0.334535 
59367.712138 0.000000 0.000000    -0.861136     0.334512 
59367.766956 0.000000 0.000000    -0.856055     0.334495 
59367.821775 0.000000 0.000000    -0.850989     0.334485 
59367.876593 0.000000 0.000000    -0.845940     0.334480 
59367.931412 0.000000 0.000000    -0.840913     0.334482 
59367.986230 0.000000 0.000000    -0.835909     0.334490 
59368.041049 0.000000 0.000000    -0.830931     0.334505 
59368.095867 0.000000 0.000000    -0.825984     0.334526 
59368.150685 0.000000 0.000000    -0.821068     0.334553 
59368.205504 0.000000 0.000000    -0.816187     0.334586 
59368.260322 0.000000 0.000000    -0.811344     0.334626 
59368.315141 0.000000 0.000000    -0.806541     0.334671 
59368.369959 0.000000 0.000000    -0.801781     0.334723 
59368.424778 0.000000 0.000000    -0.797067     0.334781 
59368.479596 0.000000 0.000000    -0.792400     0.334846 
59368.534414 0.000000 0.000000    -0.787784     0.334916 
59368.589233 0.000000 0.000000    -0.783221     0.334992 
59368.644051 0.000000 0.000000    -0.778713     0.335074 
59368.698870 0.000000 0.000000    -0.774263     0.335162 
59368.753688 0.000000 0.000000    -0.769873     0.335255 
59368.808507 0.000000 0.000000    -0.765544     0.335355 
59368.863325 0.000000 0.000000    -0.761279     0.335460 
59368.918143 0.000000 0.000000    -0.757081     0.335570 
59368.972962 0.000000 0.000000    -0.752951     0.335687 
59369.027780 0.000000 0.000000    -0.748891     0.335808 
59369.082599 0.000000 0.000000    -0.744903     0.335935 
59369.137417 0.000000 0.000000    -0.740989     0.336067 
59369.192236 0.000000 0.000000    -0.737151     0.336204 
59369.247054 0.000000 0.000000    -0.733390     0.336346 
59369.301872 0.000000 0.000000    -0.729708     0.336493 
59369.356691 0.000000 0.000000    -0.726106     0.336645 
59369.411509 0.000000 0.000000    -0.722587     0.336801 
59369.466328 0.000000 0.000000    -0.719151     0.336962 
59369.521146 0.000000 0.000000    -0.715800     0.337128 
59369.575965 0.000000 0.000000    -0.712535     0.337298 
59369.630783 0.000000 0.000000    -0.709358     0.337472 
59369.685601 0.000000 0.000000    -0.706269     0.337651 
59369.740420 0.000000 0.000000    -0.703270     0.337833 
59369.795238 0.000000 0.000000    -0.700362     0.338020 
59369.850057 0.000000 0.000000    -0.697546     0.338210 
59369.904875 0.000000 0.000000    -0.694823     0.338404 
59369.959694 0.000000 0.000000    -0.692193     0.338602 
59370.014512 0.000000 0.000000    -0.689657     0.338803 
59370.069330 0.000000 0.000000    -0.687217     0.339007 
59370.124149 0.000000 0.000000    -0.684873     0.339215 
59370.178967 0.000000 0.000000    -0.682625     0.339426 
59370.233786 0.000000 0.000000    -0.680473     0.339639 
59370.288604 0.000000 0.000000    -0.678420     0.339856 
59370.343423 0.000000 0.000000    -0.676463     0.340075 
59370.398241 0.000000 0.000000    -0.674605     0.340296 
59370.453059 0.000000 0.000000    -0.672846     0.340520 
59370.507878 0.000000 0.000000    -0.671185     0.340747 
59370.562696 0.000000 0.000000    -0.669622     0.340975 
59370.617515 0.000000 0.000000    -0.668159     0.341205 
59370.672333 0.000000 0.000000    -0.666794     0.341438 
59370.727151 0.000000 0.000000    -0.665528     0.341671 
59370.781970 0.000000 0.000000    -0.664361     0.341907 
59370.836788 0.000000 0.000000    -0.663292     0.342144 
59370.891607 0.000000 0.000000    -0.662321     0.342381 
59370.946425 0.000000 0.000000    -0.661448     0.342621 
59371.001244 0.000000 0.000000    -0.660673     0.342861 
59371.056062 0.000000 0.000000    -0.659996     0.343101 
59371.110880 0.000000 0.000000    -0.659414     0.343343 
59371.165699 0.000000 0.000000    -0.658930     0.343584 
59371.220517 0.000000 0.000000    -0.658541     0.343826 
59371.275336 0.000000 0.000000    -0.658247     0.344069 
59371.330154 0.000000 0.000000    -0.658047     0.344311 
59371.384973 0.000000 0.000000    -0.657941     0.344553 
59371.439791 0.000000 0.000000    -0.657928     0.344795 
59371.494609 0.000000 0.000000    -0.658007     0.345036 
59371.549428 0.000000 0.000000    -0.658177     0.345276 
59371.604246 0.000000 0.000000    -0.658437     0.345516 
59371.659065 0.000000 0.000000    -0.658787     0.345755 
59371.713883 0.000000 0.000000    -0.659225     0.345992 
59371.768702 0.000000 0.000000    -0.659750     0.346229 
59371.823520 0.000000 0.000000    -0.660361     0.346464 
59371.878338 0.000000 0.000000    -0.661058     0.346697 
59371.933157 0.000000 0.000000    -0.661837     0.346929 
59371.987975 0.000000 0.000000    -0.662700     0.347158 
59372.042794 0.000000 0.000000    -0.663644     0.347386 
59372.097612 0.000000 0.000000    -0.664667     0.347611 
59372.152431 0.000000 0.000000    -0.665769     0.347834 
59372.207249 0.000000 0.000000    -0.666949     0.348055 
59372.262067 0.000000 0.000000    -0.668204     0.348273 
59372.316886 0.000000 0.000000    -0.669534     0.348488 
59372.371704 0.000000 0.000000    -0.670936     0.348700 
59372.426523 0.000000 0.000000    -0.672410     0.348909 
59372.481341 0.000000 0.000000    -0.673953     0.349115 
59372.536160 0.000000 0.000000    -0.675565     0.349318 
59372.590978 0.000000 0.000000    -0.677243     0.349518 
59372.645796 0.000000 0.000000    -0.678986     0.349713 
59372.700615 0.000000 0.000000    -0.680792     0.349906 
59372.755433 0.000000 0.000000    -0.682660     0.350094 
59372.810252 0.000000 0.000000    -0.684588     0.350279 
59372.865070 0.000000 0.000000    -0.686574     0.350459 
59372.919889 0.000000 0.000000    -0.688616     0.350636 
59372.974707 0.000000 0.000000    -0.690713     0.350808 
59373.029525 0.000000 0.000000    -0.692862     0.350976 
59373.084344 0.000000 0.000000    -0.695063     0.351140 
59373.139162 0.000000 0.000000    -0.697313     0.351300 
59373.193981 0.000000 0.000000    -0.699610     0.351454 
59373.248799 0.000000 0.000000    -0.701952     0.351605 
59373.303618 0.000000 0.000000    -0.704338     0.351751 
59373.358436 0.000000 0.000000    -0.706766     0.351892 
59373.413254 0.000000 0.000000    -0.709234     0.352028 
59373.468073 0.000000 0.000000    -0.711739     0.352159 
59373.522891 0.000000 0.000000    -0.714280     0.352286 
59373.577710 0.000000 0.000000    -0.716855     0.352408 
59373.632528 0.000000 0.000000    -0.719462     0.352525 
59373.687347 0.000000 0.000000    -0.722100     0.352637 
59373.742165 0.000000 0.000000    -0.724765     0.352744 
59373.796983 0.000000 0.000000    -0.727457     0.352846 
59373.851802 0.000000 0.000000    -0.730172     0.352943 
59373.906620 0.000000 0.000000    -0.732910     0.353035 
59373.961439 0.000000 0.000000    -0.735669     0.353122 
59374.016257 0.000000 0.000000    -0.738445     0.353204 
59374.071076 0.000000 0.000000    -0.741238     0.353281 
59374.125894 0.000000 0.000000     0.000001     2.762960 
