# time Tc_folded Tref_folded model model_err 
59318.211098 0.000000 0.000000    -5.216676     0.963945 
59318.265916 0.000000 0.000000    -5.228497     0.963646 
59318.320735 0.000000 0.000000    -5.240053     0.963339 
59318.375553 0.000000 0.000000    -5.251336     0.963025 
59318.430372 0.000000 0.000000    -5.262335     0.962702 
59318.485190 0.000000 0.000000    -5.273040     0.962371 
59318.540009 0.000000 0.000000    -5.283441     0.962033 
59318.594827 0.000000 0.000000    -5.293529     0.961687 
59318.649645 0.000000 0.000000    -5.303294     0.961334 
59318.704464 0.000000 0.000000    -5.312727     0.960974 
59318.759282 0.000000 0.000000    -5.321819     0.960607 
59318.814101 0.000000 0.000000    -5.330561     0.960234 
59318.868919 0.000000 0.000000    -5.338943     0.959854 
59318.923738 0.000000 0.000000    -5.346958     0.959467 
59318.978556 0.000000 0.000000    -5.354595     0.959075 
59319.033374 0.000000 0.000000    -5.361848     0.958676 
59319.088193 0.000000 0.000000    -5.368706     0.958273 
59319.143011 0.000000 0.000000    -5.375164     0.957863 
59319.197830 0.000000 0.000000    -5.381211     0.957449 
59319.252648 0.000000 0.000000    -5.386841     0.957030 
59319.307467 0.000000 0.000000    -5.392045     0.956607 
59319.362285 0.000000 0.000000    -5.396817     0.956179 
59319.417103 0.000000 0.000000    -5.401149     0.955747 
59319.471922 0.000000 0.000000    -5.405033     0.955312 
59319.526740 0.000000 0.000000    -5.408463     0.954873 
59319.581559 0.000000 0.000000    -5.411433     0.954431 
59319.636377 0.000000 0.000000    -5.413934     0.953987 
59319.691196 0.000000 0.000000    -5.415962     0.953540 
59319.746014 0.000000 0.000000    -5.417510     0.953091 
59319.800832 0.000000 0.000000    -5.418572     0.952640 
59319.855651 0.000000 0.000000    -5.419142     0.952188 
59319.910469 0.000000 0.000000    -5.419214     0.951735 
59319.965288 0.000000 0.000000    -5.418784     0.951281 
59320.020106 0.000000 0.000000    -5.417846     0.950826 
59320.074925 0.000000 0.000000    -5.416395     0.950372 
59320.129743 0.000000 0.000000    -5.414427     0.949918 
59320.184561 0.000000 0.000000    -5.411937     0.949464 
59320.239380 0.000000 0.000000    -5.408921     0.949012 
59320.294198 0.000000 0.000000    -5.405375     0.948561 
59320.349017 0.000000 0.000000    -5.401295     0.948112 
59320.403835 0.000000 0.000000    -5.396677     0.947665 
59320.458654 0.000000 0.000000    -5.391519     0.947221 
59320.513472 0.000000 0.000000    -5.385818     0.946779 
59320.568290 0.000000 0.000000    -5.379570     0.946341 
59320.623109 0.000000 0.000000    -5.372773     0.945906 
59320.677927 0.000000 0.000000    -5.365425     0.945475 
59320.732746 0.000000 0.000000    -5.357523     0.945049 
59320.787564 0.000000 0.000000    -5.349067     0.944627 
59320.842383 0.000000 0.000000    -5.340055     0.944211 
59320.897201 0.000000 0.000000    -5.330484     0.943800 
59320.952019 0.000000 0.000000    -5.320356     0.943394 
59321.006838 0.000000 0.000000    -5.309668     0.942995 
59321.061656 0.000000 0.000000    -5.298421     0.942602 
59321.116475 0.000000 0.000000    -5.286614     0.942216 
59321.171293 0.000000 0.000000    -5.274247     0.941837 
59321.226112 0.000000 0.000000    -5.261321     0.941465 
59321.280930 0.000000 0.000000    -5.247837     0.941101 
59321.335748 0.000000 0.000000    -5.233796     0.940746 
59321.390567 0.000000 0.000000    -5.219199     0.940398 
59321.445385 0.000000 0.000000    -5.204047     0.940059 
59321.500204 0.000000 0.000000    -5.188343     0.939729 
59321.555022 0.000000 0.000000    -5.172089     0.939408 
59321.609841 0.000000 0.000000    -5.155286     0.939096 
59321.664659 0.000000 0.000000    -5.137939     0.938794 
59321.719477 0.000000 0.000000    -5.120050     0.938502 
59321.774296 0.000000 0.000000    -5.101622     0.938220 
59321.829114 0.000000 0.000000    -5.082659     0.937948 
59321.883933 0.000000 0.000000    -5.063165     0.937686 
59321.938751 0.000000 0.000000    -5.043145     0.937435 
59321.993569 0.000000 0.000000    -5.022603     0.937195 
59322.048388 0.000000 0.000000    -5.001543     0.936965 
59322.103206 0.000000 0.000000    -4.979972     0.936746 
59322.158025 0.000000 0.000000    -4.957894     0.936539 
59322.212843 0.000000 0.000000    -4.935316     0.936342 
59322.267662 0.000000 0.000000    -4.912243     0.936157 
59322.322480 0.000000 0.000000    -4.888682     0.935982 
59322.377298 0.000000 0.000000    -4.864639     0.935819 
59322.432117 0.000000 0.000000    -4.840122     0.935667 
59322.486935 0.000000 0.000000    -4.815139     0.935526 
59322.541754 0.000000 0.000000    -4.789696     0.935397 
59322.596572 0.000000 0.000000    -4.763801     0.935278 
59322.651391 0.000000 0.000000    -4.737463     0.935170 
59322.706209 0.000000 0.000000    -4.710691     0.935073 
59322.761027 0.000000 0.000000    -4.683493     0.934987 
59322.815846 0.000000 0.000000    -4.655878     0.934911 
59322.870664 0.000000 0.000000    -4.627856     0.934846 
59322.925483 0.000000 0.000000    -4.599437     0.934791 
59322.980301 0.000000 0.000000    -4.570630     0.934745 
59323.035120 0.000000 0.000000    -4.541446     0.934710 
59323.089938 0.000000 0.000000    -4.511895     0.934683 
59323.144756 0.000000 0.000000    -4.481989     0.934666 
59323.199575 0.000000 0.000000    -4.451738     0.934658 
59323.254393 0.000000 0.000000    -4.421154     0.934658 
59323.309212 0.000000 0.000000    -4.390249     0.934666 
59323.364030 0.000000 0.000000    -4.359034     0.934682 
59323.418849 0.000000 0.000000    -4.327522     0.934706 
59323.473667 0.000000 0.000000    -4.295725     0.934736 
59323.528485 0.000000 0.000000    -4.263657     0.934773 
59323.583304 0.000000 0.000000    -4.231330     0.934815 
59323.638122 0.000000 0.000000    -4.198757     0.934863 
59323.692941 0.000000 0.000000    -4.165952     0.934916 
59323.747759 0.000000 0.000000    -4.132929     0.934974 
59323.802578 0.000000 0.000000    -4.099701     0.935035 
59323.857396 0.000000 0.000000    -4.066284     0.935100 
59323.912214 0.000000 0.000000    -4.032691     0.935168 
59323.967033 0.000000 0.000000    -3.998937     0.935237 
59324.021851 0.000000 0.000000    -3.965037     0.935308 
59324.076670 0.000000 0.000000    -3.931006     0.935380 
59324.131488 0.000000 0.000000    -3.896859     0.935452 
59324.186307 0.000000 0.000000    -3.862612     0.935524 
59324.241125 0.000000 0.000000    -3.828280     0.935594 
59324.295943 0.000000 0.000000    -3.793880     0.935663 
59324.350762 0.000000 0.000000    -3.759427     0.935728 
59324.405580 0.000000 0.000000    -3.724938     0.935791 
59324.460399 0.000000 0.000000    -3.690429     0.935849 
59324.515217 0.000000 0.000000    -3.655916     0.935903 
59324.570036 0.000000 0.000000    -3.621416     0.935950 
59324.624854 0.000000 0.000000    -3.586946     0.935991 
59324.679672 0.000000 0.000000    -3.552522     0.936025 
59324.734491 0.000000 0.000000    -3.518163     0.936051 
59324.789309 0.000000 0.000000    -3.483884     0.936068 
59324.844128 0.000000 0.000000    -3.449703     0.936076 
59324.898946 0.000000 0.000000    -3.415638     0.936072 
59324.953765 0.000000 0.000000    -3.381705     0.936057 
59325.008583 0.000000 0.000000    -3.347923     0.936030 
59325.063401 0.000000 0.000000    -3.314309     0.935990 
59325.118220 0.000000 0.000000    -3.280881     0.935936 
59325.173038 0.000000 0.000000    -3.247655     0.935866 
59325.227857 0.000000 0.000000    -3.214650     0.935781 
59325.282675 0.000000 0.000000    -3.181884     0.935680 
59325.337494 0.000000 0.000000    -3.149374     0.935560 
59325.392312 0.000000 0.000000    -3.117139     0.935423 
59325.447130 0.000000 0.000000    -3.085195     0.935265 
59325.501949 0.000000 0.000000    -3.053560     0.935088 
59325.556767 0.000000 0.000000    -3.022253     0.934890 
59325.611586 0.000000 0.000000    -2.991290     0.934669 
59325.666404 0.000000 0.000000    -2.960690     0.934426 
59325.721223 0.000000 0.000000    -2.930471     0.934159 
59325.776041 0.000000 0.000000    -2.900648     0.933867 
59325.830859 0.000000 0.000000    -2.871241     0.933549 
59325.885678 0.000000 0.000000    -2.842266     0.933205 
59325.940496 0.000000 0.000000    -2.813741     0.932834 
59325.995315 0.000000 0.000000    -2.785683     0.932434 
59326.050133 0.000000 0.000000    -2.758108     0.932006 
59326.104952 0.000000 0.000000    -2.731034     0.931547 
59326.159770 0.000000 0.000000    -2.704477     0.931058 
59326.214588 0.000000 0.000000    -2.678454     0.930536 
59326.269407 0.000000 0.000000    -2.652982     0.929983 
59326.324225 0.000000 0.000000    -2.628077     0.929396 
59326.379044 0.000000 0.000000    -2.603754     0.928774 
59326.433862 0.000000 0.000000    -2.580030     0.928118 
59326.488681 0.000000 0.000000    -2.556920     0.927426 
59326.543499 0.000000 0.000000    -2.534440     0.926697 
59326.598317 0.000000 0.000000    -2.512605     0.925930 
59326.653136 0.000000 0.000000    -2.491431     0.925126 
59326.707954 0.000000 0.000000    -2.470931     0.924282 
59326.762773 0.000000 0.000000    -2.451120     0.923399 
59326.817591 0.000000 0.000000    -2.432013     0.922475 
59326.872410 0.000000 0.000000    -2.413624     0.921510 
59326.927228 0.000000 0.000000    -2.395965     0.920502 
59326.982046 0.000000 0.000000    -2.379052     0.919452 
59327.036865 0.000000 0.000000    -2.362896     0.918359 
59327.091683 0.000000 0.000000    -2.347510     0.917221 
59327.146502 0.000000 0.000000    -2.332907     0.916039 
59327.201320 0.000000 0.000000    -2.319099     0.914811 
59327.256139 0.000000 0.000000    -2.306097     0.913538 
59327.310957 0.000000 0.000000    -2.293914     0.912217 
59327.365775 0.000000 0.000000    -2.282559     0.910849 
59327.420594 0.000000 0.000000    -2.272044     0.909433 
59327.475412 0.000000 0.000000    -2.262379     0.907969 
59327.530231 0.000000 0.000000    -2.253574     0.906456 
59327.585049 0.000000 0.000000    -2.245638     0.904893 
59327.639868 0.000000 0.000000    -2.238580     0.903280 
59327.694686 0.000000 0.000000    -2.232410     0.901616 
59327.749504 0.000000 0.000000    -2.227134     0.899901 
59327.804323 0.000000 0.000000    -2.222762     0.898135 
59327.859141 0.000000 0.000000    -2.219300     0.896316 
59327.913960 0.000000 0.000000    -2.216755     0.894445 
59327.968778 0.000000 0.000000    -2.215134     0.892521 
59328.023597 0.000000 0.000000    -2.214443     0.890544 
59328.078415 0.000000 0.000000    -2.214688     0.888514 
59328.133233 0.000000 0.000000    -2.215873     0.886429 
59328.188052 0.000000 0.000000    -2.218003     0.884290 
59328.242870 0.000000 0.000000    -2.221082     0.882096 
59328.297689 0.000000 0.000000    -2.225114     0.879847 
59328.352507 0.000000 0.000000    -2.230103     0.877544 
59328.407326 0.000000 0.000000    -2.236050     0.875184 
59328.462144 0.000000 0.000000    -2.242959     0.872770 
59328.516962 0.000000 0.000000    -2.250830     0.870299 
59328.571781 0.000000 0.000000    -2.259665     0.867772 
59328.626599 0.000000 0.000000    -2.269464     0.865190 
59328.681418 0.000000 0.000000    -2.280229     0.862551 
59328.736236 0.000000 0.000000    -2.291958     0.859856 
59328.791054 0.000000 0.000000    -2.304651     0.857104 
59328.845873 0.000000 0.000000    -2.318306     0.854296 
59328.900691 0.000000 0.000000    -2.332921     0.851432 
59328.955510 0.000000 0.000000    -2.348495     0.848511 
59329.010328 0.000000 0.000000    -2.365023     0.845535 
59329.065147 0.000000 0.000000    -2.382504     0.842501 
59329.119965 0.000000 0.000000    -2.400932     0.839412 
59329.174783 0.000000 0.000000    -2.420304     0.836267 
59329.229602 0.000000 0.000000    -2.440614     0.833065 
59329.284420 0.000000 0.000000    -2.461857     0.829809 
59329.339239 0.000000 0.000000    -2.484027     0.826496 
59329.394057 0.000000 0.000000    -2.507117     0.823129 
59329.448876 0.000000 0.000000    -2.531121     0.819707 
59329.503694 0.000000 0.000000    -2.556031     0.816230 
59329.558512 0.000000 0.000000    -2.581838     0.812699 
59329.613331 0.000000 0.000000    -2.608535     0.809114 
59329.668149 0.000000 0.000000    -2.636112     0.805476 
59329.722968 0.000000 0.000000    -2.664560     0.801785 
59329.777786 0.000000 0.000000    -2.693869     0.798042 
59329.832605 0.000000 0.000000    -2.724028     0.794247 
59329.887423 0.000000 0.000000    -2.755026     0.790401 
59329.942241 0.000000 0.000000    -2.786852     0.786504 
59329.997060 0.000000 0.000000    -2.819494     0.782557 
59330.051878 0.000000 0.000000    -2.852940     0.778561 
59330.106697 0.000000 0.000000    -2.887176     0.774516 
59330.161515 0.000000 0.000000    -2.922189     0.770423 
59330.216334 0.000000 0.000000    -2.957966     0.766284 
59330.271152 0.000000 0.000000    -2.994493     0.762099 
59330.325970 0.000000 0.000000    -3.031754     0.757868 
59330.380789 0.000000 0.000000    -3.069736     0.753593 
59330.435607 0.000000 0.000000    -3.108421     0.749276 
59330.490426 0.000000 0.000000    -3.147795     0.744916 
59330.545244 0.000000 0.000000    -3.187842     0.740515 
59330.600063 0.000000 0.000000    -3.228544     0.736074 
59330.654881 0.000000 0.000000    -3.269884     0.731595 
59330.709699 0.000000 0.000000    -3.311846     0.727078 
59330.764518 0.000000 0.000000    -3.354411     0.722526 
59330.819336 0.000000 0.000000    -3.397562     0.717939 
59330.874155 0.000000 0.000000    -3.441280     0.713319 
59330.928973 0.000000 0.000000    -3.485546     0.708667 
59330.983792 0.000000 0.000000    -3.530341     0.703985 
59331.038610 0.000000 0.000000    -3.575645     0.699275 
59331.093428 0.000000 0.000000    -3.621440     0.694538 
59331.148247 0.000000 0.000000    -3.667705     0.689776 
59331.203065 0.000000 0.000000    -3.714420     0.684991 
59331.257884 0.000000 0.000000    -3.761564     0.680185 
59331.312702 0.000000 0.000000    -3.809117     0.675359 
59331.367521 0.000000 0.000000    -3.857058     0.670517 
59331.422339 0.000000 0.000000    -3.905365     0.665659 
59331.477157 0.000000 0.000000    -3.954017     0.660789 
59331.531976 0.000000 0.000000    -4.002993     0.655908 
59331.586794 0.000000 0.000000    -4.052270     0.651018 
59331.641613 0.000000 0.000000    -4.101827     0.646123 
59331.696431 0.000000 0.000000    -4.151642     0.641225 
59331.751250 0.000000 0.000000    -4.201692     0.636326 
59331.806068 0.000000 0.000000    -4.251956     0.631429 
59331.860886 0.000000 0.000000    -4.302409     0.626537 
59331.915705 0.000000 0.000000    -4.353031     0.621652 
59331.970523 0.000000 0.000000    -4.403798     0.616778 
59332.025342 0.000000 0.000000    -4.454687     0.611918 
59332.080160 0.000000 0.000000    -4.505676     0.607074 
59332.134979 0.000000 0.000000    -4.556741     0.602250 
59332.189797 0.000000 0.000000    -4.607861     0.597448 
59332.244615 0.000000 0.000000    -4.659011     0.592673 
59332.299434 0.000000 0.000000    -4.710169     0.587928 
59332.354252 0.000000 0.000000    -4.761312     0.583215 
59332.409071 0.000000 0.000000    -4.812417     0.578539 
59332.463889 0.000000 0.000000    -4.863461     0.573902 
59332.518708 0.000000 0.000000    -4.914422     0.569310 
59332.573526 0.000000 0.000000    -4.965276     0.564764 
59332.628344 0.000000 0.000000    -5.016002     0.560269 
59332.683163 0.000000 0.000000    -5.066575     0.555828 
59332.737981 0.000000 0.000000    -5.116974     0.551445 
59332.792800 0.000000 0.000000    -5.167177     0.547123 
59332.847618 0.000000 0.000000    -5.217161     0.542866 
59332.902437 0.000000 0.000000    -5.266905     0.538678 
59332.957255 0.000000 0.000000    -5.316385     0.534562 
59333.012073 0.000000 0.000000    -5.365581     0.530520 
59333.066892 0.000000 0.000000    -5.414471     0.526558 
59333.121710 0.000000 0.000000    -5.463033     0.522677 
59333.176529 0.000000 0.000000    -5.511247     0.518880 
59333.231347 0.000000 0.000000    -5.559091     0.515171 
59333.286166 0.000000 0.000000    -5.606545     0.511552 
59333.340984 0.000000 0.000000    -5.653589     0.508026 
59333.395802 0.000000 0.000000    -5.700201     0.504594 
59333.450621 0.000000 0.000000    -5.746363     0.501260 
59333.505439 0.000000 0.000000    -5.792055     0.498024 
59333.560258 0.000000 0.000000    -5.837257     0.494888 
59333.615076 0.000000 0.000000    -5.881950     0.491853 
59333.669895 0.000000 0.000000    -5.926116     0.488921 
59333.724713 0.000000 0.000000    -5.969736     0.486092 
59333.779531 0.000000 0.000000    -6.012792     0.483365 
59333.834350 0.000000 0.000000    -6.055267     0.480742 
59333.889168 0.000000 0.000000    -6.097144     0.478222 
59333.943987 0.000000 0.000000    -6.138404     0.475803 
59333.998805 0.000000 0.000000    -6.179033     0.473486 
59334.053624 0.000000 0.000000    -6.219014     0.471268 
59334.108442 0.000000 0.000000    -6.258330     0.469148 
59334.163260 0.000000 0.000000    -6.296967     0.467125 
59334.218079 0.000000 0.000000    -6.334910     0.465195 
59334.272897 0.000000 0.000000    -6.372144     0.463357 
59334.327716 0.000000 0.000000    -6.408656     0.461608 
59334.382534 0.000000 0.000000    -6.444431     0.459944 
59334.437353 0.000000 0.000000    -6.479457     0.458363 
59334.492171 0.000000 0.000000    -6.513720     0.456862 
59334.546989 0.000000 0.000000    -6.547209     0.455436 
59334.601808 0.000000 0.000000    -6.579912     0.454082 
59334.656626 0.000000 0.000000    -6.611818     0.452797 
59334.711445 0.000000 0.000000    -6.642915     0.451576 
59334.766263 0.000000 0.000000    -6.673194     0.450416 
59334.821082 0.000000 0.000000    -6.702644     0.449313 
59334.875900 0.000000 0.000000    -6.731256     0.448263 
59334.930718 0.000000 0.000000    -6.759023     0.447263 
59334.985537 0.000000 0.000000    -6.785934     0.446307 
59335.040355 0.000000 0.000000    -6.811982     0.445393 
59335.095174 0.000000 0.000000    -6.837161     0.444517 
59335.149992 0.000000 0.000000    -6.861463     0.443676 
59335.204811 0.000000 0.000000    -6.884882     0.442865 
59335.259629 0.000000 0.000000    -6.907413     0.442081 
59335.314447 0.000000 0.000000    -6.929049     0.441322 
59335.369266 0.000000 0.000000    -6.949787     0.440584 
59335.424084 0.000000 0.000000    -6.969622     0.439863 
59335.478903 0.000000 0.000000    -6.988551     0.439158 
59335.533721 0.000000 0.000000    -7.006570     0.438466 
59335.588540 0.000000 0.000000    -7.023677     0.437783 
59335.643358 0.000000 0.000000    -7.039870     0.437109 
59335.698176 0.000000 0.000000    -7.055147     0.436440 
59335.752995 0.000000 0.000000    -7.069508     0.435775 
59335.807813 0.000000 0.000000    -7.082951     0.435113 
59335.862632 0.000000 0.000000    -7.095477     0.434450 
59335.917450 0.000000 0.000000    -7.107087     0.433786 
59335.972268 0.000000 0.000000    -7.117780     0.433121 
59336.027087 0.000000 0.000000    -7.127560     0.432451 
59336.081905 0.000000 0.000000    -7.136428     0.431777 
59336.136724 0.000000 0.000000    -7.144387     0.431099 
59336.191542 0.000000 0.000000    -7.151439     0.430414 
59336.246361 0.000000 0.000000    -7.157588     0.429723 
59336.301179 0.000000 0.000000    -7.162839     0.429026 
59336.355997 0.000000 0.000000    -7.167196     0.428322 
59336.410816 0.000000 0.000000    -7.170664     0.427611 
59336.465634 0.000000 0.000000    -7.173248     0.426893 
59336.520453 0.000000 0.000000    -7.174955     0.426169 
59336.575271 0.000000 0.000000    -7.175791     0.425438 
59336.630090 0.000000 0.000000    -7.175763     0.424702 
59336.684908 0.000000 0.000000    -7.174878     0.423961 
59336.739726 0.000000 0.000000    -7.173144     0.423215 
59336.794545 0.000000 0.000000    -7.170570     0.422465 
59336.849363 0.000000 0.000000    -7.167164     0.421712 
59336.904182 0.000000 0.000000    -7.162935     0.420957 
59336.959000 0.000000 0.000000    -7.157893     0.420201 
59337.013819 0.000000 0.000000    -7.152047     0.419444 
59337.068637 0.000000 0.000000    -7.145409     0.418689 
59337.123455 0.000000 0.000000    -7.137988     0.417935 
59337.178274 0.000000 0.000000    -7.129797     0.417185 
59337.233092 0.000000 0.000000    -7.120845     0.416440 
59337.287911 0.000000 0.000000    -7.111147     0.415700 
59337.342729 0.000000 0.000000    -7.100712     0.414967 
59337.397548 0.000000 0.000000    -7.089555     0.414242 
59337.452366 0.000000 0.000000    -7.077688     0.413527 
59337.507184 0.000000 0.000000    -7.065124     0.412823 
59337.562003 0.000000 0.000000    -7.051876     0.412131 
59337.616821 0.000000 0.000000    -7.037959     0.411452 
59337.671640 0.000000 0.000000    -7.023387     0.410788 
59337.726458 0.000000 0.000000    -7.008174     0.410139 
59337.781277 0.000000 0.000000    -6.992335     0.409507 
59337.836095 0.000000 0.000000    -6.975885     0.408893 
59337.890913 0.000000 0.000000    -6.958838     0.408299 
59337.945732 0.000000 0.000000    -6.941212     0.407724 
59338.000550 0.000000 0.000000    -6.923020     0.407170 
59338.055369 0.000000 0.000000    -6.904279     0.406638 
59338.110187 0.000000 0.000000    -6.885005     0.406129 
59338.165006 0.000000 0.000000    -6.865215     0.405643 
59338.219824 0.000000 0.000000    -6.844924     0.405180 
59338.274642 0.000000 0.000000    -6.824150     0.404743 
59338.329461 0.000000 0.000000    -6.802909     0.404330 
59338.384279 0.000000 0.000000    -6.781219     0.403942 
59338.439098 0.000000 0.000000    -6.759096     0.403580 
59338.493916 0.000000 0.000000    -6.736557     0.403244 
59338.548735 0.000000 0.000000    -6.713621     0.402934 
59338.603553 0.000000 0.000000    -6.690303     0.402649 
59338.658371 0.000000 0.000000    -6.666623     0.402390 
59338.713190 0.000000 0.000000    -6.642597     0.402157 
59338.768008 0.000000 0.000000    -6.618243     0.401950 
59338.822827 0.000000 0.000000    -6.593579     0.401767 
59338.877645 0.000000 0.000000    -6.568623     0.401609 
59338.932464 0.000000 0.000000    -6.543392     0.401475 
59338.987282 0.000000 0.000000    -6.517904     0.401365 
59339.042100 0.000000 0.000000    -6.492177     0.401278 
59339.096919 0.000000 0.000000    -6.466229     0.401213 
59339.151737 0.000000 0.000000    -6.440078     0.401171 
59339.206556 0.000000 0.000000    -6.413741     0.401149 
59339.261374 0.000000 0.000000    -6.387237     0.401147 
59339.316193 0.000000 0.000000    -6.360582     0.401164 
59339.371011 0.000000 0.000000    -6.333795     0.401200 
59339.425829 0.000000 0.000000    -6.306893     0.401254 
59339.480648 0.000000 0.000000    -6.279894     0.401324 
59339.535466 0.000000 0.000000    -6.252815     0.401411 
59339.590285 0.000000 0.000000    -6.225674     0.401512 
59339.645103 0.000000 0.000000    -6.198487     0.401627 
59339.699922 0.000000 0.000000    -6.171271     0.401755 
59339.754740 0.000000 0.000000    -6.144045     0.401896 
59339.809558 0.000000 0.000000    -6.116824     0.402048 
59339.864377 0.000000 0.000000    -6.089625     0.402211 
59339.919195 0.000000 0.000000    -6.062465     0.402383 
59339.974014 0.000000 0.000000    -6.035360     0.402565 
59340.028832 0.000000 0.000000    -6.008326     0.402755 
59340.083651 0.000000 0.000000    -5.981379     0.402952 
59340.138469 0.000000 0.000000    -5.954536     0.403156 
59340.193287 0.000000 0.000000    -5.927811     0.403367 
59340.248106 0.000000 0.000000    -5.901220     0.403584 
59340.302924 0.000000 0.000000    -5.874778     0.403806 
59340.357743 0.000000 0.000000    -5.848501     0.404032 
59340.412561 0.000000 0.000000    -5.822402     0.404264 
59340.467380 0.000000 0.000000    -5.796497     0.404499 
59340.522198 0.000000 0.000000    -5.770800     0.404739 
59340.577016 0.000000 0.000000    -5.745324     0.404982 
59340.631835 0.000000 0.000000    -5.720083     0.405228 
59340.686653 0.000000 0.000000    -5.695092     0.405478 
59340.741472 0.000000 0.000000    -5.670362     0.405732 
59340.796290 0.000000 0.000000    -5.645907     0.405989 
59340.851109 0.000000 0.000000    -5.621740     0.406249 
59340.905927 0.000000 0.000000    -5.597873     0.406513 
59340.960745 0.000000 0.000000    -5.574318     0.406781 
59341.015564 0.000000 0.000000    -5.551086     0.407054 
59341.070382 0.000000 0.000000    -5.528190     0.407330 
59341.125201 0.000000 0.000000    -5.505640     0.407611 
59341.180019 0.000000 0.000000    -5.483447     0.407898 
59341.234838 0.000000 0.000000    -5.461621     0.408189 
59341.289656 0.000000 0.000000    -5.440173     0.408487 
59341.344474 0.000000 0.000000    -5.419114     0.408792 
59341.399293 0.000000 0.000000    -5.398451     0.409103 
59341.454111 0.000000 0.000000    -5.378194     0.409422 
59341.508930 0.000000 0.000000    -5.358353     0.409750 
59341.563748 0.000000 0.000000    -5.338936     0.410086 
59341.618567 0.000000 0.000000    -5.319951     0.410432 
59341.673385 0.000000 0.000000    -5.301406     0.410787 
59341.728203 0.000000 0.000000    -5.283308     0.411154 
59341.783022 0.000000 0.000000    -5.265665     0.411532 
59341.837840 0.000000 0.000000    -5.248483     0.411922 
59341.892659 0.000000 0.000000    -5.231769     0.412324 
59341.947477 0.000000 0.000000    -5.215530     0.412740 
59342.002296 0.000000 0.000000    -5.199770     0.413170 
59342.057114 0.000000 0.000000    -5.184495     0.413615 
59342.111932 0.000000 0.000000    -5.169711     0.414075 
59342.166751 0.000000 0.000000    -5.155422     0.414550 
59342.221569 0.000000 0.000000    -5.141633     0.415042 
59342.276388 0.000000 0.000000    -5.128347     0.415551 
59342.331206 0.000000 0.000000    -5.115569     0.416077 
59342.386025 0.000000 0.000000    -5.103302     0.416620 
59342.440843 0.000000 0.000000    -5.091548     0.417182 
59342.495661 0.000000 0.000000    -5.080311     0.417762 
59342.550480 0.000000 0.000000    -5.069592     0.418361 
59342.605298 0.000000 0.000000    -5.059395     0.418978 
59342.660117 0.000000 0.000000    -5.049720     0.419615 
59342.714935 0.000000 0.000000    -5.040568     0.420271 
59342.769753 0.000000 0.000000    -5.031942     0.420946 
59342.824572 0.000000 0.000000    -5.023840     0.421640 
59342.879390 0.000000 0.000000    -5.016265     0.422353 
59342.934209 0.000000 0.000000    -5.009215     0.423086 
59342.989027 0.000000 0.000000    -5.002691     0.423837 
59343.043846 0.000000 0.000000    -4.996691     0.424607 
59343.098664 0.000000 0.000000    -4.991215     0.425395 
59343.153482 0.000000 0.000000    -4.986262     0.426201 
59343.208301 0.000000 0.000000    -4.981830     0.427025 
59343.263119 0.000000 0.000000    -4.977917     0.427866 
59343.317938 0.000000 0.000000    -4.974520     0.428723 
59343.372756 0.000000 0.000000    -4.971638     0.429596 
59343.427575 0.000000 0.000000    -4.969267     0.430485 
59343.482393 0.000000 0.000000    -4.967405     0.431388 
59343.537211 0.000000 0.000000    -4.966048     0.432305 
59343.592030 0.000000 0.000000    -4.965192     0.433235 
59343.646848 0.000000 0.000000    -4.964833     0.434177 
59343.701667 0.000000 0.000000    -4.964968     0.435131 
59343.756485 0.000000 0.000000    -4.965591     0.436095 
59343.811304 0.000000 0.000000    -4.966698     0.437068 
59343.866122 0.000000 0.000000    -4.968284     0.438051 
59343.920940 0.000000 0.000000    -4.970344     0.439040 
59343.975759 0.000000 0.000000    -4.972872     0.440037 
59344.030577 0.000000 0.000000    -4.975861     0.441039 
59344.085396 0.000000 0.000000    -4.979308     0.442046 
59344.140214 0.000000 0.000000    -4.983204     0.443056 
59344.195033 0.000000 0.000000    -4.987543     0.444068 
59344.249851 0.000000 0.000000    -4.992319     0.445082 
59344.304669 0.000000 0.000000    -4.997525     0.446096 
59344.359488 0.000000 0.000000    -5.003153     0.447109 
59344.414306 0.000000 0.000000    -5.009197     0.448121 
59344.469125 0.000000 0.000000    -5.015648     0.449129 
59344.523943 0.000000 0.000000    -5.022499     0.450133 
59344.578762 0.000000 0.000000    -5.029742     0.451133 
59344.633580 0.000000 0.000000    -5.037369     0.452126 
59344.688398 0.000000 0.000000    -5.045371     0.453111 
59344.743217 0.000000 0.000000    -5.053739     0.454089 
59344.798035 0.000000 0.000000    -5.062466     0.455057 
59344.852854 0.000000 0.000000    -5.071542     0.456015 
59344.907672 0.000000 0.000000    -5.080958     0.456962 
59344.962491 0.000000 0.000000    -5.090705     0.457897 
59345.017309 0.000000 0.000000    -5.100773     0.458819 
59345.072127 0.000000 0.000000    -5.111153     0.459726 
59345.126946 0.000000 0.000000    -5.121836     0.460619 
59345.181764 0.000000 0.000000    -5.132811     0.461496 
59345.236583 0.000000 0.000000    -5.144069     0.462357 
59345.291401 0.000000 0.000000    -5.155600     0.463200 
59345.346220 0.000000 0.000000    -5.167393     0.464025 
59345.401038 0.000000 0.000000    -5.179439     0.464831 
59345.455856 0.000000 0.000000    -5.191726     0.465618 
59345.510675 0.000000 0.000000    -5.204244     0.466384 
59345.565493 0.000000 0.000000    -5.216984     0.467129 
59345.620312 0.000000 0.000000    -5.229933     0.467853 
59345.675130 0.000000 0.000000    -5.243082     0.468555 
59345.729949 0.000000 0.000000    -5.256419     0.469234 
59345.784767 0.000000 0.000000    -5.269933     0.469890 
59345.839585 0.000000 0.000000    -5.283615     0.470522 
59345.894404 0.000000 0.000000    -5.297451     0.471130 
59345.949222 0.000000 0.000000    -5.311432     0.471714 
59346.004041 0.000000 0.000000    -5.325547     0.472272 
59346.058859 0.000000 0.000000    -5.339783     0.472805 
59346.113678 0.000000 0.000000    -5.354130     0.473312 
59346.168496 0.000000 0.000000    -5.368576     0.473793 
59346.223314 0.000000 0.000000    -5.383110     0.474248 
59346.278133 0.000000 0.000000    -5.397720     0.474676 
59346.332951 0.000000 0.000000    -5.412396     0.475077 
59346.387770 0.000000 0.000000    -5.427126     0.475451 
59346.442588 0.000000 0.000000    -5.441898     0.475798 
59346.497407 0.000000 0.000000    -5.456700     0.476118 
59346.552225 0.000000 0.000000    -5.471522     0.476410 
59346.607043 0.000000 0.000000    -5.486352     0.476674 
59346.661862 0.000000 0.000000    -5.501178     0.476911 
59346.716680 0.000000 0.000000    -5.515989     0.477121 
59346.771499 0.000000 0.000000    -5.530774     0.477303 
59346.826317 0.000000 0.000000    -5.545520     0.477457 
59346.881136 0.000000 0.000000    -5.560217     0.477583 
59346.935954 0.000000 0.000000    -5.574853     0.477682 
59346.990772 0.000000 0.000000    -5.589417     0.477754 
59347.045591 0.000000 0.000000    -5.603897     0.477799 
59347.100409 0.000000 0.000000    -5.618283     0.477816 
59347.155228 0.000000 0.000000    -5.632562     0.477807 
59347.210046 0.000000 0.000000    -5.646724     0.477770 
59347.264865 0.000000 0.000000    -5.660758     0.477708 
59347.319683 0.000000 0.000000    -5.674652     0.477619 
59347.374501 0.000000 0.000000    -5.688395     0.477504 
59347.429320 0.000000 0.000000    -5.701977     0.477364 
59347.484138 0.000000 0.000000    -5.715386     0.477198 
59347.538957 0.000000 0.000000    -5.728612     0.477007 
59347.593775 0.000000 0.000000    -5.741643     0.476792 
59347.648594 0.000000 0.000000    -5.754470     0.476552 
59347.703412 0.000000 0.000000    -5.767081     0.476289 
59347.758230 0.000000 0.000000    -5.779467     0.476002 
59347.813049 0.000000 0.000000    -5.791616     0.475692 
59347.867867 0.000000 0.000000    -5.803518     0.475360 
59347.922686 0.000000 0.000000    -5.815163     0.475006 
59347.977504 0.000000 0.000000    -5.826541     0.474631 
59348.032323 0.000000 0.000000    -5.837642     0.474234 
59348.087141 0.000000 0.000000    -5.848456     0.473818 
59348.141959 0.000000 0.000000    -5.858974     0.473382 
59348.196778 0.000000 0.000000    -5.869184     0.472926 
59348.251596 0.000000 0.000000    -5.879079     0.472453 
59348.306415 0.000000 0.000000    -5.888648     0.471961 
59348.361233 0.000000 0.000000    -5.897883     0.471453 
59348.416052 0.000000 0.000000    -5.906774     0.470928 
59348.470870 0.000000 0.000000    -5.915312     0.470387 
59348.525688 0.000000 0.000000    -5.923488     0.469832 
59348.580507 0.000000 0.000000    -5.931293     0.469262 
59348.635325 0.000000 0.000000    -5.938720     0.468679 
59348.690144 0.000000 0.000000    -5.945759     0.468083 
59348.744962 0.000000 0.000000    -5.952402     0.467476 
59348.799781 0.000000 0.000000    -5.958641     0.466857 
59348.854599 0.000000 0.000000    -5.964469     0.466229 
59348.909417 0.000000 0.000000    -5.969877     0.465591 
59348.964236 0.000000 0.000000    -5.974858     0.464945 
59349.019054 0.000000 0.000000    -5.979404     0.464292 
59349.073873 0.000000 0.000000    -5.983509     0.463632 
59349.128691 0.000000 0.000000    -5.987165     0.462967 
59349.183510 0.000000 0.000000    -5.990364     0.462298 
59349.238328 0.000000 0.000000    -5.993102     0.461624 
59349.293146 0.000000 0.000000    -5.995370     0.460949 
59349.347965 0.000000 0.000000    -5.997164     0.460272 
59349.402783 0.000000 0.000000    -5.998476     0.459594 
59349.457602 0.000000 0.000000    -5.999301     0.458917 
59349.512420 0.000000 0.000000    -5.999633     0.458242 
59349.567239 0.000000 0.000000    -5.999467     0.457569 
59349.622057 0.000000 0.000000    -5.998797     0.456900 
59349.676875 0.000000 0.000000    -5.997619     0.456236 
59349.731694 0.000000 0.000000    -5.995927     0.455578 
59349.786512 0.000000 0.000000    -5.993718     0.454928 
59349.841331 0.000000 0.000000    -5.990986     0.454285 
59349.896149 0.000000 0.000000    -5.987728     0.453652 
59349.950967 0.000000 0.000000    -5.983939     0.453029 
59350.005786 0.000000 0.000000    -5.979617     0.452418 
59350.060604 0.000000 0.000000    -5.974757     0.451819 
59350.115423 0.000000 0.000000    -5.969357     0.451234 
59350.170241 0.000000 0.000000    -5.963413     0.450664 
59350.225060 0.000000 0.000000    -5.956923     0.450110 
59350.279878 0.000000 0.000000    -5.949885     0.449573 
59350.334696 0.000000 0.000000    -5.942296     0.449054 
59350.389515 0.000000 0.000000    -5.934155     0.448554 
59350.444333 0.000000 0.000000    -5.925460     0.448074 
59350.499152 0.000000 0.000000    -5.916209     0.447615 
59350.553970 0.000000 0.000000    -5.906402     0.447179 
59350.608789 0.000000 0.000000    -5.896037     0.446765 
59350.663607 0.000000 0.000000    -5.885115     0.446376 
59350.718425 0.000000 0.000000    -5.873634     0.446011 
59350.773244 0.000000 0.000000    -5.861595     0.445672 
59350.828062 0.000000 0.000000    -5.848998     0.445360 
59350.882881 0.000000 0.000000    -5.835845     0.445074 
59350.937699 0.000000 0.000000    -5.822134     0.444817 
59350.992518 0.000000 0.000000    -5.807869     0.444589 
59351.047336 0.000000 0.000000    -5.793049     0.444389 
59351.102154 0.000000 0.000000    -5.777678     0.444220 
59351.156973 0.000000 0.000000    -5.761756     0.444081 
59351.211791 0.000000 0.000000    -5.745287     0.443972 
59351.266610 0.000000 0.000000    -5.728272     0.443895 
59351.321428 0.000000 0.000000    -5.710716     0.443850 
59351.376247 0.000000 0.000000    -5.692620     0.443836 
59351.431065 0.000000 0.000000    -5.673989     0.443855 
59351.485883 0.000000 0.000000    -5.654826     0.443905 
59351.540702 0.000000 0.000000    -5.635136     0.443988 
59351.595520 0.000000 0.000000    -5.614923     0.444103 
59351.650339 0.000000 0.000000    -5.594191     0.444250 
59351.705157 0.000000 0.000000    -5.572946     0.444429 
59351.759976 0.000000 0.000000    -5.551192     0.444641 
59351.814794 0.000000 0.000000    -5.528937     0.444883 
59351.869612 0.000000 0.000000    -5.506184     0.445157 
59351.924431 0.000000 0.000000    -5.482942     0.445462 
59351.979249 0.000000 0.000000    -5.459216     0.445798 
59352.034068 0.000000 0.000000    -5.435013     0.446163 
59352.088886 0.000000 0.000000    -5.410341     0.446558 
59352.143705 0.000000 0.000000    -5.385206     0.446981 
59352.198523 0.000000 0.000000    -5.359617     0.447432 
59352.253341 0.000000 0.000000    -5.333582     0.447910 
59352.308160 0.000000 0.000000    -5.307109     0.448415 
59352.362978 0.000000 0.000000    -5.280206     0.448945 
59352.417797 0.000000 0.000000    -5.252884     0.449499 
59352.472615 0.000000 0.000000    -5.225150     0.450077 
59352.527434 0.000000 0.000000    -5.197014     0.450678 
59352.582252 0.000000 0.000000    -5.168488     0.451300 
59352.637070 0.000000 0.000000    -5.139579     0.451942 
59352.691889 0.000000 0.000000    -5.110300     0.452603 
59352.746707 0.000000 0.000000    -5.080660     0.453282 
59352.801526 0.000000 0.000000    -5.050671     0.453977 
59352.856344 0.000000 0.000000    -5.020344     0.454688 
59352.911163 0.000000 0.000000    -4.989691     0.455413 
59352.965981 0.000000 0.000000    -4.958723     0.456151 
59353.020799 0.000000 0.000000    -4.927452     0.456900 
59353.075618 0.000000 0.000000    -4.895891     0.457659 
59353.130436 0.000000 0.000000    -4.864053     0.458427 
59353.185255 0.000000 0.000000    -4.831949     0.459202 
59353.240073 0.000000 0.000000    -4.799595     0.459983 
59353.294892 0.000000 0.000000    -4.767002     0.460768 
59353.349710 0.000000 0.000000    -4.734184     0.461555 
59353.404528 0.000000 0.000000    -4.701156     0.462345 
59353.459347 0.000000 0.000000    -4.667932     0.463134 
59353.514165 0.000000 0.000000    -4.634525     0.463922 
59353.568984 0.000000 0.000000    -4.600950     0.464707 
59353.623802 0.000000 0.000000    -4.567222     0.465488 
59353.678621 0.000000 0.000000    -4.533356     0.466262 
59353.733439 0.000000 0.000000    -4.499368     0.467030 
59353.788257 0.000000 0.000000    -4.465272     0.467788 
59353.843076 0.000000 0.000000    -4.431084     0.468537 
59353.897894 0.000000 0.000000    -4.396820     0.469273 
59353.952713 0.000000 0.000000    -4.362495     0.469997 
59354.007531 0.000000 0.000000    -4.328127     0.470706 
59354.062350 0.000000 0.000000    -4.293731     0.471399 
59354.117168 0.000000 0.000000    -4.259323     0.472075 
59354.171986 0.000000 0.000000    -4.224920     0.472732 
59354.226805 0.000000 0.000000    -4.190539     0.473369 
59354.281623 0.000000 0.000000    -4.156197     0.473985 
59354.336442 0.000000 0.000000    -4.121910     0.474578 
59354.391260 0.000000 0.000000    -4.087696     0.475146 
59354.446079 0.000000 0.000000    -4.053571     0.475690 
59354.500897 0.000000 0.000000    -4.019554     0.476206 
59354.555715 0.000000 0.000000    -3.985661     0.476695 
59354.610534 0.000000 0.000000    -3.951910     0.477154 
59354.665352 0.000000 0.000000    -3.918318     0.477583 
59354.720171 0.000000 0.000000    -3.884903     0.477981 
59354.774989 0.000000 0.000000    -3.851683     0.478345 
59354.829808 0.000000 0.000000    -3.818675     0.478675 
59354.884626 0.000000 0.000000    -3.785897     0.478971 
59354.939444 0.000000 0.000000    -3.753366     0.479230 
59354.994263 0.000000 0.000000    -3.721101     0.479451 
59355.049081 0.000000 0.000000    -3.689118     0.479635 
59355.103900 0.000000 0.000000    -3.657437     0.479778 
59355.158718 0.000000 0.000000    -3.626074     0.479882 
59355.213537 0.000000 0.000000    -3.595047     0.479944 
59355.268355 0.000000 0.000000    -3.564374     0.479963 
59355.323173 0.000000 0.000000    -3.534072     0.479940 
59355.377992 0.000000 0.000000    -3.504160     0.479872 
59355.432810 0.000000 0.000000    -3.474653     0.479760 
59355.487629 0.000000 0.000000    -3.445571     0.479601 
59355.542447 0.000000 0.000000    -3.416929     0.479397 
59355.597266 0.000000 0.000000    -3.388746     0.479145 
59355.652084 0.000000 0.000000    -3.361038     0.478846 
59355.706902 0.000000 0.000000    -3.333822     0.478498 
59355.761721 0.000000 0.000000    -3.307115     0.478101 
59355.816539 0.000000 0.000000    -3.280934     0.477655 
59355.871358 0.000000 0.000000    -3.255295     0.477159 
59355.926176 0.000000 0.000000    -3.230215     0.476613 
59355.980995 0.000000 0.000000    -3.205709     0.476017 
59356.035813 0.000000 0.000000    -3.181794     0.475370 
59356.090631 0.000000 0.000000    -3.158486     0.474673 
59356.145450 0.000000 0.000000    -3.135800     0.473924 
59356.200268 0.000000 0.000000    -3.113751     0.473126 
59356.255087 0.000000 0.000000    -3.092354     0.472276 
59356.309905 0.000000 0.000000    -3.071625     0.471377 
59356.364724 0.000000 0.000000    -3.051578     0.470428 
59356.419542 0.000000 0.000000    -3.032228     0.469430 
59356.474360 0.000000 0.000000    -3.013588     0.468383 
59356.529179 0.000000 0.000000    -2.995672     0.467288 
59356.583997 0.000000 0.000000    -2.978494     0.466147 
59356.638816 0.000000 0.000000    -2.962067     0.464960 
59356.693634 0.000000 0.000000    -2.946403     0.463729 
59356.748452 0.000000 0.000000    -2.931517     0.462455 
59356.803271 0.000000 0.000000    -2.917419     0.461140 
59356.858089 0.000000 0.000000    -2.904121     0.459786 
59356.912908 0.000000 0.000000    -2.891636     0.458395 
59356.967726 0.000000 0.000000    -2.879974     0.456969 
59357.022545 0.000000 0.000000    -2.869147     0.455512 
59357.077363 0.000000 0.000000    -2.859164     0.454026 
59357.132181 0.000000 0.000000    -2.850035     0.452515 
59357.187000 0.000000 0.000000    -2.841771     0.450983 
59357.241818 0.000000 0.000000    -2.834381     0.449433 
59357.296637 0.000000 0.000000    -2.827874     0.447869 
59357.351455 0.000000 0.000000    -2.822257     0.446297 
59357.406274 0.000000 0.000000    -2.817539     0.444722 
59357.461092 0.000000 0.000000    -2.813728     0.443149 
59357.515910 0.000000 0.000000    -2.810830     0.441585 
59357.570729 0.000000 0.000000    -2.808853     0.440036 
59357.625547 0.000000 0.000000    -2.807803     0.438509 
59357.680366 0.000000 0.000000    -2.807685     0.437011 
59357.735184 0.000000 0.000000    -2.808505     0.435551 
59357.790003 0.000000 0.000000    -2.810267     0.434136 
59357.844821 0.000000 0.000000    -2.812977     0.432776 
59357.899639 0.000000 0.000000    -2.816637     0.431480 
59357.954458 0.000000 0.000000    -2.821252     0.430258 
59358.009276 0.000000 0.000000    -2.826824     0.429119 
59358.064095 0.000000 0.000000    -2.833356     0.428075 
59358.118913 0.000000 0.000000    -2.840850     0.427135 
59358.173732 0.000000 0.000000    -2.849307     0.426310 
59358.228550 0.000000 0.000000    -2.858728     0.425612 
59358.283368 0.000000 0.000000    -2.869114     0.425052 
59358.338187 0.000000 0.000000    -2.880464     0.424639 
59358.393005 0.000000 0.000000    -2.892778     0.424385 
59358.447824 0.000000 0.000000    -2.906055     0.424300 
59358.502642 0.000000 0.000000    -2.920293     0.424393 
59358.557461 0.000000 0.000000    -2.935490     0.424674 
59358.612279 0.000000 0.000000    -2.951643     0.425150 
59358.667097 0.000000 0.000000    -2.968750     0.425829 
59358.721916 0.000000 0.000000    -2.986806     0.426718 
59358.776734 0.000000 0.000000    -3.005808     0.427822 
59358.831553 0.000000 0.000000    -3.025750     0.429144 
59358.886371 0.000000 0.000000    -3.046628     0.430688 
59358.941190 0.000000 0.000000    -3.068436     0.432456 
59358.996008 0.000000 0.000000    -3.091167     0.434447 
59359.050826 0.000000 0.000000    -3.114814     0.436661 
59359.105645 0.000000 0.000000    -3.139372     0.439095 
59359.160463 0.000000 0.000000    -3.164830     0.441747 
59359.215282 0.000000 0.000000    -3.191183     0.444611 
59359.270100 0.000000 0.000000    -3.218419     0.447683 
59359.324919 0.000000 0.000000    -3.246532     0.450955 
59359.379737 0.000000 0.000000    -3.275509     0.454421 
59359.434555 0.000000 0.000000    -3.305342     0.458074 
59359.489374 0.000000 0.000000    -3.336020     0.461904 
59359.544192 0.000000 0.000000    -3.367530     0.465903 
59359.599011 0.000000 0.000000    -3.399863     0.470062 
59359.653829 0.000000 0.000000    -3.433004     0.474371 
59359.708648 0.000000 0.000000    -3.466943     0.478822 
59359.763466 0.000000 0.000000    -3.501665     0.483405 
59359.818284 0.000000 0.000000    -3.537158     0.488110 
59359.873103 0.000000 0.000000    -3.573407     0.492928 
59359.927921 0.000000 0.000000    -3.610398     0.497851 
59359.982740 0.000000 0.000000    -3.648115     0.502869 
59360.037558 0.000000 0.000000    -3.686545     0.507973 
59360.092377 0.000000 0.000000    -3.725671     0.513157 
59360.147195 0.000000 0.000000    -3.765476     0.518410 
59360.202013 0.000000 0.000000    -3.805946     0.523727 
59360.256832 0.000000 0.000000    -3.847062     0.529099 
59360.311650 0.000000 0.000000    -3.888808     0.534520 
59360.366469 0.000000 0.000000    -3.931166     0.539983 
59360.421287 0.000000 0.000000    -3.974117     0.545482 
59360.476106 0.000000 0.000000    -4.017645     0.551010 
59360.530924 0.000000 0.000000    -4.061730     0.556562 
59360.585742 0.000000 0.000000    -4.106353     0.562133 
59360.640561 0.000000 0.000000    -4.151496     0.567717 
59360.695379 0.000000 0.000000    -4.197137     0.573310 
59360.750198 0.000000 0.000000    -4.243259     0.578907 
59360.805016 0.000000 0.000000    -4.289840     0.584504 
59360.859835 0.000000 0.000000    -4.336860     0.590097 
59360.914653 0.000000 0.000000    -4.384299     0.595682 
59360.969471 0.000000 0.000000    -4.432136     0.601256 
59361.024290 0.000000 0.000000    -4.480350     0.606815 
59361.079108 0.000000 0.000000    -4.528918     0.612357 
59361.133927 0.000000 0.000000    -4.577821     0.617877 
59361.188745 0.000000 0.000000    -4.627035     0.623373 
59361.243564 0.000000 0.000000    -4.676540     0.628844 
59361.298382 0.000000 0.000000    -4.726313     0.634285 
59361.353200 0.000000 0.000000    -4.776333     0.639695 
59361.408019 0.000000 0.000000    -4.826575     0.645072 
59361.462837 0.000000 0.000000    -4.877019     0.650413 
59361.517656 0.000000 0.000000    -4.927642     0.655716 
59361.572474 0.000000 0.000000    -4.978420     0.660981 
59361.627293 0.000000 0.000000    -5.029332     0.666204 
59361.682111 0.000000 0.000000    -5.080355     0.671384 
59361.736929 0.000000 0.000000    -5.131464     0.676521 
59361.791748 0.000000 0.000000    -5.182639     0.681611 
59361.846566 0.000000 0.000000    -5.233855     0.686655 
59361.901385 0.000000 0.000000    -5.285090     0.691650 
59361.956203 0.000000 0.000000    -5.336320     0.696595 
59362.011022 0.000000 0.000000    -5.387524     0.701490 
59362.065840 0.000000 0.000000    -5.438677     0.706332 
59362.120658 0.000000 0.000000    -5.489757     0.711122 
59362.175477 0.000000 0.000000    -5.540742     0.715858 
59362.230295 0.000000 0.000000    -5.591608     0.720540 
59362.285114 0.000000 0.000000    -5.642333     0.725165 
59362.339932 0.000000 0.000000    -5.692894     0.729735 
59362.394751 0.000000 0.000000    -5.743269     0.734247 
59362.449569 0.000000 0.000000    -5.793436     0.738702 
59362.504387 0.000000 0.000000    -5.843372     0.743098 
59362.559206 0.000000 0.000000    -5.893056     0.747435 
59362.614024 0.000000 0.000000    -5.942465     0.751713 
59362.668843 0.000000 0.000000    -5.991577     0.755931 
59362.723661 0.000000 0.000000    -6.040372     0.760089 
59362.778480 0.000000 0.000000    -6.088828     0.764185 
59362.833298 0.000000 0.000000    -6.136924     0.768221 
59362.888116 0.000000 0.000000    -6.184640     0.772195 
59362.942935 0.000000 0.000000    -6.231953     0.776107 
59362.997753 0.000000 0.000000    -6.278845     0.779956 
59363.052572 0.000000 0.000000    -6.325296     0.783744 
59363.107390 0.000000 0.000000    -6.371284     0.787469 
59363.162209 0.000000 0.000000    -6.416792     0.791132 
59363.217027 0.000000 0.000000    -6.461799     0.794731 
59363.271845 0.000000 0.000000    -6.506288     0.798268 
59363.326664 0.000000 0.000000    -6.550238     0.801742 
59363.381482 0.000000 0.000000    -6.593633     0.805153 
59363.436301 0.000000 0.000000    -6.636454     0.808500 
59363.491119 0.000000 0.000000    -6.678684     0.811786 
59363.545938 0.000000 0.000000    -6.720306     0.815008 
59363.600756 0.000000 0.000000    -6.761302     0.818167 
59363.655574 0.000000 0.000000    -6.801658     0.821264 
59363.710393 0.000000 0.000000    -6.841355     0.824298 
59363.765211 0.000000 0.000000    -6.880380     0.827270 
59363.820030 0.000000 0.000000    -6.918717     0.830180 
59363.874848 0.000000 0.000000    -6.956351     0.833029 
59363.929666 0.000000 0.000000    -6.993268     0.835815 
59363.984485 0.000000 0.000000    -7.029454     0.838541 
59364.039303 0.000000 0.000000    -7.064896     0.841205 
59364.094122 0.000000 0.000000    -7.099581     0.843809 
59364.148940 0.000000 0.000000    -7.133496     0.846352 
59364.203759 0.000000 0.000000    -7.166629     0.848836 
59364.258577 0.000000 0.000000    -7.198969     0.851260 
59364.313395 0.000000 0.000000    -7.230504     0.853626 
59364.368214 0.000000 0.000000    -7.261225     0.855933 
59364.423032 0.000000 0.000000    -7.291121     0.858181 
59364.477851 0.000000 0.000000    -7.320182     0.860373 
59364.532669 0.000000 0.000000    -7.348399     0.862507 
59364.587488 0.000000 0.000000    -7.375765     0.864585 
59364.642306 0.000000 0.000000    -7.402270     0.866607 
59364.697124 0.000000 0.000000    -7.427907     0.868574 
59364.751943 0.000000 0.000000    -7.452669     0.870486 
59364.806761 0.000000 0.000000    -7.476550     0.872345 
59364.861580 0.000000 0.000000    -7.499543     0.874150 
59364.916398 0.000000 0.000000    -7.521643     0.875902 
59364.971217 0.000000 0.000000    -7.542846     0.877603 
59365.026035 0.000000 0.000000    -7.563146     0.879252 
59365.080853 0.000000 0.000000    -7.582540     0.880851 
59365.135672 0.000000 0.000000    -7.601024     0.882400 
59365.190490 0.000000 0.000000    -7.618595     0.883901 
59365.245309 0.000000 0.000000    -7.635252     0.885353 
59365.300127 0.000000 0.000000    -7.650992     0.886758 
59365.354946 0.000000 0.000000    -7.665814     0.888116 
59365.409764 0.000000 0.000000    -7.679717     0.889429 
59365.464582 0.000000 0.000000    -7.692701     0.890697 
59365.519401 0.000000 0.000000    -7.704766     0.891921 
59365.574219 0.000000 0.000000    -7.715913     0.893102 
59365.629038 0.000000 0.000000    -7.726144     0.894240 
59365.683856 0.000000 0.000000    -7.735460     0.895338 
59365.738675 0.000000 0.000000    -7.743863     0.896395 
59365.793493 0.000000 0.000000    -7.751357     0.897412 
59365.848311 0.000000 0.000000    -7.757944     0.898391 
59365.903130 0.000000 0.000000    -7.763628     0.899332 
59365.957948 0.000000 0.000000    -7.768415     0.900237 
59366.012767 0.000000 0.000000    -7.772307     0.901106 
59366.067585 0.000000 0.000000    -7.775312     0.901940 
59366.122404 0.000000 0.000000    -7.777434     0.902740 
59366.177222 0.000000 0.000000    -7.778680     0.903507 
59366.232040 0.000000 0.000000    -7.779057     0.904242 
59366.286859 0.000000 0.000000    -7.778571     0.904947 
59366.341677 0.000000 0.000000    -7.777230     0.905621 
59366.396496 0.000000 0.000000    -7.775043     0.906267 
59366.451314 0.000000 0.000000    -7.772017     0.906884 
59366.506133 0.000000 0.000000    -7.768162     0.907474 
59366.560951 0.000000 0.000000    -7.763487     0.908038 
59366.615769 0.000000 0.000000    -7.758002     0.908577 
59366.670588 0.000000 0.000000    -7.751716     0.909092 
59366.725406 0.000000 0.000000    -7.744641     0.909584 
59366.780225 0.000000 0.000000    -7.736788     0.910053 
59366.835043 0.000000 0.000000    -7.728167     0.910501 
59366.889862 0.000000 0.000000    -7.718790     0.910928 
59366.944680 0.000000 0.000000    -7.708670     0.911336 
59366.999498 0.000000 0.000000    -7.697818     0.911726 
59367.054317 0.000000 0.000000    -7.686248     0.912097 
59367.109135 0.000000 0.000000    -7.673973     0.912452 
59367.163954 0.000000 0.000000    -7.661005     0.912791 
59367.218772 0.000000 0.000000    -7.647359     0.913116 
59367.273591 0.000000 0.000000    -7.633048     0.913426 
59367.328409 0.000000 0.000000    -7.618088     0.913722 
59367.383227 0.000000 0.000000    -7.602492     0.914007 
59367.438046 0.000000 0.000000    -7.586275     0.914279 
59367.492864 0.000000 0.000000    -7.569452     0.914541 
59367.547683 0.000000 0.000000    -7.552040     0.914793 
59367.602501 0.000000 0.000000    -7.534052     0.915036 
59367.657320 0.000000 0.000000    -7.515505     0.915270 
59367.712138 0.000000 0.000000    -7.496416     0.915497 
59367.766956 0.000000 0.000000    -7.476799     0.915716 
59367.821775 0.000000 0.000000    -7.456673     0.915930 
59367.876593 0.000000 0.000000    -7.436052     0.916138 
59367.931412 0.000000 0.000000    -7.414954     0.916341 
59367.986230 0.000000 0.000000    -7.393397     0.916539 
59368.041049 0.000000 0.000000    -7.371395     0.916735 
59368.095867 0.000000 0.000000    -7.348968     0.916927 
59368.150685 0.000000 0.000000    -7.326133     0.917117 
59368.205504 0.000000 0.000000    -7.302906     0.917305 
59368.260322 0.000000 0.000000    -7.279305     0.917492 
59368.315141 0.000000 0.000000    -7.255347     0.917678 
59368.369959 0.000000 0.000000    -7.231052     0.917864 
59368.424778 0.000000 0.000000    -7.206435     0.918051 
59368.479596 0.000000 0.000000    -7.181515     0.918238 
59368.534414 0.000000 0.000000    -7.156310     0.918427 
59368.589233 0.000000 0.000000    -7.130837     0.918617 
59368.644051 0.000000 0.000000    -7.105114     0.918810 
59368.698870 0.000000 0.000000    -7.079160     0.919005 
59368.753688 0.000000 0.000000    -7.052992     0.919204 
59368.808507 0.000000 0.000000    -7.026627     0.919405 
59368.863325 0.000000 0.000000    -7.000084     0.919610 
59368.918143 0.000000 0.000000    -6.973380     0.919820 
59368.972962 0.000000 0.000000    -6.946534     0.920033 
59369.027780 0.000000 0.000000    -6.919562     0.920252 
59369.082599 0.000000 0.000000    -6.892482     0.920475 
59369.137417 0.000000 0.000000    -6.865312     0.920703 
59369.192236 0.000000 0.000000    -6.838069     0.920937 
59369.247054 0.000000 0.000000    -6.810770     0.921176 
59369.301872 0.000000 0.000000    -6.783433     0.921421 
59369.356691 0.000000 0.000000    -6.756075     0.921672 
59369.411509 0.000000 0.000000    -6.728712     0.921929 
59369.466328 0.000000 0.000000    -6.701361     0.922193 
59369.521146 0.000000 0.000000    -6.674039     0.922463 
59369.575965 0.000000 0.000000    -6.646763     0.922740 
59369.630783 0.000000 0.000000    -6.619548     0.923023 
59369.685601 0.000000 0.000000    -6.592412     0.923313 
59369.740420 0.000000 0.000000    -6.565368     0.923610 
59369.795238 0.000000 0.000000    -6.538435     0.923914 
59369.850057 0.000000 0.000000    -6.511626     0.924225 
59369.904875 0.000000 0.000000    -6.484958     0.924543 
59369.959694 0.000000 0.000000    -6.458445     0.924868 
59370.014512 0.000000 0.000000    -6.432102     0.925200 
59370.069330 0.000000 0.000000    -6.405944     0.925540 
59370.124149 0.000000 0.000000    -6.379985     0.925886 
59370.178967 0.000000 0.000000    -6.354240     0.926240 
59370.233786 0.000000 0.000000    -6.328722     0.926600 
59370.288604 0.000000 0.000000    -6.303445     0.926968 
59370.343423 0.000000 0.000000    -6.278422     0.927343 
59370.398241 0.000000 0.000000    -6.253667     0.927725 
59370.453059 0.000000 0.000000    -6.229191     0.928113 
59370.507878 0.000000 0.000000    -6.205009     0.928509 
59370.562696 0.000000 0.000000    -6.181131     0.928911 
59370.617515 0.000000 0.000000    -6.157570     0.929320 
59370.672333 0.000000 0.000000    -6.134338     0.929736 
59370.727151 0.000000 0.000000    -6.111445     0.930158 
59370.781970 0.000000 0.000000    -6.088904     0.930586 
59370.836788 0.000000 0.000000    -6.066723     0.931021 
59370.891607 0.000000 0.000000    -6.044915     0.931462 
59370.946425 0.000000 0.000000    -6.023488     0.931909 
59371.001244 0.000000 0.000000    -6.002453     0.932362 
59371.056062 0.000000 0.000000    -5.981820     0.932821 
59371.110880 0.000000 0.000000    -5.961596     0.933285 
59371.165699 0.000000 0.000000    -5.941791     0.933755 
59371.220517 0.000000 0.000000    -5.922414     0.934230 
59371.275336 0.000000 0.000000    -5.903472     0.934710 
59371.330154 0.000000 0.000000    -5.884972     0.935196 
59371.384973 0.000000 0.000000    -5.866924     0.935686 
59371.439791 0.000000 0.000000    -5.849333     0.936181 
59371.494609 0.000000 0.000000    -5.832206     0.936680 
59371.549428 0.000000 0.000000    -5.815550     0.937184 
59371.604246 0.000000 0.000000    -5.799370     0.937691 
59371.659065 0.000000 0.000000    -5.783672     0.938203 
59371.713883 0.000000 0.000000    -5.768462     0.938719 
59371.768702 0.000000 0.000000    -5.753745     0.939238 
59371.823520 0.000000 0.000000    -5.739525     0.939760 
59371.878338 0.000000 0.000000    -5.725806     0.940285 
59371.933157 0.000000 0.000000    -5.712592     0.940814 
59371.987975 0.000000 0.000000    -5.699887     0.941345 
59372.042794 0.000000 0.000000    -5.687694     0.941879 
59372.097612 0.000000 0.000000    -5.676017     0.942414 
59372.152431 0.000000 0.000000    -5.664857     0.942952 
59372.207249 0.000000 0.000000    -5.654216     0.943492 
59372.262067 0.000000 0.000000    -5.644097     0.944033 
59372.316886 0.000000 0.000000    -5.634502     0.944576 
59372.371704 0.000000 0.000000    -5.625430     0.945120 
59372.426523 0.000000 0.000000    -5.616884     0.945665 
59372.481341 0.000000 0.000000    -5.608863     0.946210 
59372.536160 0.000000 0.000000    -5.601369     0.946756 
59372.590978 0.000000 0.000000    -5.594400     0.947302 
59372.645796 0.000000 0.000000    -5.587956     0.947848 
59372.700615 0.000000 0.000000    -5.582037     0.948394 
59372.755433 0.000000 0.000000    -5.576641     0.948939 
59372.810252 0.000000 0.000000    -5.571768     0.949483 
59372.865070 0.000000 0.000000    -5.567414     0.950027 
59372.919889 0.000000 0.000000    -5.563579     0.950569 
59372.974707 0.000000 0.000000    -5.560260     0.951110 
59373.029525 0.000000 0.000000    -5.557455     0.951649 
59373.084344 0.000000 0.000000    -5.555159     0.952185 
59373.139162 0.000000 0.000000    -5.553371     0.952720 
59373.193981 0.000000 0.000000    -5.552087     0.953252 
59373.248799 0.000000 0.000000    -5.551302     0.953782 
59373.303618 0.000000 0.000000    -5.551014     0.954308 
59373.358436 0.000000 0.000000    -5.551217     0.954831 
59373.413254 0.000000 0.000000    -5.551907     0.955351 
59373.468073 0.000000 0.000000    -5.553079     0.955867 
59373.522891 0.000000 0.000000    -5.554727     0.956380 
59373.577710 0.000000 0.000000    -5.556848     0.956888 
59373.632528 0.000000 0.000000    -5.559434     0.957392 
59373.687347 0.000000 0.000000    -5.562481     0.957891 
59373.742165 0.000000 0.000000    -5.565981     0.958385 
59373.796983 0.000000 0.000000    -5.569929     0.958874 
59373.851802 0.000000 0.000000    -5.574318     0.959359 
59373.906620 0.000000 0.000000    -5.579140     0.959837 
59373.961439 0.000000 0.000000    -5.584391     0.960310 
59374.016257 0.000000 0.000000    -5.590061     0.960777 
59374.071076 0.000000 0.000000    -5.596143     0.961238 
59374.125894 0.000000 0.000000     0.014801     7.738090 
