# time Tc_folded Tref_folded model model_err 
59318.211098 0.000000 0.000000    -3.778763     0.832769 
59318.265916 0.000000 0.000000    -3.789332     0.832583 
59318.320735 0.000000 0.000000    -3.799778     0.832389 
59318.375553 0.000000 0.000000    -3.810094     0.832186 
59318.430372 0.000000 0.000000    -3.820271     0.831976 
59318.485190 0.000000 0.000000    -3.830301     0.831758 
59318.540009 0.000000 0.000000    -3.840176     0.831532 
59318.594827 0.000000 0.000000    -3.849888     0.831299 
59318.649645 0.000000 0.000000    -3.859429     0.831057 
59318.704464 0.000000 0.000000    -3.868792     0.830808 
59318.759282 0.000000 0.000000    -3.877968     0.830552 
59318.814101 0.000000 0.000000    -3.886950     0.830289 
59318.868919 0.000000 0.000000    -3.895730     0.830018 
59318.923738 0.000000 0.000000    -3.904300     0.829739 
59318.978556 0.000000 0.000000    -3.912654     0.829454 
59319.033374 0.000000 0.000000    -3.920784     0.829162 
59319.088193 0.000000 0.000000    -3.928682     0.828864 
59319.143011 0.000000 0.000000    -3.936341     0.828558 
59319.197830 0.000000 0.000000    -3.943755     0.828246 
59319.252648 0.000000 0.000000    -3.950915     0.827928 
59319.307467 0.000000 0.000000    -3.957816     0.827604 
59319.362285 0.000000 0.000000    -3.964451     0.827274 
59319.417103 0.000000 0.000000    -3.970812     0.826938 
59319.471922 0.000000 0.000000    -3.976893     0.826596 
59319.526740 0.000000 0.000000    -3.982688     0.826249 
59319.581559 0.000000 0.000000    -3.988190     0.825897 
59319.636377 0.000000 0.000000    -3.993393     0.825540 
59319.691196 0.000000 0.000000    -3.998291     0.825179 
59319.746014 0.000000 0.000000    -4.002878     0.824812 
59319.800832 0.000000 0.000000    -4.007148     0.824442 
59319.855651 0.000000 0.000000    -4.011095     0.824068 
59319.910469 0.000000 0.000000    -4.014714     0.823690 
59319.965288 0.000000 0.000000    -4.017999     0.823308 
59320.020106 0.000000 0.000000    -4.020944     0.822923 
59320.074925 0.000000 0.000000    -4.023546     0.822536 
59320.129743 0.000000 0.000000    -4.025797     0.822145 
59320.184561 0.000000 0.000000    -4.027695     0.821752 
59320.239380 0.000000 0.000000    -4.029233     0.821358 
59320.294198 0.000000 0.000000    -4.030407     0.820961 
59320.349017 0.000000 0.000000    -4.031213     0.820563 
59320.403835 0.000000 0.000000    -4.031647     0.820163 
59320.458654 0.000000 0.000000    -4.031703     0.819763 
59320.513472 0.000000 0.000000    -4.031379     0.819363 
59320.568290 0.000000 0.000000    -4.030670     0.818961 
59320.623109 0.000000 0.000000    -4.029572     0.818561 
59320.677927 0.000000 0.000000    -4.028083     0.818160 
59320.732746 0.000000 0.000000    -4.026199     0.817760 
59320.787564 0.000000 0.000000    -4.023916     0.817361 
59320.842383 0.000000 0.000000    -4.021232     0.816964 
59320.897201 0.000000 0.000000    -4.018144     0.816568 
59320.952019 0.000000 0.000000    -4.014649     0.816175 
59321.006838 0.000000 0.000000    -4.010744     0.815783 
59321.061656 0.000000 0.000000    -4.006429     0.815395 
59321.116475 0.000000 0.000000    -4.001699     0.815009 
59321.171293 0.000000 0.000000    -3.996554     0.814627 
59321.226112 0.000000 0.000000    -3.990992     0.814248 
59321.280930 0.000000 0.000000    -3.985012     0.813874 
59321.335748 0.000000 0.000000    -3.978611     0.813504 
59321.390567 0.000000 0.000000    -3.971790     0.813138 
59321.445385 0.000000 0.000000    -3.964546     0.812778 
59321.500204 0.000000 0.000000    -3.956880     0.812422 
59321.555022 0.000000 0.000000    -3.948791     0.812073 
59321.609841 0.000000 0.000000    -3.940278     0.811729 
59321.664659 0.000000 0.000000    -3.931342     0.811392 
59321.719477 0.000000 0.000000    -3.921983     0.811061 
59321.774296 0.000000 0.000000    -3.912201     0.810737 
59321.829114 0.000000 0.000000    -3.901996     0.810420 
59321.883933 0.000000 0.000000    -3.891369     0.810110 
59321.938751 0.000000 0.000000    -3.880322     0.809808 
59321.993569 0.000000 0.000000    -3.868856     0.809514 
59322.048388 0.000000 0.000000    -3.856971     0.809228 
59322.103206 0.000000 0.000000    -3.844671     0.808950 
59322.158025 0.000000 0.000000    -3.831956     0.808681 
59322.212843 0.000000 0.000000    -3.818828     0.808421 
59322.267662 0.000000 0.000000    -3.805291     0.808169 
59322.322480 0.000000 0.000000    -3.791346     0.807927 
59322.377298 0.000000 0.000000    -3.776997     0.807694 
59322.432117 0.000000 0.000000    -3.762246     0.807471 
59322.486935 0.000000 0.000000    -3.747096     0.807257 
59322.541754 0.000000 0.000000    -3.731552     0.807053 
59322.596572 0.000000 0.000000    -3.715617     0.806859 
59322.651391 0.000000 0.000000    -3.699294     0.806675 
59322.706209 0.000000 0.000000    -3.682589     0.806501 
59322.761027 0.000000 0.000000    -3.665505     0.806338 
59322.815846 0.000000 0.000000    -3.648046     0.806184 
59322.870664 0.000000 0.000000    -3.630219     0.806041 
59322.925483 0.000000 0.000000    -3.612028     0.805907 
59322.980301 0.000000 0.000000    -3.593478     0.805785 
59323.035120 0.000000 0.000000    -3.574575     0.805672 
59323.089938 0.000000 0.000000    -3.555324     0.805569 
59323.144756 0.000000 0.000000    -3.535732     0.805477 
59323.199575 0.000000 0.000000    -3.515805     0.805395 
59323.254393 0.000000 0.000000    -3.495550     0.805322 
59323.309212 0.000000 0.000000    -3.474973     0.805260 
59323.364030 0.000000 0.000000    -3.454080     0.805207 
59323.418849 0.000000 0.000000    -3.432880     0.805164 
59323.473667 0.000000 0.000000    -3.411379     0.805130 
59323.528485 0.000000 0.000000    -3.389586     0.805105 
59323.583304 0.000000 0.000000    -3.367507     0.805089 
59323.638122 0.000000 0.000000    -3.345152     0.805081 
59323.692941 0.000000 0.000000    -3.322528     0.805082 
59323.747759 0.000000 0.000000    -3.299643     0.805092 
59323.802578 0.000000 0.000000    -3.276507     0.805109 
59323.857396 0.000000 0.000000    -3.253128     0.805133 
59323.912214 0.000000 0.000000    -3.229516     0.805165 
59323.967033 0.000000 0.000000    -3.205679     0.805204 
59324.021851 0.000000 0.000000    -3.181628     0.805249 
59324.076670 0.000000 0.000000    -3.157371     0.805300 
59324.131488 0.000000 0.000000    -3.132919     0.805356 
59324.186307 0.000000 0.000000    -3.108281     0.805418 
59324.241125 0.000000 0.000000    -3.083469     0.805484 
59324.295943 0.000000 0.000000    -3.058492     0.805555 
59324.350762 0.000000 0.000000    -3.033362     0.805629 
59324.405580 0.000000 0.000000    -3.008088     0.805707 
59324.460399 0.000000 0.000000    -2.982682     0.805787 
59324.515217 0.000000 0.000000    -2.957155     0.805870 
59324.570036 0.000000 0.000000    -2.931519     0.805954 
59324.624854 0.000000 0.000000    -2.905784     0.806039 
59324.679672 0.000000 0.000000    -2.879963     0.806125 
59324.734491 0.000000 0.000000    -2.854066     0.806210 
59324.789309 0.000000 0.000000    -2.828107     0.806294 
59324.844128 0.000000 0.000000    -2.802097     0.806377 
59324.898946 0.000000 0.000000    -2.776048     0.806458 
59324.953765 0.000000 0.000000    -2.749972     0.806536 
59325.008583 0.000000 0.000000    -2.723883     0.806611 
59325.063401 0.000000 0.000000    -2.697791     0.806682 
59325.118220 0.000000 0.000000    -2.671711     0.806748 
59325.173038 0.000000 0.000000    -2.645655     0.806808 
59325.227857 0.000000 0.000000    -2.619635     0.806862 
59325.282675 0.000000 0.000000    -2.593665     0.806909 
59325.337494 0.000000 0.000000    -2.567757     0.806948 
59325.392312 0.000000 0.000000    -2.541925     0.806979 
59325.447130 0.000000 0.000000    -2.516182     0.807001 
59325.501949 0.000000 0.000000    -2.490541     0.807013 
59325.556767 0.000000 0.000000    -2.465015     0.807014 
59325.611586 0.000000 0.000000    -2.439617     0.807003 
59325.666404 0.000000 0.000000    -2.414362     0.806981 
59325.721223 0.000000 0.000000    -2.389262     0.806945 
59325.776041 0.000000 0.000000    -2.364330     0.806895 
59325.830859 0.000000 0.000000    -2.339581     0.806831 
59325.885678 0.000000 0.000000    -2.315028     0.806752 
59325.940496 0.000000 0.000000    -2.290684     0.806656 
59325.995315 0.000000 0.000000    -2.266562     0.806543 
59326.050133 0.000000 0.000000    -2.242677     0.806413 
59326.104952 0.000000 0.000000    -2.219041     0.806264 
59326.159770 0.000000 0.000000    -2.195668     0.806095 
59326.214588 0.000000 0.000000    -2.172571     0.805907 
59326.269407 0.000000 0.000000    -2.149763     0.805697 
59326.324225 0.000000 0.000000    -2.127259     0.805466 
59326.379044 0.000000 0.000000    -2.105071     0.805213 
59326.433862 0.000000 0.000000    -2.083212     0.804936 
59326.488681 0.000000 0.000000    -2.061695     0.804634 
59326.543499 0.000000 0.000000    -2.040534     0.804309 
59326.598317 0.000000 0.000000    -2.019741     0.803957 
59326.653136 0.000000 0.000000    -1.999328     0.803579 
59326.707954 0.000000 0.000000    -1.979310     0.803174 
59326.762773 0.000000 0.000000    -1.959698     0.802741 
59326.817591 0.000000 0.000000    -1.940505     0.802279 
59326.872410 0.000000 0.000000    -1.921742     0.801788 
59326.927228 0.000000 0.000000    -1.903423     0.801267 
59326.982046 0.000000 0.000000    -1.885560     0.800715 
59327.036865 0.000000 0.000000    -1.868163     0.800131 
59327.091683 0.000000 0.000000    -1.851246     0.799515 
59327.146502 0.000000 0.000000    -1.834818     0.798866 
59327.201320 0.000000 0.000000    -1.818893     0.798183 
59327.256139 0.000000 0.000000    -1.803480     0.797466 
59327.310957 0.000000 0.000000    -1.788592     0.796714 
59327.365775 0.000000 0.000000    -1.774238     0.795926 
59327.420594 0.000000 0.000000    -1.760429     0.795102 
59327.475412 0.000000 0.000000    -1.747176     0.794241 
59327.530231 0.000000 0.000000    -1.734489     0.793342 
59327.585049 0.000000 0.000000    -1.722377     0.792405 
59327.639868 0.000000 0.000000    -1.710850     0.791429 
59327.694686 0.000000 0.000000    -1.699918     0.790413 
59327.749504 0.000000 0.000000    -1.689589     0.789358 
59327.804323 0.000000 0.000000    -1.679873     0.788262 
59327.859141 0.000000 0.000000    -1.670778     0.787124 
59327.913960 0.000000 0.000000    -1.662313     0.785945 
59327.968778 0.000000 0.000000    -1.654484     0.784724 
59328.023597 0.000000 0.000000    -1.647301     0.783460 
59328.078415 0.000000 0.000000    -1.640771     0.782153 
59328.133233 0.000000 0.000000    -1.634900     0.780803 
59328.188052 0.000000 0.000000    -1.629695     0.779408 
59328.242870 0.000000 0.000000    -1.625164     0.777968 
59328.297689 0.000000 0.000000    -1.621312     0.776484 
59328.352507 0.000000 0.000000    -1.618144     0.774954 
59328.407326 0.000000 0.000000    -1.615668     0.773378 
59328.462144 0.000000 0.000000    -1.613886     0.771756 
59328.516962 0.000000 0.000000    -1.612806     0.770088 
59328.571781 0.000000 0.000000    -1.612430     0.768372 
59328.626599 0.000000 0.000000    -1.612764     0.766610 
59328.681418 0.000000 0.000000    -1.613810     0.764800 
59328.736236 0.000000 0.000000    -1.615573     0.762942 
59328.791054 0.000000 0.000000    -1.618056     0.761036 
59328.845873 0.000000 0.000000    -1.621260     0.759082 
59328.900691 0.000000 0.000000    -1.625189     0.757079 
59328.955510 0.000000 0.000000    -1.629844     0.755028 
59329.010328 0.000000 0.000000    -1.635227     0.752927 
59329.065147 0.000000 0.000000    -1.641339     0.750778 
59329.119965 0.000000 0.000000    -1.648181     0.748579 
59329.174783 0.000000 0.000000    -1.655754     0.746331 
59329.229602 0.000000 0.000000    -1.664056     0.744034 
59329.284420 0.000000 0.000000    -1.673089     0.741687 
59329.339239 0.000000 0.000000    -1.682851     0.739291 
59329.394057 0.000000 0.000000    -1.693341     0.736845 
59329.448876 0.000000 0.000000    -1.704558     0.734350 
59329.503694 0.000000 0.000000    -1.716499     0.731805 
59329.558512 0.000000 0.000000    -1.729163     0.729211 
59329.613331 0.000000 0.000000    -1.742546     0.726568 
59329.668149 0.000000 0.000000    -1.756646     0.723875 
59329.722968 0.000000 0.000000    -1.771459     0.721133 
59329.777786 0.000000 0.000000    -1.786981     0.718342 
59329.832605 0.000000 0.000000    -1.803207     0.715502 
59329.887423 0.000000 0.000000    -1.820134     0.712614 
59329.942241 0.000000 0.000000    -1.837756     0.709677 
59329.997060 0.000000 0.000000    -1.856068     0.706693 
59330.051878 0.000000 0.000000    -1.875063     0.703660 
59330.106697 0.000000 0.000000    -1.894736     0.700581 
59330.161515 0.000000 0.000000    -1.915080     0.697454 
59330.216334 0.000000 0.000000    -1.936088     0.694280 
59330.271152 0.000000 0.000000    -1.957752     0.691061 
59330.325970 0.000000 0.000000    -1.980066     0.687795 
59330.380789 0.000000 0.000000    -2.003020     0.684484 
59330.435607 0.000000 0.000000    -2.026606     0.681129 
59330.490426 0.000000 0.000000    -2.050816     0.677729 
59330.545244 0.000000 0.000000    -2.075641     0.674286 
59330.600063 0.000000 0.000000    -2.101070     0.670800 
59330.654881 0.000000 0.000000    -2.127094     0.667272 
59330.709699 0.000000 0.000000    -2.153703     0.663702 
59330.764518 0.000000 0.000000    -2.180886     0.660091 
59330.819336 0.000000 0.000000    -2.208632     0.656440 
59330.874155 0.000000 0.000000    -2.236930     0.652750 
59330.928973 0.000000 0.000000    -2.265769     0.649022 
59330.983792 0.000000 0.000000    -2.295137     0.645257 
59331.038610 0.000000 0.000000    -2.325021     0.641455 
59331.093428 0.000000 0.000000    -2.355409     0.637617 
59331.148247 0.000000 0.000000    -2.386288     0.633746 
59331.203065 0.000000 0.000000    -2.417646     0.629841 
59331.257884 0.000000 0.000000    -2.449469     0.625904 
59331.312702 0.000000 0.000000    -2.481743     0.621937 
59331.367521 0.000000 0.000000    -2.514455     0.617940 
59331.422339 0.000000 0.000000    -2.547591     0.613914 
59331.477157 0.000000 0.000000    -2.581135     0.609862 
59331.531976 0.000000 0.000000    -2.615074     0.605784 
59331.586794 0.000000 0.000000    -2.649393     0.601683 
59331.641613 0.000000 0.000000    -2.684077     0.597559 
59331.696431 0.000000 0.000000    -2.719111     0.593414 
59331.751250 0.000000 0.000000    -2.754478     0.589250 
59331.806068 0.000000 0.000000    -2.790164     0.585069 
59331.860886 0.000000 0.000000    -2.826153     0.580872 
59331.915705 0.000000 0.000000    -2.862428     0.576662 
59331.970523 0.000000 0.000000    -2.898974     0.572439 
59332.025342 0.000000 0.000000    -2.935774     0.568207 
59332.080160 0.000000 0.000000    -2.972812     0.563968 
59332.134979 0.000000 0.000000    -3.010070     0.559723 
59332.189797 0.000000 0.000000    -3.047534     0.555474 
59332.244615 0.000000 0.000000    -3.085185     0.551225 
59332.299434 0.000000 0.000000    -3.123006     0.546977 
59332.354252 0.000000 0.000000    -3.160982     0.542733 
59332.409071 0.000000 0.000000    -3.199093     0.538495 
59332.463889 0.000000 0.000000    -3.237324     0.534265 
59332.518708 0.000000 0.000000    -3.275657     0.530048 
59332.573526 0.000000 0.000000    -3.314075     0.525845 
59332.628344 0.000000 0.000000    -3.352561     0.521658 
59332.683163 0.000000 0.000000    -3.391096     0.517492 
59332.737981 0.000000 0.000000    -3.429664     0.513349 
59332.792800 0.000000 0.000000    -3.468247     0.509231 
59332.847618 0.000000 0.000000    -3.506828     0.505142 
59332.902437 0.000000 0.000000    -3.545389     0.501085 
59332.957255 0.000000 0.000000    -3.583913     0.497063 
59333.012073 0.000000 0.000000    -3.622383     0.493079 
59333.066892 0.000000 0.000000    -3.660781     0.489137 
59333.121710 0.000000 0.000000    -3.699091     0.485239 
59333.176529 0.000000 0.000000    -3.737294     0.481388 
59333.231347 0.000000 0.000000    -3.775374     0.477589 
59333.286166 0.000000 0.000000    -3.813314     0.473844 
59333.340984 0.000000 0.000000    -3.851096     0.470156 
59333.395802 0.000000 0.000000    -3.888705     0.466529 
59333.450621 0.000000 0.000000    -3.926123     0.462965 
59333.505439 0.000000 0.000000    -3.963334     0.459467 
59333.560258 0.000000 0.000000    -4.000321     0.456039 
59333.615076 0.000000 0.000000    -4.037068     0.452683 
59333.669895 0.000000 0.000000    -4.073559     0.449401 
59333.724713 0.000000 0.000000    -4.109778     0.446197 
59333.779531 0.000000 0.000000    -4.145709     0.443073 
59333.834350 0.000000 0.000000    -4.181337     0.440031 
59333.889168 0.000000 0.000000    -4.216645     0.437072 
59333.943987 0.000000 0.000000    -4.251620     0.434199 
59333.998805 0.000000 0.000000    -4.286245     0.431413 
59334.053624 0.000000 0.000000    -4.320506     0.428716 
59334.108442 0.000000 0.000000    -4.354389     0.426108 
59334.163260 0.000000 0.000000    -4.387880     0.423590 
59334.218079 0.000000 0.000000    -4.420963     0.421163 
59334.272897 0.000000 0.000000    -4.453626     0.418827 
59334.327716 0.000000 0.000000    -4.485855     0.416582 
59334.382534 0.000000 0.000000    -4.517637     0.414427 
59334.437353 0.000000 0.000000    -4.548958     0.412362 
59334.492171 0.000000 0.000000    -4.579806     0.410386 
59334.546989 0.000000 0.000000    -4.610169     0.408498 
59334.601808 0.000000 0.000000    -4.640035     0.406696 
59334.656626 0.000000 0.000000    -4.669391     0.404977 
59334.711445 0.000000 0.000000    -4.698226     0.403342 
59334.766263 0.000000 0.000000    -4.726530     0.401786 
59334.821082 0.000000 0.000000    -4.754291     0.400307 
59334.875900 0.000000 0.000000    -4.781499     0.398903 
59334.930718 0.000000 0.000000    -4.808143     0.397572 
59334.985537 0.000000 0.000000    -4.834215     0.396309 
59335.040355 0.000000 0.000000    -4.859704     0.395111 
59335.095174 0.000000 0.000000    -4.884601     0.393977 
59335.149992 0.000000 0.000000    -4.908899     0.392901 
59335.204811 0.000000 0.000000    -4.932587     0.391881 
59335.259629 0.000000 0.000000    -4.955659     0.390913 
59335.314447 0.000000 0.000000    -4.978107     0.389994 
59335.369266 0.000000 0.000000    -4.999923     0.389120 
59335.424084 0.000000 0.000000    -5.021101     0.388288 
59335.478903 0.000000 0.000000    -5.041634     0.387494 
59335.533721 0.000000 0.000000    -5.061516     0.386735 
59335.588540 0.000000 0.000000    -5.080742     0.386008 
59335.643358 0.000000 0.000000    -5.099306     0.385310 
59335.698176 0.000000 0.000000    -5.117203     0.384637 
59335.752995 0.000000 0.000000    -5.134429     0.383986 
59335.807813 0.000000 0.000000    -5.150979     0.383355 
59335.862632 0.000000 0.000000    -5.166850     0.382741 
59335.917450 0.000000 0.000000    -5.182039     0.382141 
59335.972268 0.000000 0.000000    -5.196543     0.381553 
59336.027087 0.000000 0.000000    -5.210358     0.380974 
59336.081905 0.000000 0.000000    -5.223484     0.380402 
59336.136724 0.000000 0.000000    -5.235917     0.379836 
59336.191542 0.000000 0.000000    -5.247658     0.379273 
59336.246361 0.000000 0.000000    -5.258705     0.378712 
59336.301179 0.000000 0.000000    -5.269057     0.378151 
59336.355997 0.000000 0.000000    -5.278715     0.377589 
59336.410816 0.000000 0.000000    -5.287678     0.377024 
59336.465634 0.000000 0.000000    -5.295947     0.376456 
59336.520453 0.000000 0.000000    -5.303524     0.375884 
59336.575271 0.000000 0.000000    -5.310409     0.375306 
59336.630090 0.000000 0.000000    -5.316605     0.374722 
59336.684908 0.000000 0.000000    -5.322114     0.374132 
59336.739726 0.000000 0.000000    -5.326938     0.373535 
59336.794545 0.000000 0.000000    -5.331081     0.372931 
59336.849363 0.000000 0.000000    -5.334545     0.372320 
59336.904182 0.000000 0.000000    -5.337334     0.371701 
59336.959000 0.000000 0.000000    -5.339453     0.371076 
59337.013819 0.000000 0.000000    -5.340905     0.370444 
59337.068637 0.000000 0.000000    -5.341697     0.369805 
59337.123455 0.000000 0.000000    -5.341832     0.369160 
59337.178274 0.000000 0.000000    -5.341316     0.368510 
59337.233092 0.000000 0.000000    -5.340155     0.367854 
59337.287911 0.000000 0.000000    -5.338356     0.367195 
59337.342729 0.000000 0.000000    -5.335924     0.366532 
59337.397548 0.000000 0.000000    -5.332867     0.365866 
59337.452366 0.000000 0.000000    -5.329191     0.365198 
59337.507184 0.000000 0.000000    -5.324905     0.364530 
59337.562003 0.000000 0.000000    -5.320016     0.363862 
59337.616821 0.000000 0.000000    -5.314531     0.363196 
59337.671640 0.000000 0.000000    -5.308460     0.362531 
59337.726458 0.000000 0.000000    -5.301810     0.361870 
59337.781277 0.000000 0.000000    -5.294592     0.361214 
59337.836095 0.000000 0.000000    -5.286813     0.360564 
59337.890913 0.000000 0.000000    -5.278484     0.359920 
59337.945732 0.000000 0.000000    -5.269614     0.359285 
59338.000550 0.000000 0.000000    -5.260213     0.358659 
59338.055369 0.000000 0.000000    -5.250291     0.358043 
59338.110187 0.000000 0.000000    -5.239859     0.357439 
59338.165006 0.000000 0.000000    -5.228928     0.356848 
59338.219824 0.000000 0.000000    -5.217508     0.356271 
59338.274642 0.000000 0.000000    -5.205610     0.355709 
59338.329461 0.000000 0.000000    -5.193246     0.355162 
59338.384279 0.000000 0.000000    -5.180427     0.354633 
59338.439098 0.000000 0.000000    -5.167165     0.354121 
59338.493916 0.000000 0.000000    -5.153471     0.353627 
59338.548735 0.000000 0.000000    -5.139358     0.353154 
59338.603553 0.000000 0.000000    -5.124838     0.352700 
59338.658371 0.000000 0.000000    -5.109923     0.352267 
59338.713190 0.000000 0.000000    -5.094626     0.351856 
59338.768008 0.000000 0.000000    -5.078959     0.351466 
59338.822827 0.000000 0.000000    -5.062935     0.351099 
59338.877645 0.000000 0.000000    -5.046566     0.350755 
59338.932464 0.000000 0.000000    -5.029867     0.350433 
59338.987282 0.000000 0.000000    -5.012849     0.350134 
59339.042100 0.000000 0.000000    -4.995526     0.349859 
59339.096919 0.000000 0.000000    -4.977911     0.349607 
59339.151737 0.000000 0.000000    -4.960017     0.349377 
59339.206556 0.000000 0.000000    -4.941858     0.349171 
59339.261374 0.000000 0.000000    -4.923447     0.348988 
59339.316193 0.000000 0.000000    -4.904798     0.348827 
59339.371011 0.000000 0.000000    -4.885924     0.348688 
59339.425829 0.000000 0.000000    -4.866838     0.348570 
59339.480648 0.000000 0.000000    -4.847554     0.348474 
59339.535466 0.000000 0.000000    -4.828086     0.348399 
59339.590285 0.000000 0.000000    -4.808447     0.348343 
59339.645103 0.000000 0.000000    -4.788650     0.348306 
59339.699922 0.000000 0.000000    -4.768710     0.348289 
59339.754740 0.000000 0.000000    -4.748639     0.348289 
59339.809558 0.000000 0.000000    -4.728451     0.348306 
59339.864377 0.000000 0.000000    -4.708159     0.348340 
59339.919195 0.000000 0.000000    -4.687778     0.348389 
59339.974014 0.000000 0.000000    -4.667319     0.348453 
59340.028832 0.000000 0.000000    -4.646797     0.348530 
59340.083651 0.000000 0.000000    -4.626224     0.348621 
59340.138469 0.000000 0.000000    -4.605613     0.348724 
59340.193287 0.000000 0.000000    -4.584979     0.348838 
59340.248106 0.000000 0.000000    -4.564332     0.348963 
59340.302924 0.000000 0.000000    -4.543687     0.349097 
59340.357743 0.000000 0.000000    -4.523056     0.349241 
59340.412561 0.000000 0.000000    -4.502452     0.349393 
59340.467380 0.000000 0.000000    -4.481886     0.349552 
59340.522198 0.000000 0.000000    -4.461371     0.349718 
59340.577016 0.000000 0.000000    -4.440920     0.349890 
59340.631835 0.000000 0.000000    -4.420544     0.350068 
59340.686653 0.000000 0.000000    -4.400256     0.350251 
59340.741472 0.000000 0.000000    -4.380067     0.350438 
59340.796290 0.000000 0.000000    -4.359988     0.350630 
59340.851109 0.000000 0.000000    -4.340031     0.350825 
59340.905927 0.000000 0.000000    -4.320207     0.351023 
59340.960745 0.000000 0.000000    -4.300528     0.351224 
59341.015564 0.000000 0.000000    -4.281004     0.351428 
59341.070382 0.000000 0.000000    -4.261645     0.351634 
59341.125201 0.000000 0.000000    -4.242462     0.351842 
59341.180019 0.000000 0.000000    -4.223466     0.352053 
59341.234838 0.000000 0.000000    -4.204667     0.352266 
59341.289656 0.000000 0.000000    -4.186073     0.352481 
59341.344474 0.000000 0.000000    -4.167696     0.352698 
59341.399293 0.000000 0.000000    -4.149544     0.352918 
59341.454111 0.000000 0.000000    -4.131627     0.353140 
59341.508930 0.000000 0.000000    -4.113953     0.353365 
59341.563748 0.000000 0.000000    -4.096531     0.353593 
59341.618567 0.000000 0.000000    -4.079370     0.353824 
59341.673385 0.000000 0.000000    -4.062478     0.354059 
59341.728203 0.000000 0.000000    -4.045863     0.354298 
59341.783022 0.000000 0.000000    -4.029533     0.354541 
59341.837840 0.000000 0.000000    -4.013496     0.354789 
59341.892659 0.000000 0.000000    -3.997758     0.355043 
59341.947477 0.000000 0.000000    -3.982326     0.355302 
59342.002296 0.000000 0.000000    -3.967208     0.355568 
59342.057114 0.000000 0.000000    -3.952411     0.355841 
59342.111932 0.000000 0.000000    -3.937939     0.356121 
59342.166751 0.000000 0.000000    -3.923800     0.356410 
59342.221569 0.000000 0.000000    -3.909998     0.356708 
59342.276388 0.000000 0.000000    -3.896541     0.357015 
59342.331206 0.000000 0.000000    -3.883432     0.357332 
59342.386025 0.000000 0.000000    -3.870677     0.357659 
59342.440843 0.000000 0.000000    -3.858281     0.357998 
59342.495661 0.000000 0.000000    -3.846247     0.358349 
59342.550480 0.000000 0.000000    -3.834581     0.358712 
59342.605298 0.000000 0.000000    -3.823286     0.359089 
59342.660117 0.000000 0.000000    -3.812365     0.359479 
59342.714935 0.000000 0.000000    -3.801823     0.359883 
59342.769753 0.000000 0.000000    -3.791662     0.360301 
59342.824572 0.000000 0.000000    -3.781885     0.360735 
59342.879390 0.000000 0.000000    -3.772495     0.361184 
59342.934209 0.000000 0.000000    -3.763494     0.361649 
59342.989027 0.000000 0.000000    -3.754884     0.362130 
59343.043846 0.000000 0.000000    -3.746668     0.362627 
59343.098664 0.000000 0.000000    -3.738846     0.363142 
59343.153482 0.000000 0.000000    -3.731420     0.363673 
59343.208301 0.000000 0.000000    -3.724391     0.364222 
59343.263119 0.000000 0.000000    -3.717760     0.364787 
59343.317938 0.000000 0.000000    -3.711527     0.365370 
59343.372756 0.000000 0.000000    -3.705693     0.365970 
59343.427575 0.000000 0.000000    -3.700258     0.366587 
59343.482393 0.000000 0.000000    -3.695222     0.367222 
59343.537211 0.000000 0.000000    -3.690583     0.367873 
59343.592030 0.000000 0.000000    -3.686343     0.368541 
59343.646848 0.000000 0.000000    -3.682498     0.369225 
59343.701667 0.000000 0.000000    -3.679049     0.369925 
59343.756485 0.000000 0.000000    -3.675995     0.370641 
59343.811304 0.000000 0.000000    -3.673332     0.371372 
59343.866122 0.000000 0.000000    -3.671061     0.372118 
59343.920940 0.000000 0.000000    -3.669178     0.372878 
59343.975759 0.000000 0.000000    -3.667681     0.373651 
59344.030577 0.000000 0.000000    -3.666568     0.374437 
59344.085396 0.000000 0.000000    -3.665836     0.375236 
59344.140214 0.000000 0.000000    -3.665482     0.376046 
59344.195033 0.000000 0.000000    -3.665503     0.376867 
59344.249851 0.000000 0.000000    -3.665896     0.377698 
59344.304669 0.000000 0.000000    -3.666657     0.378539 
59344.359488 0.000000 0.000000    -3.667782     0.379387 
59344.414306 0.000000 0.000000    -3.669268     0.380244 
59344.469125 0.000000 0.000000    -3.671109     0.381106 
59344.523943 0.000000 0.000000    -3.673303     0.381975 
59344.578762 0.000000 0.000000    -3.675845     0.382848 
59344.633580 0.000000 0.000000    -3.678729     0.383725 
59344.688398 0.000000 0.000000    -3.681951     0.384605 
59344.743217 0.000000 0.000000    -3.685506     0.385487 
59344.798035 0.000000 0.000000    -3.689388     0.386370 
59344.852854 0.000000 0.000000    -3.693593     0.387253 
59344.907672 0.000000 0.000000    -3.698115     0.388135 
59344.962491 0.000000 0.000000    -3.702948     0.389015 
59345.017309 0.000000 0.000000    -3.708086     0.389893 
59345.072127 0.000000 0.000000    -3.713524     0.390766 
59345.126946 0.000000 0.000000    -3.719254     0.391635 
59345.181764 0.000000 0.000000    -3.725272     0.392498 
59345.236583 0.000000 0.000000    -3.731570     0.393354 
59345.291401 0.000000 0.000000    -3.738142     0.394203 
59345.346220 0.000000 0.000000    -3.744981     0.395044 
59345.401038 0.000000 0.000000    -3.752081     0.395875 
59345.455856 0.000000 0.000000    -3.759435     0.396696 
59345.510675 0.000000 0.000000    -3.767035     0.397506 
59345.565493 0.000000 0.000000    -3.774875     0.398305 
59345.620312 0.000000 0.000000    -3.782947     0.399091 
59345.675130 0.000000 0.000000    -3.791243     0.399863 
59345.729949 0.000000 0.000000    -3.799758     0.400622 
59345.784767 0.000000 0.000000    -3.808482     0.401366 
59345.839585 0.000000 0.000000    -3.817409     0.402094 
59345.894404 0.000000 0.000000    -3.826530     0.402806 
59345.949222 0.000000 0.000000    -3.835838     0.403501 
59346.004041 0.000000 0.000000    -3.845325     0.404179 
59346.058859 0.000000 0.000000    -3.854983     0.404839 
59346.113678 0.000000 0.000000    -3.864804     0.405481 
59346.168496 0.000000 0.000000    -3.874779     0.406103 
59346.223314 0.000000 0.000000    -3.884902     0.406706 
59346.278133 0.000000 0.000000    -3.895163     0.407288 
59346.332951 0.000000 0.000000    -3.905554     0.407850 
59346.387770 0.000000 0.000000    -3.916067     0.408391 
59346.442588 0.000000 0.000000    -3.926694     0.408911 
59346.497407 0.000000 0.000000    -3.937426     0.409409 
59346.552225 0.000000 0.000000    -3.948255     0.409886 
59346.607043 0.000000 0.000000    -3.959172     0.410339 
59346.661862 0.000000 0.000000    -3.970169     0.410770 
59346.716680 0.000000 0.000000    -3.981237     0.411178 
59346.771499 0.000000 0.000000    -3.992368     0.411563 
59346.826317 0.000000 0.000000    -4.003553     0.411925 
59346.881136 0.000000 0.000000    -4.014783     0.412263 
59346.935954 0.000000 0.000000    -4.026050     0.412578 
59346.990772 0.000000 0.000000    -4.037346     0.412868 
59347.045591 0.000000 0.000000    -4.048660     0.413135 
59347.100409 0.000000 0.000000    -4.059986     0.413377 
59347.155228 0.000000 0.000000    -4.071314     0.413596 
59347.210046 0.000000 0.000000    -4.082636     0.413790 
59347.264865 0.000000 0.000000    -4.093943     0.413961 
59347.319683 0.000000 0.000000    -4.105226     0.414107 
59347.374501 0.000000 0.000000    -4.116477     0.414229 
59347.429320 0.000000 0.000000    -4.127688     0.414327 
59347.484138 0.000000 0.000000    -4.138849     0.414402 
59347.538957 0.000000 0.000000    -4.149952     0.414452 
59347.593775 0.000000 0.000000    -4.160988     0.414479 
59347.648594 0.000000 0.000000    -4.171950     0.414482 
59347.703412 0.000000 0.000000    -4.182828     0.414462 
59347.758230 0.000000 0.000000    -4.193615     0.414419 
59347.813049 0.000000 0.000000    -4.204301     0.414352 
59347.867867 0.000000 0.000000    -4.214879     0.414263 
59347.922686 0.000000 0.000000    -4.225341     0.414152 
59347.977504 0.000000 0.000000    -4.235677     0.414018 
59348.032323 0.000000 0.000000    -4.245880     0.413863 
59348.087141 0.000000 0.000000    -4.255941     0.413686 
59348.141959 0.000000 0.000000    -4.265853     0.413487 
59348.196778 0.000000 0.000000    -4.275608     0.413268 
59348.251596 0.000000 0.000000    -4.285197     0.413028 
59348.306415 0.000000 0.000000    -4.294613     0.412768 
59348.361233 0.000000 0.000000    -4.303847     0.412489 
59348.416052 0.000000 0.000000    -4.312893     0.412190 
59348.470870 0.000000 0.000000    -4.321743     0.411872 
59348.525688 0.000000 0.000000    -4.330388     0.411536 
59348.580507 0.000000 0.000000    -4.338821     0.411182 
59348.635325 0.000000 0.000000    -4.347035     0.410811 
59348.690144 0.000000 0.000000    -4.355023     0.410423 
59348.744962 0.000000 0.000000    -4.362778     0.410018 
59348.799781 0.000000 0.000000    -4.370291     0.409598 
59348.854599 0.000000 0.000000    -4.377556     0.409163 
59348.909417 0.000000 0.000000    -4.384567     0.408713 
59348.964236 0.000000 0.000000    -4.391316     0.408249 
59349.019054 0.000000 0.000000    -4.397796     0.407772 
59349.073873 0.000000 0.000000    -4.404002     0.407282 
59349.128691 0.000000 0.000000    -4.409925     0.406780 
59349.183510 0.000000 0.000000    -4.415561     0.406267 
59349.238328 0.000000 0.000000    -4.420902     0.405744 
59349.293146 0.000000 0.000000    -4.425942     0.405210 
59349.347965 0.000000 0.000000    -4.430676     0.404667 
59349.402783 0.000000 0.000000    -4.435097     0.404116 
59349.457602 0.000000 0.000000    -4.439199     0.403558 
59349.512420 0.000000 0.000000    -4.442978     0.402992 
59349.567239 0.000000 0.000000    -4.446426     0.402421 
59349.622057 0.000000 0.000000    -4.449540     0.401844 
59349.676875 0.000000 0.000000    -4.452313     0.401263 
59349.731694 0.000000 0.000000    -4.454740     0.400678 
59349.786512 0.000000 0.000000    -4.456817     0.400091 
59349.841331 0.000000 0.000000    -4.458538     0.399502 
59349.896149 0.000000 0.000000    -4.459899     0.398912 
59349.950967 0.000000 0.000000    -4.460896     0.398322 
59350.005786 0.000000 0.000000    -4.461523     0.397733 
59350.060604 0.000000 0.000000    -4.461777     0.397146 
59350.115423 0.000000 0.000000    -4.461653     0.396562 
59350.170241 0.000000 0.000000    -4.461148     0.395981 
59350.225060 0.000000 0.000000    -4.460257     0.395405 
59350.279878 0.000000 0.000000    -4.458978     0.394835 
59350.334696 0.000000 0.000000    -4.457306     0.394271 
59350.389515 0.000000 0.000000    -4.455239     0.393715 
59350.444333 0.000000 0.000000    -4.452774     0.393167 
59350.499152 0.000000 0.000000    -4.449907     0.392629 
59350.553970 0.000000 0.000000    -4.446635     0.392101 
59350.608789 0.000000 0.000000    -4.442957     0.391584 
59350.663607 0.000000 0.000000    -4.438870     0.391080 
59350.718425 0.000000 0.000000    -4.434371     0.390589 
59350.773244 0.000000 0.000000    -4.429459     0.390113 
59350.828062 0.000000 0.000000    -4.424132     0.389651 
59350.882881 0.000000 0.000000    -4.418388     0.389206 
59350.937699 0.000000 0.000000    -4.412226     0.388777 
59350.992518 0.000000 0.000000    -4.405645     0.388367 
59351.047336 0.000000 0.000000    -4.398643     0.387975 
59351.102154 0.000000 0.000000    -4.391221     0.387602 
59351.156973 0.000000 0.000000    -4.383376     0.387250 
59351.211791 0.000000 0.000000    -4.375109     0.386919 
59351.266610 0.000000 0.000000    -4.366420     0.386610 
59351.321428 0.000000 0.000000    -4.357309     0.386324 
59351.376247 0.000000 0.000000    -4.347776     0.386061 
59351.431065 0.000000 0.000000    -4.337821     0.385822 
59351.485883 0.000000 0.000000    -4.327445     0.385608 
59351.540702 0.000000 0.000000    -4.316648     0.385418 
59351.595520 0.000000 0.000000    -4.305433     0.385255 
59351.650339 0.000000 0.000000    -4.293801     0.385117 
59351.705157 0.000000 0.000000    -4.281752     0.385006 
59351.759976 0.000000 0.000000    -4.269288     0.384922 
59351.814794 0.000000 0.000000    -4.256413     0.384866 
59351.869612 0.000000 0.000000    -4.243127     0.384837 
59351.924431 0.000000 0.000000    -4.229433     0.384836 
59351.979249 0.000000 0.000000    -4.215334     0.384863 
59352.034068 0.000000 0.000000    -4.200834     0.384917 
59352.088886 0.000000 0.000000    -4.185934     0.385000 
59352.143705 0.000000 0.000000    -4.170638     0.385112 
59352.198523 0.000000 0.000000    -4.154950     0.385251 
59352.253341 0.000000 0.000000    -4.138874     0.385418 
59352.308160 0.000000 0.000000    -4.122414     0.385613 
59352.362978 0.000000 0.000000    -4.105573     0.385836 
59352.417797 0.000000 0.000000    -4.088358     0.386085 
59352.472615 0.000000 0.000000    -4.070771     0.386362 
59352.527434 0.000000 0.000000    -4.052819     0.386665 
59352.582252 0.000000 0.000000    -4.034506     0.386994 
59352.637070 0.000000 0.000000    -4.015838     0.387348 
59352.691889 0.000000 0.000000    -3.996820     0.387728 
59352.746707 0.000000 0.000000    -3.977459     0.388131 
59352.801526 0.000000 0.000000    -3.957760     0.388558 
59352.856344 0.000000 0.000000    -3.937730     0.389008 
59352.911163 0.000000 0.000000    -3.917376     0.389480 
59352.965981 0.000000 0.000000    -3.896704     0.389974 
59353.020799 0.000000 0.000000    -3.875721     0.390487 
59353.075618 0.000000 0.000000    -3.854435     0.391020 
59353.130436 0.000000 0.000000    -3.832852     0.391572 
59353.185255 0.000000 0.000000    -3.810982     0.392141 
59353.240073 0.000000 0.000000    -3.788831     0.392726 
59353.294892 0.000000 0.000000    -3.766407     0.393327 
59353.349710 0.000000 0.000000    -3.743720     0.393942 
59353.404528 0.000000 0.000000    -3.720777     0.394570 
59353.459347 0.000000 0.000000    -3.697588     0.395211 
59353.514165 0.000000 0.000000    -3.674161     0.395863 
59353.568984 0.000000 0.000000    -3.650506     0.396524 
59353.623802 0.000000 0.000000    -3.626632     0.397194 
59353.678621 0.000000 0.000000    -3.602548     0.397871 
59353.733439 0.000000 0.000000    -3.578264     0.398554 
59353.788257 0.000000 0.000000    -3.553791     0.399242 
59353.843076 0.000000 0.000000    -3.529138     0.399934 
59353.897894 0.000000 0.000000    -3.504315     0.400629 
59353.952713 0.000000 0.000000    -3.479334     0.401324 
59354.007531 0.000000 0.000000    -3.454205     0.402020 
59354.062350 0.000000 0.000000    -3.428939     0.402714 
59354.117168 0.000000 0.000000    -3.403547     0.403405 
59354.171986 0.000000 0.000000    -3.378039     0.404092 
59354.226805 0.000000 0.000000    -3.352428     0.404774 
59354.281623 0.000000 0.000000    -3.326725     0.405450 
59354.336442 0.000000 0.000000    -3.300941     0.406118 
59354.391260 0.000000 0.000000    -3.275089     0.406777 
59354.446079 0.000000 0.000000    -3.249180     0.407426 
59354.500897 0.000000 0.000000    -3.223227     0.408063 
59354.555715 0.000000 0.000000    -3.197241     0.408688 
59354.610534 0.000000 0.000000    -3.171235     0.409298 
59354.665352 0.000000 0.000000    -3.145222     0.409894 
59354.720171 0.000000 0.000000    -3.119214     0.410473 
59354.774989 0.000000 0.000000    -3.093223     0.411034 
59354.829808 0.000000 0.000000    -3.067263     0.411577 
59354.884626 0.000000 0.000000    -3.041346     0.412100 
59354.939444 0.000000 0.000000    -3.015485     0.412602 
59354.994263 0.000000 0.000000    -2.989694     0.413081 
59355.049081 0.000000 0.000000    -2.963985     0.413538 
59355.103900 0.000000 0.000000    -2.938372     0.413969 
59355.158718 0.000000 0.000000    -2.912867     0.414376 
59355.213537 0.000000 0.000000    -2.887484     0.414755 
59355.268355 0.000000 0.000000    -2.862237     0.415108 
59355.323173 0.000000 0.000000    -2.837139     0.415431 
59355.377992 0.000000 0.000000    -2.812203     0.415725 
59355.432810 0.000000 0.000000    -2.787443     0.415988 
59355.487629 0.000000 0.000000    -2.762872     0.416219 
59355.542447 0.000000 0.000000    -2.738503     0.416418 
59355.597266 0.000000 0.000000    -2.714350     0.416583 
59355.652084 0.000000 0.000000    -2.690427     0.416714 
59355.706902 0.000000 0.000000    -2.666746     0.416809 
59355.761721 0.000000 0.000000    -2.643322     0.416869 
59355.816539 0.000000 0.000000    -2.620167     0.416891 
59355.871358 0.000000 0.000000    -2.597296     0.416876 
59355.926176 0.000000 0.000000    -2.574720     0.416822 
59355.980995 0.000000 0.000000    -2.552455     0.416728 
59356.035813 0.000000 0.000000    -2.530512     0.416595 
59356.090631 0.000000 0.000000    -2.508904     0.416421 
59356.145450 0.000000 0.000000    -2.487646     0.416206 
59356.200268 0.000000 0.000000    -2.466749     0.415949 
59356.255087 0.000000 0.000000    -2.446227     0.415650 
59356.309905 0.000000 0.000000    -2.426093     0.415308 
59356.364724 0.000000 0.000000    -2.406358     0.414923 
59356.419542 0.000000 0.000000    -2.387036     0.414494 
59356.474360 0.000000 0.000000    -2.368139     0.414021 
59356.529179 0.000000 0.000000    -2.349679     0.413504 
59356.583997 0.000000 0.000000    -2.331668     0.412943 
59356.638816 0.000000 0.000000    -2.314119     0.412337 
59356.693634 0.000000 0.000000    -2.297042     0.411686 
59356.748452 0.000000 0.000000    -2.280450     0.410991 
59356.803271 0.000000 0.000000    -2.264355     0.410252 
59356.858089 0.000000 0.000000    -2.248766     0.409468 
59356.912908 0.000000 0.000000    -2.233696     0.408641 
59356.967726 0.000000 0.000000    -2.219155     0.407770 
59357.022545 0.000000 0.000000    -2.205154     0.406856 
59357.077363 0.000000 0.000000    -2.191703     0.405900 
59357.132181 0.000000 0.000000    -2.178813     0.404903 
59357.187000 0.000000 0.000000    -2.166493     0.403865 
59357.241818 0.000000 0.000000    -2.154754     0.402788 
59357.296637 0.000000 0.000000    -2.143604     0.401672 
59357.351455 0.000000 0.000000    -2.133054     0.400521 
59357.406274 0.000000 0.000000    -2.123111     0.399334 
59357.461092 0.000000 0.000000    -2.113785     0.398114 
59357.515910 0.000000 0.000000    -2.105084     0.396863 
59357.570729 0.000000 0.000000    -2.097017     0.395583 
59357.625547 0.000000 0.000000    -2.089590     0.394277 
59357.680366 0.000000 0.000000    -2.082813     0.392948 
59357.735184 0.000000 0.000000    -2.076691     0.391599 
59357.790003 0.000000 0.000000    -2.071232     0.390233 
59357.844821 0.000000 0.000000    -2.066443     0.388854 
59357.899639 0.000000 0.000000    -2.062330     0.387467 
59357.954458 0.000000 0.000000    -2.058899     0.386075 
59358.009276 0.000000 0.000000    -2.056156     0.384684 
59358.064095 0.000000 0.000000    -2.054105     0.383298 
59358.118913 0.000000 0.000000    -2.052753     0.381924 
59358.173732 0.000000 0.000000    -2.052103     0.380567 
59358.228550 0.000000 0.000000    -2.052160     0.379234 
59358.283368 0.000000 0.000000    -2.052928     0.377932 
59358.338187 0.000000 0.000000    -2.054411     0.376668 
59358.393005 0.000000 0.000000    -2.056611     0.375450 
59358.447824 0.000000 0.000000    -2.059532     0.374285 
59358.502642 0.000000 0.000000    -2.063176     0.373183 
59358.557461 0.000000 0.000000    -2.067545     0.372152 
59358.612279 0.000000 0.000000    -2.072642     0.371202 
59358.667097 0.000000 0.000000    -2.078466     0.370341 
59358.721916 0.000000 0.000000    -2.085021     0.369579 
59358.776734 0.000000 0.000000    -2.092305     0.368925 
59358.831553 0.000000 0.000000    -2.100319     0.368391 
59358.886371 0.000000 0.000000    -2.109063     0.367984 
59358.941190 0.000000 0.000000    -2.118537     0.367714 
59358.996008 0.000000 0.000000    -2.128739     0.367591 
59359.050826 0.000000 0.000000    -2.139669     0.367622 
59359.105645 0.000000 0.000000    -2.151324     0.367817 
59359.160463 0.000000 0.000000    -2.163702     0.368182 
59359.215282 0.000000 0.000000    -2.176802     0.368724 
59359.270100 0.000000 0.000000    -2.190619     0.369449 
59359.324919 0.000000 0.000000    -2.205150     0.370362 
59359.379737 0.000000 0.000000    -2.220393     0.371466 
59359.434555 0.000000 0.000000    -2.236342     0.372765 
59359.489374 0.000000 0.000000    -2.252994     0.374260 
59359.544192 0.000000 0.000000    -2.270343     0.375951 
59359.599011 0.000000 0.000000    -2.288385     0.377838 
59359.653829 0.000000 0.000000    -2.307113     0.379918 
59359.708648 0.000000 0.000000    -2.326521     0.382190 
59359.763466 0.000000 0.000000    -2.346604     0.384649 
59359.818284 0.000000 0.000000    -2.367354     0.387290 
59359.873103 0.000000 0.000000    -2.388764     0.390108 
59359.927921 0.000000 0.000000    -2.410827     0.393097 
59359.982740 0.000000 0.000000    -2.433534     0.396250 
59360.037558 0.000000 0.000000    -2.456878     0.399560 
59360.092377 0.000000 0.000000    -2.480849     0.403018 
59360.147195 0.000000 0.000000    -2.505439     0.406617 
59360.202013 0.000000 0.000000    -2.530639     0.410348 
59360.256832 0.000000 0.000000    -2.556438     0.414204 
59360.311650 0.000000 0.000000    -2.582827     0.418176 
59360.366469 0.000000 0.000000    -2.609795     0.422256 
59360.421287 0.000000 0.000000    -2.637332     0.426435 
59360.476106 0.000000 0.000000    -2.665426     0.430706 
59360.530924 0.000000 0.000000    -2.694066     0.435060 
59360.585742 0.000000 0.000000    -2.723240     0.439491 
59360.640561 0.000000 0.000000    -2.752937     0.443990 
59360.695379 0.000000 0.000000    -2.783144     0.448551 
59360.750198 0.000000 0.000000    -2.813849     0.453167 
59360.805016 0.000000 0.000000    -2.845038     0.457832 
59360.859835 0.000000 0.000000    -2.876699     0.462539 
59360.914653 0.000000 0.000000    -2.908817     0.467282 
59360.969471 0.000000 0.000000    -2.941380     0.472056 
59361.024290 0.000000 0.000000    -2.974373     0.476856 
59361.079108 0.000000 0.000000    -3.007783     0.481677 
59361.133927 0.000000 0.000000    -3.041594     0.486513 
59361.188745 0.000000 0.000000    -3.075792     0.491360 
59361.243564 0.000000 0.000000    -3.110361     0.496215 
59361.298382 0.000000 0.000000    -3.145288     0.501073 
59361.353200 0.000000 0.000000    -3.180556     0.505931 
59361.408019 0.000000 0.000000    -3.216151     0.510784 
59361.462837 0.000000 0.000000    -3.252055     0.515630 
59361.517656 0.000000 0.000000    -3.288254     0.520466 
59361.572474 0.000000 0.000000    -3.324731     0.525288 
59361.627293 0.000000 0.000000    -3.361470     0.530093 
59361.682111 0.000000 0.000000    -3.398455     0.534880 
59361.736929 0.000000 0.000000    -3.435669     0.539645 
59361.791748 0.000000 0.000000    -3.473096     0.544387 
59361.846566 0.000000 0.000000    -3.510718     0.549103 
59361.901385 0.000000 0.000000    -3.548518     0.553791 
59361.956203 0.000000 0.000000    -3.586481     0.558449 
59362.011022 0.000000 0.000000    -3.624588     0.563076 
59362.065840 0.000000 0.000000    -3.662823     0.567669 
59362.120658 0.000000 0.000000    -3.701167     0.572227 
59362.175477 0.000000 0.000000    -3.739605     0.576749 
59362.230295 0.000000 0.000000    -3.778119     0.581233 
59362.285114 0.000000 0.000000    -3.816691     0.585677 
59362.339932 0.000000 0.000000    -3.855303     0.590081 
59362.394751 0.000000 0.000000    -3.893939     0.594443 
59362.449569 0.000000 0.000000    -3.932582     0.598762 
59362.504387 0.000000 0.000000    -3.971212     0.603038 
59362.559206 0.000000 0.000000    -4.009814     0.607268 
59362.614024 0.000000 0.000000    -4.048370     0.611452 
59362.668843 0.000000 0.000000    -4.086862     0.615590 
59362.723661 0.000000 0.000000    -4.125273     0.619680 
59362.778480 0.000000 0.000000    -4.163587     0.623722 
59362.833298 0.000000 0.000000    -4.201785     0.627714 
59362.888116 0.000000 0.000000    -4.239850     0.631657 
59362.942935 0.000000 0.000000    -4.277767     0.635550 
59362.997753 0.000000 0.000000    -4.315517     0.639391 
59363.052572 0.000000 0.000000    -4.353085     0.643182 
59363.107390 0.000000 0.000000    -4.390453     0.646920 
59363.162209 0.000000 0.000000    -4.427604     0.650605 
59363.217027 0.000000 0.000000    -4.464523     0.654238 
59363.271845 0.000000 0.000000    -4.501194     0.657817 
59363.326664 0.000000 0.000000    -4.537600     0.661343 
59363.381482 0.000000 0.000000    -4.573724     0.664815 
59363.436301 0.000000 0.000000    -4.609553     0.668233 
59363.491119 0.000000 0.000000    -4.645070     0.671596 
59363.545938 0.000000 0.000000    -4.680259     0.674905 
59363.600756 0.000000 0.000000    -4.715106     0.678159 
59363.655574 0.000000 0.000000    -4.749596     0.681357 
59363.710393 0.000000 0.000000    -4.783713     0.684501 
59363.765211 0.000000 0.000000    -4.817445     0.687590 
59363.820030 0.000000 0.000000    -4.850776     0.690623 
59363.874848 0.000000 0.000000    -4.883692     0.693601 
59363.929666 0.000000 0.000000    -4.916180     0.696523 
59363.984485 0.000000 0.000000    -4.948227     0.699391 
59364.039303 0.000000 0.000000    -4.979819     0.702203 
59364.094122 0.000000 0.000000    -5.010943     0.704959 
59364.148940 0.000000 0.000000    -5.041587     0.707661 
59364.203759 0.000000 0.000000    -5.071739     0.710308 
59364.258577 0.000000 0.000000    -5.101387     0.712900 
59364.313395 0.000000 0.000000    -5.130519     0.715438 
59364.368214 0.000000 0.000000    -5.159123     0.717921 
59364.423032 0.000000 0.000000    -5.187189     0.720349 
59364.477851 0.000000 0.000000    -5.214707     0.722724 
59364.532669 0.000000 0.000000    -5.241665     0.725046 
59364.587488 0.000000 0.000000    -5.268054     0.727313 
59364.642306 0.000000 0.000000    -5.293864     0.729528 
59364.697124 0.000000 0.000000    -5.319086     0.731690 
59364.751943 0.000000 0.000000    -5.343711     0.733800 
59364.806761 0.000000 0.000000    -5.367731     0.735858 
59364.861580 0.000000 0.000000    -5.391137     0.737864 
59364.916398 0.000000 0.000000    -5.413921     0.739819 
59364.971217 0.000000 0.000000    -5.436076     0.741723 
59365.026035 0.000000 0.000000    -5.457596     0.743578 
59365.080853 0.000000 0.000000    -5.478472     0.745382 
59365.135672 0.000000 0.000000    -5.498700     0.747137 
59365.190490 0.000000 0.000000    -5.518272     0.748844 
59365.245309 0.000000 0.000000    -5.537185     0.750502 
59365.300127 0.000000 0.000000    -5.555432     0.752113 
59365.354946 0.000000 0.000000    -5.573008     0.753677 
59365.409764 0.000000 0.000000    -5.589910     0.755194 
59365.464582 0.000000 0.000000    -5.606133     0.756666 
59365.519401 0.000000 0.000000    -5.621675     0.758092 
59365.574219 0.000000 0.000000    -5.636531     0.759474 
59365.629038 0.000000 0.000000    -5.650699     0.760812 
59365.683856 0.000000 0.000000    -5.664177     0.762107 
59365.738675 0.000000 0.000000    -5.676963     0.763360 
59365.793493 0.000000 0.000000    -5.689055     0.764571 
59365.848311 0.000000 0.000000    -5.700452     0.765740 
59365.903130 0.000000 0.000000    -5.711154     0.766870 
59365.957948 0.000000 0.000000    -5.721160     0.767960 
59366.012767 0.000000 0.000000    -5.730469     0.769011 
59366.067585 0.000000 0.000000    -5.739084     0.770024 
59366.122404 0.000000 0.000000    -5.747004     0.771000 
59366.177222 0.000000 0.000000    -5.754230     0.771940 
59366.232040 0.000000 0.000000    -5.760765     0.772844 
59366.286859 0.000000 0.000000    -5.766610     0.773713 
59366.341677 0.000000 0.000000    -5.771767     0.774548 
59366.396496 0.000000 0.000000    -5.776240     0.775350 
59366.451314 0.000000 0.000000    -5.780031     0.776119 
59366.506133 0.000000 0.000000    -5.783145     0.776857 
59366.560951 0.000000 0.000000    -5.785584     0.777565 
59366.615769 0.000000 0.000000    -5.787354     0.778242 
59366.670588 0.000000 0.000000    -5.788458     0.778891 
59366.725406 0.000000 0.000000    -5.788902     0.779511 
59366.780225 0.000000 0.000000    -5.788691     0.780105 
59366.835043 0.000000 0.000000    -5.787831     0.780671 
59366.889862 0.000000 0.000000    -5.786327     0.781213 
59366.944680 0.000000 0.000000    -5.784187     0.781730 
59366.999498 0.000000 0.000000    -5.781416     0.782223 
59367.054317 0.000000 0.000000    -5.778021     0.782693 
59367.109135 0.000000 0.000000    -5.774011     0.783140 
59367.163954 0.000000 0.000000    -5.769391     0.783567 
59367.218772 0.000000 0.000000    -5.764172     0.783973 
59367.273591 0.000000 0.000000    -5.758360     0.784360 
59367.328409 0.000000 0.000000    -5.751963     0.784728 
59367.383227 0.000000 0.000000    -5.744992     0.785078 
59367.438046 0.000000 0.000000    -5.737455     0.785412 
59367.492864 0.000000 0.000000    -5.729360     0.785729 
59367.547683 0.000000 0.000000    -5.720719     0.786030 
59367.602501 0.000000 0.000000    -5.711540     0.786317 
59367.657320 0.000000 0.000000    -5.701834     0.786590 
59367.712138 0.000000 0.000000    -5.691611     0.786850 
59367.766956 0.000000 0.000000    -5.680881     0.787098 
59367.821775 0.000000 0.000000    -5.669656     0.787335 
59367.876593 0.000000 0.000000    -5.657946     0.787560 
59367.931412 0.000000 0.000000    -5.645762     0.787776 
59367.986230 0.000000 0.000000    -5.633117     0.787983 
59368.041049 0.000000 0.000000    -5.620020     0.788180 
59368.095867 0.000000 0.000000    -5.606485     0.788370 
59368.150685 0.000000 0.000000    -5.592523     0.788553 
59368.205504 0.000000 0.000000    -5.578147     0.788730 
59368.260322 0.000000 0.000000    -5.563368     0.788900 
59368.315141 0.000000 0.000000    -5.548198     0.789065 
59368.369959 0.000000 0.000000    -5.532651     0.789226 
59368.424778 0.000000 0.000000    -5.516740     0.789383 
59368.479596 0.000000 0.000000    -5.500476     0.789536 
59368.534414 0.000000 0.000000    -5.483872     0.789686 
59368.589233 0.000000 0.000000    -5.466943     0.789835 
59368.644051 0.000000 0.000000    -5.449700     0.789981 
59368.698870 0.000000 0.000000    -5.432158     0.790126 
59368.753688 0.000000 0.000000    -5.414328     0.790271 
59368.808507 0.000000 0.000000    -5.396225     0.790415 
59368.863325 0.000000 0.000000    -5.377863     0.790559 
59368.918143 0.000000 0.000000    -5.359253     0.790704 
59368.972962 0.000000 0.000000    -5.340411     0.790850 
59369.027780 0.000000 0.000000    -5.321348     0.790998 
59369.082599 0.000000 0.000000    -5.302080     0.791148 
59369.137417 0.000000 0.000000    -5.282619     0.791300 
59369.192236 0.000000 0.000000    -5.262979     0.791454 
59369.247054 0.000000 0.000000    -5.243173     0.791611 
59369.301872 0.000000 0.000000    -5.223216     0.791772 
59369.356691 0.000000 0.000000    -5.203119     0.791936 
59369.411509 0.000000 0.000000    -5.182898     0.792105 
59369.466328 0.000000 0.000000    -5.162566     0.792277 
59369.521146 0.000000 0.000000    -5.142135     0.792454 
59369.575965 0.000000 0.000000    -5.121619     0.792635 
59369.630783 0.000000 0.000000    -5.101031     0.792821 
59369.685601 0.000000 0.000000    -5.080386     0.793013 
59369.740420 0.000000 0.000000    -5.059695     0.793209 
59369.795238 0.000000 0.000000    -5.038972     0.793411 
59369.850057 0.000000 0.000000    -5.018229     0.793619 
59369.904875 0.000000 0.000000    -4.997481     0.793833 
59369.959694 0.000000 0.000000    -4.976738     0.794052 
59370.014512 0.000000 0.000000    -4.956015     0.794277 
59370.069330 0.000000 0.000000    -4.935323     0.794509 
59370.124149 0.000000 0.000000    -4.914676     0.794746 
59370.178967 0.000000 0.000000    -4.894084     0.794990 
59370.233786 0.000000 0.000000    -4.873561     0.795240 
59370.288604 0.000000 0.000000    -4.853118     0.795497 
59370.343423 0.000000 0.000000    -4.832767     0.795760 
59370.398241 0.000000 0.000000    -4.812520     0.796030 
59370.453059 0.000000 0.000000    -4.792388     0.796306 
59370.507878 0.000000 0.000000    -4.772383     0.796588 
59370.562696 0.000000 0.000000    -4.752516     0.796877 
59370.617515 0.000000 0.000000    -4.732797     0.797173 
59370.672333 0.000000 0.000000    -4.713238     0.797475 
59370.727151 0.000000 0.000000    -4.693848     0.797784 
59370.781970 0.000000 0.000000    -4.674639     0.798099 
59370.836788 0.000000 0.000000    -4.655621     0.798421 
59370.891607 0.000000 0.000000    -4.636803     0.798748 
59370.946425 0.000000 0.000000    -4.618196     0.799083 
59371.001244 0.000000 0.000000    -4.599808     0.799423 
59371.056062 0.000000 0.000000    -4.581650     0.799770 
59371.110880 0.000000 0.000000    -4.563730     0.800122 
59371.165699 0.000000 0.000000    -4.546057     0.800481 
59371.220517 0.000000 0.000000    -4.528640     0.800846 
59371.275336 0.000000 0.000000    -4.511486     0.801216 
59371.330154 0.000000 0.000000    -4.494606     0.801592 
59371.384973 0.000000 0.000000    -4.478005     0.801974 
59371.439791 0.000000 0.000000    -4.461693     0.802361 
59371.494609 0.000000 0.000000    -4.445676     0.802754 
59371.549428 0.000000 0.000000    -4.429962     0.803152 
59371.604246 0.000000 0.000000    -4.414557     0.803555 
59371.659065 0.000000 0.000000    -4.399468     0.803963 
59371.713883 0.000000 0.000000    -4.384702     0.804375 
59371.768702 0.000000 0.000000    -4.370265     0.804793 
59371.823520 0.000000 0.000000    -4.356162     0.805215 
59371.878338 0.000000 0.000000    -4.342400     0.805641 
59371.933157 0.000000 0.000000    -4.328984     0.806072 
59371.987975 0.000000 0.000000    -4.315919     0.806507 
59372.042794 0.000000 0.000000    -4.303209     0.806946 
59372.097612 0.000000 0.000000    -4.290860     0.807388 
59372.152431 0.000000 0.000000    -4.278876     0.807834 
59372.207249 0.000000 0.000000    -4.267260     0.808284 
59372.262067 0.000000 0.000000    -4.256017     0.808737 
59372.316886 0.000000 0.000000    -4.245151     0.809192 
59372.371704 0.000000 0.000000    -4.234664     0.809651 
59372.426523 0.000000 0.000000    -4.224559     0.810112 
59372.481341 0.000000 0.000000    -4.214840     0.810576 
59372.536160 0.000000 0.000000    -4.205509     0.811042 
59372.590978 0.000000 0.000000    -4.196567     0.811511 
59372.645796 0.000000 0.000000    -4.188018     0.811981 
59372.700615 0.000000 0.000000    -4.179863     0.812453 
59372.755433 0.000000 0.000000    -4.172103     0.812926 
59372.810252 0.000000 0.000000    -4.164739     0.813401 
59372.865070 0.000000 0.000000    -4.157773     0.813876 
59372.919889 0.000000 0.000000    -4.151205     0.814353 
59372.974707 0.000000 0.000000    -4.145036     0.814830 
59373.029525 0.000000 0.000000    -4.139265     0.815308 
59373.084344 0.000000 0.000000    -4.133894     0.815786 
59373.139162 0.000000 0.000000    -4.128920     0.816264 
59373.193981 0.000000 0.000000    -4.124345     0.816742 
59373.248799 0.000000 0.000000    -4.120167     0.817220 
59373.303618 0.000000 0.000000    -4.116386     0.817697 
59373.358436 0.000000 0.000000    -4.112999     0.818173 
59373.413254 0.000000 0.000000    -4.110006     0.818648 
59373.468073 0.000000 0.000000    -4.107405     0.819122 
59373.522891 0.000000 0.000000    -4.105193     0.819594 
59373.577710 0.000000 0.000000    -4.103370     0.820065 
59373.632528 0.000000 0.000000    -4.101931     0.820534 
59373.687347 0.000000 0.000000    -4.100876     0.821000 
59373.742165 0.000000 0.000000    -4.100200     0.821465 
59373.796983 0.000000 0.000000    -4.099902     0.821926 
59373.851802 0.000000 0.000000    -4.099977     0.822385 
59373.906620 0.000000 0.000000    -4.100423     0.822841 
59373.961439 0.000000 0.000000    -4.101235     0.823294 
59374.016257 0.000000 0.000000    -4.102410     0.823744 
59374.071076 0.000000 0.000000    -4.103945     0.824190 
59374.125894 0.000000 0.000000     0.000000          nan 
