# time Tc_folded Tref_folded model model_err 
59330.452438 0.000000 0.000000    -1.284194     0.353113 
59330.505369 0.000000 0.000000    -1.301523     0.350372 
59330.558301 0.000000 0.000000    -1.318914     0.347643 
59330.611233 0.000000 0.000000    -1.336359     0.344928 
59330.664165 0.000000 0.000000    -1.353850     0.342229 
59330.717097 0.000000 0.000000    -1.371379     0.339548 
59330.770029 0.000000 0.000000    -1.388940     0.336887 
59330.822960 0.000000 0.000000    -1.406524     0.334250 
59330.875892 0.000000 0.000000    -1.424123     0.331638 
59330.928824 0.000000 0.000000    -1.441730     0.329054 
59330.981756 0.000000 0.000000    -1.459338     0.326501 
59331.034688 0.000000 0.000000    -1.476938     0.323981 
59331.087620 0.000000 0.000000    -1.494522     0.321496 
59331.140551 0.000000 0.000000    -1.512084     0.319049 
59331.193483 0.000000 0.000000    -1.529615     0.316644 
59331.246415 0.000000 0.000000    -1.547109     0.314281 
59331.299347 0.000000 0.000000    -1.564556     0.311965 
59331.352279 0.000000 0.000000    -1.581950     0.309696 
59331.405211 0.000000 0.000000    -1.599283     0.307479 
59331.458142 0.000000 0.000000    -1.616547     0.305314 
59331.511074 0.000000 0.000000    -1.633735     0.303205 
59331.564006 0.000000 0.000000    -1.650840     0.301154 
59331.616938 0.000000 0.000000    -1.667854     0.299161 
59331.669870 0.000000 0.000000    -1.684770     0.297231 
59331.722802 0.000000 0.000000    -1.701581     0.295363 
59331.775733 0.000000 0.000000    -1.718279     0.293560 
59331.828665 0.000000 0.000000    -1.734856     0.291823 
59331.881597 0.000000 0.000000    -1.751307     0.290154 
59331.934529 0.000000 0.000000    -1.767624     0.288552 
59331.987461 0.000000 0.000000    -1.783801     0.287019 
59332.040393 0.000000 0.000000    -1.799829     0.285556 
59332.093324 0.000000 0.000000    -1.815703     0.284162 
59332.146256 0.000000 0.000000    -1.831416     0.282838 
59332.199188 0.000000 0.000000    -1.846961     0.281582 
59332.252120 0.000000 0.000000    -1.862332     0.280396 
59332.305052 0.000000 0.000000    -1.877522     0.279277 
59332.357984 0.000000 0.000000    -1.892526     0.278225 
59332.410915 0.000000 0.000000    -1.907337     0.277239 
59332.463847 0.000000 0.000000    -1.921948     0.276316 
59332.516779 0.000000 0.000000    -1.936355     0.275456 
59332.569711 0.000000 0.000000    -1.950551     0.274656 
59332.622643 0.000000 0.000000    -1.964531     0.273914 
59332.675575 0.000000 0.000000    -1.978289     0.273228 
59332.728506 0.000000 0.000000    -1.991819     0.272595 
59332.781438 0.000000 0.000000    -2.005117     0.272013 
59332.834370 0.000000 0.000000    -2.018177     0.271478 
59332.887302 0.000000 0.000000    -2.030994     0.270989 
59332.940234 0.000000 0.000000    -2.043564     0.270543 
59332.993166 0.000000 0.000000    -2.055881     0.270135 
59333.046097 0.000000 0.000000    -2.067941     0.269764 
59333.099029 0.000000 0.000000    -2.079740     0.269427 
59333.151961 0.000000 0.000000    -2.091273     0.269120 
59333.204893 0.000000 0.000000    -2.102536     0.268840 
59333.257825 0.000000 0.000000    -2.113525     0.268585 
59333.310756 0.000000 0.000000    -2.124237     0.268352 
59333.363688 0.000000 0.000000    -2.134668     0.268138 
59333.416620 0.000000 0.000000    -2.144814     0.267940 
59333.469552 0.000000 0.000000    -2.154672     0.267756 
59333.522484 0.000000 0.000000    -2.164238     0.267582 
59333.575416 0.000000 0.000000    -2.173511     0.267418 
59333.628347 0.000000 0.000000    -2.182486     0.267260 
59333.681279 0.000000 0.000000    -2.191162     0.267105 
59333.734211 0.000000 0.000000    -2.199535     0.266953 
59333.787143 0.000000 0.000000    -2.207604     0.266801 
59333.840075 0.000000 0.000000    -2.215366     0.266647 
59333.893007 0.000000 0.000000    -2.222820     0.266489 
59333.945938 0.000000 0.000000    -2.229963     0.266326 
59333.998870 0.000000 0.000000    -2.236795     0.266156 
59334.051802 0.000000 0.000000    -2.243312     0.265978 
59334.104734 0.000000 0.000000    -2.249515     0.265790 
59334.157666 0.000000 0.000000    -2.255403     0.265592 
59334.210598 0.000000 0.000000    -2.260973     0.265383 
59334.263529 0.000000 0.000000    -2.266226     0.265161 
59334.316461 0.000000 0.000000    -2.271161     0.264925 
59334.369393 0.000000 0.000000    -2.275777     0.264676 
59334.422325 0.000000 0.000000    -2.280074     0.264412 
59334.475257 0.000000 0.000000    -2.284053     0.264133 
59334.528189 0.000000 0.000000    -2.287714     0.263839 
59334.581120 0.000000 0.000000    -2.291055     0.263529 
59334.634052 0.000000 0.000000    -2.294079     0.263203 
59334.686984 0.000000 0.000000    -2.296786     0.262861 
59334.739916 0.000000 0.000000    -2.299177     0.262503 
59334.792848 0.000000 0.000000    -2.301252     0.262129 
59334.845780 0.000000 0.000000    -2.303012     0.261739 
59334.898711 0.000000 0.000000    -2.304460     0.261334 
59334.951643 0.000000 0.000000    -2.305596     0.260913 
59335.004575 0.000000 0.000000    -2.306423     0.260478 
59335.057507 0.000000 0.000000    -2.306941     0.260029 
59335.110439 0.000000 0.000000    -2.307153     0.259565 
59335.163371 0.000000 0.000000    -2.307062     0.259089 
59335.216302 0.000000 0.000000    -2.306668     0.258600 
59335.269234 0.000000 0.000000    -2.305976     0.258100 
59335.322166 0.000000 0.000000    -2.304987     0.257588 
59335.375098 0.000000 0.000000    -2.303704     0.257067 
59335.428030 0.000000 0.000000    -2.302130     0.256536 
59335.480962 0.000000 0.000000    -2.300268     0.255997 
59335.533893 0.000000 0.000000    -2.298121     0.255451 
59335.586825 0.000000 0.000000    -2.295693     0.254899 
59335.639757 0.000000 0.000000    -2.292986     0.254341 
59335.692689 0.000000 0.000000    -2.290005     0.253779 
59335.745621 0.000000 0.000000    -2.286754     0.253215 
59335.798553 0.000000 0.000000    -2.283235     0.252648 
59335.851484 0.000000 0.000000    -2.279454     0.252081 
59335.904416 0.000000 0.000000    -2.275414     0.251515 
59335.957348 0.000000 0.000000    -2.271119     0.250950 
59336.010280 0.000000 0.000000    -2.266574     0.250388 
59336.063212 0.000000 0.000000    -2.261783     0.249831 
59336.116144 0.000000 0.000000    -2.256750     0.249278 
59336.169075 0.000000 0.000000    -2.251481     0.248732 
59336.222007 0.000000 0.000000    -2.245980     0.248194 
59336.274939 0.000000 0.000000    -2.240253     0.247665 
59336.327871 0.000000 0.000000    -2.234303     0.247145 
59336.380803 0.000000 0.000000    -2.228136     0.246637 
59336.433735 0.000000 0.000000    -2.221757     0.246141 
59336.486666 0.000000 0.000000    -2.215172     0.245658 
59336.539598 0.000000 0.000000    -2.208385     0.245189 
59336.592530 0.000000 0.000000    -2.201403     0.244735 
59336.645462 0.000000 0.000000    -2.194230     0.244296 
59336.698394 0.000000 0.000000    -2.186872     0.243875 
59336.751326 0.000000 0.000000    -2.179335     0.243471 
59336.804257 0.000000 0.000000    -2.171624     0.243085 
59336.857189 0.000000 0.000000    -2.163745     0.242717 
59336.910121 0.000000 0.000000    -2.155705     0.242369 
59336.963053 0.000000 0.000000    -2.147508     0.242040 
59337.015985 0.000000 0.000000    -2.139160     0.241732 
59337.068917 0.000000 0.000000    -2.130668     0.241444 
59337.121848 0.000000 0.000000    -2.122038     0.241176 
59337.174780 0.000000 0.000000    -2.113275     0.240929 
59337.227712 0.000000 0.000000    -2.104385     0.240702 
59337.280644 0.000000 0.000000    -2.095375     0.240497 
59337.333576 0.000000 0.000000    -2.086251     0.240312 
59337.386508 0.000000 0.000000    -2.077019     0.240147 
59337.439439 0.000000 0.000000    -2.067684     0.240002 
59337.492371 0.000000 0.000000    -2.058254     0.239877 
59337.545303 0.000000 0.000000    -2.048734     0.239772 
59337.598235 0.000000 0.000000    -2.039130     0.239686 
59337.651167 0.000000 0.000000    -2.029449     0.239617 
59337.704098 0.000000 0.000000    -2.019697     0.239567 
59337.757030 0.000000 0.000000    -2.009879     0.239534 
59337.809962 0.000000 0.000000    -2.000003     0.239518 
59337.862894 0.000000 0.000000    -1.990073     0.239517 
59337.915826 0.000000 0.000000    -1.980097     0.239532 
59337.968758 0.000000 0.000000    -1.970080     0.239560 
59338.021689 0.000000 0.000000    -1.960029     0.239602 
59338.074621 0.000000 0.000000    -1.949949     0.239657 
59338.127553 0.000000 0.000000    -1.939847     0.239724 
59338.180485 0.000000 0.000000    -1.929728     0.239802 
59338.233417 0.000000 0.000000    -1.919599     0.239890 
59338.286349 0.000000 0.000000    -1.909465     0.239987 
59338.339280 0.000000 0.000000    -1.899332     0.240092 
59338.392212 0.000000 0.000000    -1.889206     0.240205 
59338.445144 0.000000 0.000000    -1.879093     0.240325 
59338.498076 0.000000 0.000000    -1.868998     0.240451 
59338.551008 0.000000 0.000000    -1.858927     0.240582 
59338.603940 0.000000 0.000000    -1.848887     0.240718 
59338.656871 0.000000 0.000000    -1.838881     0.240857 
59338.709803 0.000000 0.000000    -1.828916     0.240999 
59338.762735 0.000000 0.000000    -1.818997     0.241144 
59338.815667 0.000000 0.000000    -1.809130     0.241290 
59338.868599 0.000000 0.000000    -1.799319     0.241438 
59338.921531 0.000000 0.000000    -1.789570     0.241586 
59338.974462 0.000000 0.000000    -1.779889     0.241734 
59339.027394 0.000000 0.000000    -1.770279     0.241882 
59339.080326 0.000000 0.000000    -1.760746     0.242029 
59339.133258 0.000000 0.000000    -1.751295     0.242176 
59339.186190 0.000000 0.000000    -1.741930     0.242320 
59339.239122 0.000000 0.000000    -1.732657     0.242463 
59339.292053 0.000000 0.000000    -1.723479     0.242605 
59339.344985 0.000000 0.000000    -1.714402     0.242744 
59339.397917 0.000000 0.000000    -1.705429     0.242881 
59339.450849 0.000000 0.000000    -1.696565     0.243015 
59339.503781 0.000000 0.000000    -1.687814     0.243148 
59339.556713 0.000000 0.000000    -1.679181     0.243278 
59339.609644 0.000000 0.000000    -1.670669     0.243406 
59339.662576 0.000000 0.000000    -1.662282     0.243532 
59339.715508 0.000000 0.000000    -1.654023     0.243656 
59339.768440 0.000000 0.000000    -1.645898     0.243778 
59339.821372 0.000000 0.000000    -1.637908     0.243899 
59339.874304 0.000000 0.000000    -1.630058     0.244018 
59339.927235 0.000000 0.000000    -1.622351     0.244137 
59339.980167 0.000000 0.000000    -1.614790     0.244254 
59340.033099 0.000000 0.000000    -1.607378     0.244372 
59340.086031 0.000000 0.000000    -1.600119     0.244490 
59340.138963 0.000000 0.000000    -1.593015     0.244609 
59340.191895 0.000000 0.000000    -1.586068     0.244728 
59340.244826 0.000000 0.000000    -1.579282     0.244850 
59340.297758 0.000000 0.000000    -1.572660     0.244973 
59340.350690 0.000000 0.000000    -1.566202     0.245099 
59340.403622 0.000000 0.000000    -1.559913     0.245228 
59340.456554 0.000000 0.000000    -1.553794     0.245361 
59340.509486 0.000000 0.000000    -1.547847     0.245498 
59340.562417 0.000000 0.000000    -1.542073     0.245640 
59340.615349 0.000000 0.000000    -1.536476     0.245788 
59340.668281 0.000000 0.000000    -1.531057     0.245942 
59340.721213 0.000000 0.000000    -1.525816     0.246102 
59340.774145 0.000000 0.000000    -1.520757     0.246269 
59340.827077 0.000000 0.000000    -1.515879     0.246444 
59340.880008 0.000000 0.000000    -1.511185     0.246627 
59340.932940 0.000000 0.000000    -1.506675     0.246819 
59340.985872 0.000000 0.000000    -1.502351     0.247020 
59341.038804 0.000000 0.000000    -1.498213     0.247231 
59341.091736 0.000000 0.000000    -1.494262     0.247453 
59341.144668 0.000000 0.000000    -1.490499     0.247685 
59341.197599 0.000000 0.000000    -1.486924     0.247928 
59341.250531 0.000000 0.000000    -1.483538     0.248182 
59341.303463 0.000000 0.000000    -1.480341     0.248449 
59341.356395 0.000000 0.000000    -1.477334     0.248727 
59341.409327 0.000000 0.000000    -1.474516     0.249018 
59341.462259 0.000000 0.000000    -1.471887     0.249321 
59341.515190 0.000000 0.000000    -1.469448     0.249638 
59341.568122 0.000000 0.000000    -1.467198     0.249967 
59341.621054 0.000000 0.000000    -1.465137     0.250309 
59341.673986 0.000000 0.000000    -1.463264     0.250664 
59341.726918 0.000000 0.000000    -1.461579     0.251032 
59341.779850 0.000000 0.000000    -1.460081     0.251414 
59341.832781 0.000000 0.000000    -1.458769     0.251808 
59341.885713 0.000000 0.000000    -1.457643     0.252215 
59341.938645 0.000000 0.000000    -1.456702     0.252635 
59341.991577 0.000000 0.000000    -1.455944     0.253067 
59342.044509 0.000000 0.000000    -1.455369     0.253512 
59342.097441 0.000000 0.000000    -1.454974     0.253968 
59342.150372 0.000000 0.000000    -1.454760     0.254436 
59342.203304 0.000000 0.000000    -1.454724     0.254915 
59342.256236 0.000000 0.000000    -1.454865     0.255405 
59342.309168 0.000000 0.000000    -1.455182     0.255905 
59342.362100 0.000000 0.000000    -1.455672     0.256416 
59342.415031 0.000000 0.000000    -1.456334     0.256935 
59342.467963 0.000000 0.000000    -1.457166     0.257463 
59342.520895 0.000000 0.000000    -1.458166     0.258000 
59342.573827 0.000000 0.000000    -1.459332     0.258544 
59342.626759 0.000000 0.000000    -1.460662     0.259095 
59342.679691 0.000000 0.000000    -1.462154     0.259653 
59342.732622 0.000000 0.000000    -1.463806     0.260216 
59342.785554 0.000000 0.000000    -1.465615     0.260784 
59342.838486 0.000000 0.000000    -1.467578     0.261357 
59342.891418 0.000000 0.000000    -1.469694     0.261934 
59342.944350 0.000000 0.000000    -1.471960     0.262513 
59342.997282 0.000000 0.000000    -1.474373     0.263095 
59343.050213 0.000000 0.000000    -1.476931     0.263679 
59343.103145 0.000000 0.000000    -1.479631     0.264263 
59343.156077 0.000000 0.000000    -1.482470     0.264848 
59343.209009 0.000000 0.000000    -1.485445     0.265432 
59343.261941 0.000000 0.000000    -1.488553     0.266015 
59343.314873 0.000000 0.000000    -1.491792     0.266596 
59343.367804 0.000000 0.000000    -1.495158     0.267174 
59343.420736 0.000000 0.000000    -1.498649     0.267749 
59343.473668 0.000000 0.000000    -1.502261     0.268320 
59343.526600 0.000000 0.000000    -1.505992     0.268887 
59343.579532 0.000000 0.000000    -1.509837     0.269448 
59343.632464 0.000000 0.000000    -1.513794     0.270004 
59343.685395 0.000000 0.000000    -1.517859     0.270553 
59343.738327 0.000000 0.000000    -1.522030     0.271095 
59343.791259 0.000000 0.000000    -1.526302     0.271629 
59343.844191 0.000000 0.000000    -1.530673     0.272155 
59343.897123 0.000000 0.000000    -1.535138     0.272672 
59343.950055 0.000000 0.000000    -1.539695     0.273180 
59344.002986 0.000000 0.000000    -1.544341     0.273678 
59344.055918 0.000000 0.000000    -1.549070     0.274166 
59344.108850 0.000000 0.000000    -1.553881     0.274643 
59344.161782 0.000000 0.000000    -1.558769     0.275108 
59344.214714 0.000000 0.000000    -1.563731     0.275562 
59344.267646 0.000000 0.000000    -1.568763     0.276004 
59344.320577 0.000000 0.000000    -1.573862     0.276434 
59344.373509 0.000000 0.000000    -1.579023     0.276850 
59344.426441 0.000000 0.000000    -1.584244     0.277254 
59344.479373 0.000000 0.000000    -1.589521     0.277644 
59344.532305 0.000000 0.000000    -1.594849     0.278020 
59344.585237 0.000000 0.000000    -1.600225     0.278382 
59344.638168 0.000000 0.000000    -1.605646     0.278729 
59344.691100 0.000000 0.000000    -1.611108     0.279062 
59344.744032 0.000000 0.000000    -1.616606     0.279380 
59344.796964 0.000000 0.000000    -1.622138     0.279683 
59344.849896 0.000000 0.000000    -1.627699     0.279970 
59344.902828 0.000000 0.000000    -1.633286     0.280242 
59344.955759 0.000000 0.000000    -1.638895     0.280499 
59345.008691 0.000000 0.000000    -1.644522     0.280739 
59345.061623 0.000000 0.000000    -1.650164     0.280964 
59345.114555 0.000000 0.000000    -1.655816     0.281173 
59345.167487 0.000000 0.000000    -1.661475     0.281366 
59345.220419 0.000000 0.000000    -1.667138     0.281543 
59345.273350 0.000000 0.000000    -1.672800     0.281704 
59345.326282 0.000000 0.000000    -1.678457     0.281848 
59345.379214 0.000000 0.000000    -1.684107     0.281977 
59345.432146 0.000000 0.000000    -1.689745     0.282089 
59345.485078 0.000000 0.000000    -1.695368     0.282185 
59345.538010 0.000000 0.000000    -1.700972     0.282265 
59345.590941 0.000000 0.000000    -1.706553     0.282329 
59345.643873 0.000000 0.000000    -1.712108     0.282377 
59345.696805 0.000000 0.000000    -1.717632     0.282409 
59345.749737 0.000000 0.000000    -1.723123     0.282426 
59345.802669 0.000000 0.000000    -1.728577     0.282427 
59345.855601 0.000000 0.000000    -1.733990     0.282412 
59345.908532 0.000000 0.000000    -1.739359     0.282382 
59345.961464 0.000000 0.000000    -1.744680     0.282336 
59346.014396 0.000000 0.000000    -1.749949     0.282276 
59346.067328 0.000000 0.000000    -1.755164     0.282201 
59346.120260 0.000000 0.000000    -1.760320     0.282111 
59346.173192 0.000000 0.000000    -1.765414     0.282007 
59346.226123 0.000000 0.000000    -1.770443     0.281888 
59346.279055 0.000000 0.000000    -1.775404     0.281756 
59346.331987 0.000000 0.000000    -1.780292     0.281610 
59346.384919 0.000000 0.000000    -1.785106     0.281450 
59346.437851 0.000000 0.000000    -1.789840     0.281277 
59346.490783 0.000000 0.000000    -1.794493     0.281091 
59346.543714 0.000000 0.000000    -1.799061     0.280893 
59346.596646 0.000000 0.000000    -1.803540     0.280682 
59346.649578 0.000000 0.000000    -1.807928     0.280460 
59346.702510 0.000000 0.000000    -1.812222     0.280225 
59346.755442 0.000000 0.000000    -1.816418     0.279979 
59346.808373 0.000000 0.000000    -1.820513     0.279723 
59346.861305 0.000000 0.000000    -1.824504     0.279455 
59346.914237 0.000000 0.000000    -1.828389     0.279178 
59346.967169 0.000000 0.000000    -1.832164     0.278890 
59347.020101 0.000000 0.000000    -1.835827     0.278593 
59347.073033 0.000000 0.000000    -1.839374     0.278287 
59347.125964 0.000000 0.000000    -1.842803     0.277972 
59347.178896 0.000000 0.000000    -1.846111     0.277649 
59347.231828 0.000000 0.000000    -1.849296     0.277318 
59347.284760 0.000000 0.000000    -1.852354     0.276980 
59347.337692 0.000000 0.000000    -1.855283     0.276634 
59347.390624 0.000000 0.000000    -1.858081     0.276282 
59347.443555 0.000000 0.000000    -1.860744     0.275924 
59347.496487 0.000000 0.000000    -1.863271     0.275561 
59347.549419 0.000000 0.000000    -1.865659     0.275192 
59347.602351 0.000000 0.000000    -1.867906     0.274819 
59347.655283 0.000000 0.000000    -1.870009     0.274441 
59347.708215 0.000000 0.000000    -1.871966     0.274060 
59347.761146 0.000000 0.000000    -1.873775     0.273676 
59347.814078 0.000000 0.000000    -1.875434     0.273290 
59347.867010 0.000000 0.000000    -1.876940     0.272901 
59347.919942 0.000000 0.000000    -1.878292     0.272511 
59347.972874 0.000000 0.000000    -1.879487     0.272119 
59348.025806 0.000000 0.000000    -1.880523     0.271727 
59348.078737 0.000000 0.000000    -1.881400     0.271336 
59348.131669 0.000000 0.000000    -1.882114     0.270945 
59348.184601 0.000000 0.000000    -1.882664     0.270555 
59348.237533 0.000000 0.000000    -1.883048     0.270167 
59348.290465 0.000000 0.000000    -1.883265     0.269781 
59348.343397 0.000000 0.000000    -1.883314     0.269398 
59348.396328 0.000000 0.000000    -1.883192     0.269019 
59348.449260 0.000000 0.000000    -1.882898     0.268644 
59348.502192 0.000000 0.000000    -1.882431     0.268273 
59348.555124 0.000000 0.000000    -1.881789     0.267908 
59348.608056 0.000000 0.000000    -1.880972     0.267548 
59348.660988 0.000000 0.000000    -1.879978     0.267195 
59348.713919 0.000000 0.000000    -1.878805     0.266849 
59348.766851 0.000000 0.000000    -1.877454     0.266510 
59348.819783 0.000000 0.000000    -1.875922     0.266179 
59348.872715 0.000000 0.000000    -1.874210     0.265857 
59348.925647 0.000000 0.000000    -1.872316     0.265544 
59348.978579 0.000000 0.000000    -1.870239     0.265241 
59349.031510 0.000000 0.000000    -1.867979     0.264949 
59349.084442 0.000000 0.000000    -1.865535     0.264667 
59349.137374 0.000000 0.000000    -1.862907     0.264396 
59349.190306 0.000000 0.000000    -1.860093     0.264138 
59349.243238 0.000000 0.000000    -1.857095     0.263891 
59349.296170 0.000000 0.000000    -1.853911     0.263658 
59349.349101 0.000000 0.000000    -1.850542     0.263438 
59349.402033 0.000000 0.000000    -1.846987     0.263232 
59349.454965 0.000000 0.000000    -1.843245     0.263040 
59349.507897 0.000000 0.000000    -1.839318     0.262862 
59349.560829 0.000000 0.000000    -1.835206     0.262700 
59349.613761 0.000000 0.000000    -1.830907     0.262553 
59349.666692 0.000000 0.000000    -1.826424     0.262422 
59349.719624 0.000000 0.000000    -1.821755     0.262307 
59349.772556 0.000000 0.000000    -1.816902     0.262208 
59349.825488 0.000000 0.000000    -1.811865     0.262126 
59349.878420 0.000000 0.000000    -1.806645     0.262061 
59349.931352 0.000000 0.000000    -1.801242     0.262013 
59349.984283 0.000000 0.000000    -1.795657     0.261982 
59350.037215 0.000000 0.000000    -1.789891     0.261969 
59350.090147 0.000000 0.000000    -1.783945     0.261974 
59350.143079 0.000000 0.000000    -1.777820     0.261996 
59350.196011 0.000000 0.000000    -1.771518     0.262036 
59350.248943 0.000000 0.000000    -1.765039     0.262094 
59350.301874 0.000000 0.000000    -1.758384     0.262169 
59350.354806 0.000000 0.000000    -1.751556     0.262263 
59350.407738 0.000000 0.000000    -1.744556     0.262374 
59350.460670 0.000000 0.000000    -1.737384     0.262503 
59350.513602 0.000000 0.000000    -1.730044     0.262650 
59350.566534 0.000000 0.000000    -1.722536     0.262814 
59350.619465 0.000000 0.000000    -1.714863     0.262995 
59350.672397 0.000000 0.000000    -1.707027     0.263193 
59350.725329 0.000000 0.000000    -1.699029     0.263407 
59350.778261 0.000000 0.000000    -1.690872     0.263638 
59350.831193 0.000000 0.000000    -1.682558     0.263885 
59350.884125 0.000000 0.000000    -1.674089     0.264148 
59350.937056 0.000000 0.000000    -1.665469     0.264426 
59350.989988 0.000000 0.000000    -1.656698     0.264720 
59351.042920 0.000000 0.000000    -1.647780     0.265027 
59351.095852 0.000000 0.000000    -1.638718     0.265349 
59351.148784 0.000000 0.000000    -1.629514     0.265684 
59351.201715 0.000000 0.000000    -1.620172     0.266032 
59351.254647 0.000000 0.000000    -1.610693     0.266393 
59351.307579 0.000000 0.000000    -1.601082     0.266766 
59351.360511 0.000000 0.000000    -1.591342     0.267150 
59351.413443 0.000000 0.000000    -1.581475     0.267544 
59351.466375 0.000000 0.000000    -1.571485     0.267949 
59351.519306 0.000000 0.000000    -1.561375     0.268364 
59351.572238 0.000000 0.000000    -1.551150     0.268787 
59351.625170 0.000000 0.000000    -1.540812     0.269219 
59351.678102 0.000000 0.000000    -1.530365     0.269658 
59351.731034 0.000000 0.000000    -1.519813     0.270104 
59351.783966 0.000000 0.000000    -1.509160     0.270556 
59351.836897 0.000000 0.000000    -1.498410     0.271013 
59351.889829 0.000000 0.000000    -1.487566     0.271475 
59351.942761 0.000000 0.000000    -1.476634     0.271942 
59351.995693 0.000000 0.000000    -1.465616     0.272411 
59352.048625 0.000000 0.000000    -1.454517     0.272883 
59352.101557 0.000000 0.000000    -1.443343     0.273357 
59352.154488 0.000000 0.000000    -1.432096     0.273831 
59352.207420 0.000000 0.000000    -1.420781     0.274306 
59352.260352 0.000000 0.000000    -1.409404     0.274781 
59352.313284 0.000000 0.000000    -1.397968     0.275254 
59352.366216 0.000000 0.000000    -1.386479     0.275725 
59352.419148 0.000000 0.000000    -1.374941     0.276194 
59352.472079 0.000000 0.000000    -1.363358     0.276659 
59352.525011 0.000000 0.000000    -1.351737     0.277120 
59352.577943 0.000000 0.000000    -1.340081     0.277575 
59352.630875 0.000000 0.000000    -1.328396     0.278025 
59352.683807 0.000000 0.000000    -1.316687     0.278469 
59352.736739 0.000000 0.000000    -1.304959     0.278905 
59352.789670 0.000000 0.000000    -1.293217     0.279333 
59352.842602 0.000000 0.000000    -1.281466     0.279753 
59352.895534 0.000000 0.000000    -1.269712     0.280163 
59352.948466 0.000000 0.000000    -1.257960     0.280563 
59353.001398 0.000000 0.000000    -1.246216     0.280952 
59353.054330 0.000000 0.000000    -1.234484     0.281330 
59353.107261 0.000000 0.000000    -1.222771     0.281695 
59353.160193 0.000000 0.000000    -1.211081     0.282047 
59353.213125 0.000000 0.000000    -1.199421     0.282386 
59353.266057 0.000000 0.000000    -1.187796     0.282710 
59353.318989 0.000000 0.000000    -1.176211     0.283020 
59353.371921 0.000000 0.000000    -1.164672     0.283313 
59353.424852 0.000000 0.000000    -1.153186     0.283590 
59353.477784 0.000000 0.000000    -1.141756     0.283851 
59353.530716 0.000000 0.000000    -1.130390     0.284093 
59353.583648 0.000000 0.000000    -1.119093     0.284318 
59353.636580 0.000000 0.000000    -1.107871     0.284523 
59353.689512 0.000000 0.000000    -1.096728     0.284710 
59353.742443 0.000000 0.000000    -1.085672     0.284876 
59353.795375 0.000000 0.000000    -1.074708     0.285021 
59353.848307 0.000000 0.000000    -1.063842     0.285145 
59353.901239 0.000000 0.000000    -1.053079     0.285248 
59353.954171 0.000000 0.000000    -1.042425     0.285328 
59354.007103 0.000000 0.000000    -1.031886     0.285385 
59354.060034 0.000000 0.000000    -1.021468     0.285419 
59354.112966 0.000000 0.000000    -1.011176     0.285429 
59354.165898 0.000000 0.000000    -1.001016     0.285415 
59354.218830 0.000000 0.000000    -0.990993     0.285376 
59354.271762 0.000000 0.000000    -0.981114     0.285311 
59354.324694 0.000000 0.000000    -0.971385     0.285221 
59354.377625 0.000000 0.000000    -0.961809     0.285105 
59354.430557 0.000000 0.000000    -0.952394     0.284962 
59354.483489 0.000000 0.000000    -0.943145     0.284792 
59354.536421 0.000000 0.000000    -0.934066     0.284595 
59354.589353 0.000000 0.000000    -0.925165     0.284371 
59354.642285 0.000000 0.000000    -0.916445     0.284118 
59354.695216 0.000000 0.000000    -0.907913     0.283838 
59354.748148 0.000000 0.000000    -0.899573     0.283529 
59354.801080 0.000000 0.000000    -0.891431     0.283192 
59354.854012 0.000000 0.000000    -0.883492     0.282825 
59354.906944 0.000000 0.000000    -0.875761     0.282430 
59354.959876 0.000000 0.000000    -0.868244     0.282006 
59355.012807 0.000000 0.000000    -0.860944     0.281553 
59355.065739 0.000000 0.000000    -0.853868     0.281071 
59355.118671 0.000000 0.000000    -0.847019     0.280560 
59355.171603 0.000000 0.000000    -0.840403     0.280021 
59355.224535 0.000000 0.000000    -0.834024     0.279452 
59355.277467 0.000000 0.000000    -0.827887     0.278856 
59355.330398 0.000000 0.000000    -0.821996     0.278231 
59355.383330 0.000000 0.000000    -0.816356     0.277578 
59355.436262 0.000000 0.000000    -0.810970     0.276898 
59355.489194 0.000000 0.000000    -0.805844     0.276191 
59355.542126 0.000000 0.000000    -0.800980     0.275459 
59355.595058 0.000000 0.000000    -0.796384     0.274700 
59355.647989 0.000000 0.000000    -0.792059     0.273918 
59355.700921 0.000000 0.000000    -0.788008     0.273111 
59355.753853 0.000000 0.000000    -0.784236     0.272282 
59355.806785 0.000000 0.000000    -0.780745     0.271432 
59355.859717 0.000000 0.000000    -0.777540     0.270561 
59355.912648 0.000000 0.000000    -0.774623     0.269672 
59355.965580 0.000000 0.000000    -0.771997     0.268767 
59356.018512 0.000000 0.000000    -0.769667     0.267846 
59356.071444 0.000000 0.000000    -0.767633     0.266912 
59356.124376 0.000000 0.000000    -0.765900     0.265967 
59356.177308 0.000000 0.000000    -0.764470     0.265013 
59356.230239 0.000000 0.000000    -0.763345     0.264054 
59356.283171 0.000000 0.000000    -0.762528     0.263091 
59356.336103 0.000000 0.000000    -0.762020     0.262128 
59356.389035 0.000000 0.000000    -0.761825     0.261169 
59356.441967 0.000000 0.000000    -0.761943     0.260216 
59356.494899 0.000000 0.000000    -0.762376     0.259274 
59356.547830 0.000000 0.000000    -0.763127     0.258346 
59356.600762 0.000000 0.000000    -0.764196     0.257438 
59356.653694 0.000000 0.000000    -0.765585     0.256553 
59356.706626 0.000000 0.000000    -0.767295     0.255696 
59356.759558 0.000000 0.000000    -0.769327     0.254873 
59356.812490 0.000000 0.000000    -0.771681     0.254089 
59356.865421 0.000000 0.000000    -0.774359     0.253349 
59356.918353 0.000000 0.000000    -0.777361     0.252659 
59356.971285 0.000000 0.000000    -0.780687     0.252025 
59357.024217 0.000000 0.000000    -0.784337     0.251453 
59357.077149 0.000000 0.000000    -0.788312     0.250950 
59357.130081 0.000000 0.000000    -0.792611     0.250521 
59357.183012 0.000000 0.000000    -0.797233     0.250173 
59357.235944 0.000000 0.000000    -0.802179     0.249911 
59357.288876 0.000000 0.000000    -0.807448     0.249741 
59357.341808 0.000000 0.000000    -0.813038     0.249670 
59357.394740 0.000000 0.000000    -0.818950     0.249703 
59357.447672 0.000000 0.000000    -0.825181     0.249844 
59357.500603 0.000000 0.000000    -0.831730     0.250099 
59357.553535 0.000000 0.000000    -0.838596     0.250471 
59357.606467 0.000000 0.000000    -0.845778     0.250964 
59357.659399 0.000000 0.000000    -0.853273     0.251580 
59357.712331 0.000000 0.000000    -0.861079     0.252322 
59357.765263 0.000000 0.000000    -0.869194     0.253192 
59357.818194 0.000000 0.000000    -0.877616     0.254190 
59357.871126 0.000000 0.000000    -0.886342     0.255317 
59357.924058 0.000000 0.000000    -0.895370     0.256571 
59357.976990 0.000000 0.000000    -0.904697     0.257952 
59358.029922 0.000000 0.000000    -0.914319     0.259457 
59358.082854 0.000000 0.000000    -0.924235     0.261084 
59358.135785 0.000000 0.000000    -0.934439     0.262829 
59358.188717 0.000000 0.000000    -0.944929     0.264690 
59358.241649 0.000000 0.000000    -0.955702     0.266661 
59358.294581 0.000000 0.000000    -0.966753     0.268739 
59358.347513 0.000000 0.000000    -0.978078     0.270919 
59358.400445 0.000000 0.000000    -0.989674     0.273195 
59358.453376 0.000000 0.000000    -1.001536     0.275563 
59358.506308 0.000000 0.000000    -1.013660     0.278017 
59358.559240 0.000000 0.000000    -1.026040     0.280551 
59358.612172 0.000000 0.000000    -1.038674     0.283161 
59358.665104 0.000000 0.000000    -1.051555     0.285841 
59358.718036 0.000000 0.000000    -1.064678     0.288586 
59358.770967 0.000000 0.000000    -1.078040     0.291391 
59358.823899 0.000000 0.000000    -1.091633     0.294249 
59358.876831 0.000000 0.000000    -1.105454     0.297158 
59358.929763 0.000000 0.000000    -1.119496     0.300111 
59358.982695 0.000000 0.000000    -1.133753     0.303104 
59359.035627 0.000000 0.000000    -1.148221     0.306133 
59359.088558 0.000000 0.000000    -1.162893     0.309194 
59359.141490 0.000000 0.000000    -1.177764     0.312282 
59359.194422 0.000000 0.000000    -1.192826     0.315394 
59359.247354 0.000000 0.000000    -1.208075     0.318526 
59359.300286 0.000000 0.000000    -1.223503     0.321675 
59359.353218 0.000000 0.000000    -1.239104     0.324837 
59359.406149 0.000000 0.000000    -1.254872     0.328008 
59359.459081 0.000000 0.000000    -1.270799     0.331188 
59359.512013 0.000000 0.000000    -1.286881     0.334371 
59359.564945 0.000000 0.000000    -1.303108     0.337557 
59359.617877 0.000000 0.000000    -1.319476     0.340741 
59359.670809 0.000000 0.000000    -1.335976     0.343923 
59359.723740 0.000000 0.000000    -1.352601     0.347099 
59359.776672 0.000000 0.000000    -1.369345     0.350268 
59359.829604 0.000000 0.000000    -1.386201     0.353428 
59359.882536 0.000000 0.000000    -1.403161     0.356577 
59359.935468 0.000000 0.000000    -1.420217     0.359713 
59359.988400 0.000000 0.000000    -1.437363     0.362834 
59360.041331 0.000000 0.000000    -1.454590     0.365939 
59360.094263 0.000000 0.000000    -1.471893     0.369027 
59360.147195 0.000000 0.000000    -1.489262     0.372095 
59360.200127 0.000000 0.000000    -1.506691     0.375143 
59360.253059 0.000000 0.000000    -1.524172     0.378170 
59360.305990 0.000000 0.000000    -1.541697     0.381175 
59360.358922 0.000000 0.000000    -1.559258     0.384155 
59360.411854 0.000000 0.000000    -1.576849     0.387111 
59360.464786 0.000000 0.000000    -1.594461     0.390041 
59360.517718 0.000000 0.000000    -1.612086     0.392944 
59360.570650 0.000000 0.000000    -1.629717     0.395820 
59360.623581 0.000000 0.000000    -1.647347     0.398667 
59360.676513 0.000000 0.000000    -1.664967     0.401485 
59360.729445 0.000000 0.000000    -1.682570     0.404273 
59360.782377 0.000000 0.000000    -1.700148     0.407031 
59360.835309 0.000000 0.000000    -1.717694     0.409758 
59360.888241 0.000000 0.000000    -1.735199     0.412453 
59360.941172 0.000000 0.000000    -1.752656     0.415115 
59360.994104 0.000000 0.000000    -1.770058     0.417744 
59361.047036 0.000000 0.000000    -1.787398     0.420340 
59361.099968 0.000000 0.000000    -1.804666     0.422902 
59361.152900 0.000000 0.000000    -1.821857     0.425430 
59361.205832 0.000000 0.000000    -1.838962     0.427923 
59361.258763 0.000000 0.000000    -1.855975     0.430381 
59361.311695 0.000000 0.000000    -1.872887     0.432803 
59361.364627 0.000000 0.000000    -1.889692     0.435190 
59361.417559 0.000000 0.000000    -1.906382     0.437540 
59361.470491 0.000000 0.000000    -1.922950     0.439854 
59361.523423 0.000000 0.000000    -1.939390     0.442131 
59361.576354 0.000000 0.000000    -1.955694     0.444371 
59361.629286 0.000000 0.000000    -1.971855     0.446574 
59361.682218 0.000000 0.000000    -1.987866     0.448740 
59361.735150 0.000000 0.000000    -2.003721     0.450868 
59361.788082 0.000000 0.000000    -2.019414     0.452959 
59361.841014 0.000000 0.000000    -2.034936     0.455012 
59361.893945 0.000000 0.000000    -2.050283     0.457027 
59361.946877 0.000000 0.000000    -2.065447     0.459004 
59361.999809 0.000000 0.000000    -2.080423     0.460943 
59362.052741 0.000000 0.000000    -2.095204     0.462844 
59362.105673 0.000000 0.000000    -2.109785     0.464706 
59362.158605 0.000000 0.000000    -2.124158     0.466531 
59362.211536 0.000000 0.000000    -2.138320     0.468317 
59362.264468 0.000000 0.000000    -2.152263     0.470066 
59362.317400 0.000000 0.000000    -2.165983     0.471776 
59362.370332 0.000000 0.000000    -2.179474     0.473448 
59362.423264 0.000000 0.000000    -2.192731     0.475083 
59362.476196 0.000000 0.000000    -2.205748     0.476679 
59362.529127 0.000000 0.000000    -2.218521     0.478238 
59362.582059 0.000000 0.000000    -2.231045     0.479759 
59362.634991 0.000000 0.000000    -2.243315     0.481243 
59362.687923 0.000000 0.000000    -2.255327     0.482690 
59362.740855 0.000000 0.000000    -2.267075     0.484099 
59362.793787 0.000000 0.000000    -0.000000          nan 
