# time model 
59318.211098 -2.328058 
59318.265916 -2.389361 
59318.320735 -2.411766 
59318.375553 -2.394232 
59318.430372 -2.336671 
59318.485190 -2.239976 
59318.540009 -2.106014 
59318.594827 -1.937557 
59318.649645 -1.738176 
59318.704464 -1.512095 
59318.759282 -1.264025 
59318.814101 -0.998983 
59318.868919 -0.722116 
59318.923738 -0.438541 
59318.978556 -0.153201 
59319.033374 0.129248 
59319.088193 0.404521 
59319.143011 0.668757 
59319.197830 0.918553 
59319.252648 1.150972 
59319.307467 1.363530 
59319.362285 1.554179 
59319.417103 1.721275 
59319.471922 1.863540 
59319.526740 1.980033 
59319.581559 2.070107 
59319.636377 2.133378 
59319.691196 2.169698 
59319.746014 2.179127 
59319.800832 2.161913 
59319.855651 2.118479 
59319.910469 2.049408 
59319.965288 1.955446 
59320.020106 1.837494 
59320.074925 1.696618 
59320.129743 1.534054 
59320.184561 1.351223 
59320.239380 1.149743 
59320.294198 0.931451 
59320.349017 0.698415 
59320.403835 0.452960 
59320.458654 0.197678 
59320.513472 -0.064554 
59320.568290 -0.330573 
59320.623109 -0.596927 
59320.677927 -0.859898 
59320.732746 -1.115522 
59320.787564 -1.359648 
59320.842383 -1.588001 
59320.897201 -1.796276 
59320.952019 -1.980250 
59321.006838 -2.135914 
59321.061656 -2.259616 
59321.116475 -2.348220 
59321.171293 -2.399246 
59321.226112 -2.411004 
59321.280930 -2.382705 
59321.335748 -2.314520 
59321.390567 -2.207610 
59321.445385 -2.064090 
59321.500204 -1.886960 
59321.555022 -1.679981 
59321.609841 -1.447525 
59321.664659 -1.194402 
59321.719477 -0.925683 
59321.774296 -0.646520 
59321.829114 -0.361997 
59321.883933 -0.076989 
59321.938751 0.203939 
59321.993569 0.476612 
59322.048388 0.737291 
59322.103206 0.982696 
59322.158025 1.210014 
59322.212843 1.416881 
59322.267662 1.601359 
59322.322480 1.761907 
59322.377298 1.897341 
59322.432117 2.006801 
59322.486935 2.089714 
59322.541754 2.145763 
59322.596572 2.174858 
59322.651391 2.177111 
59322.706209 2.152817 
59322.761027 2.102444 
59322.815846 2.026619 
59322.870664 1.926128 
59322.925483 1.801917 
59322.980301 1.655097 
59323.035120 1.486951 
59323.089938 1.298951 
59323.144756 1.092773 
59323.199575 0.870313 
59323.254393 0.633708 
59323.309212 0.385352 
59323.364030 0.127912 
59323.418849 -0.135658 
59323.473667 -0.402117 
59323.528485 -0.667940 
59323.583304 -0.929338 
59323.638122 -1.182292 
59323.692941 -1.422611 
59323.747759 -1.646002 
59323.802578 -1.848168 
59323.857396 -2.024931 
59323.912214 -2.172363 
59323.967033 -2.286937 
59324.021851 -2.365676 
59324.076670 -2.406302 
59324.131488 -2.407357 
59324.186307 -2.368303 
59324.241125 -2.289579 
59324.295943 -2.172605 
59324.350762 -2.019744 
59324.405580 -1.834212 
59324.460399 -1.619951 
59324.515217 -1.381467 
59324.570036 -1.123658 
59324.624854 -0.851632 
59324.679672 -0.570540 
59324.734491 -0.285419 
59324.789309 -0.001072 
59324.844128 0.278034 
59324.898946 0.547839 
59324.953765 0.804724 
59325.008583 1.045536 
59325.063401 1.267583 
59325.118220 1.468619 
59325.173038 1.646816 
59325.227857 1.800731 
59325.282675 1.929271 
59325.337494 2.031658 
59325.392312 2.107388 
59325.447130 2.156209 
59325.501949 2.178087 
59325.556767 2.173185 
59325.611586 2.141845 
59325.666404 2.084578 
59325.721223 2.002054 
59325.776041 1.895104 
59325.830859 1.764714 
59325.885678 1.612041 
59325.940496 1.438418 
59325.995315 1.245370 
59326.050133 1.034630 
59326.104952 0.808157 
59326.159770 0.568155 
59326.214588 0.317089 
59326.269407 0.057704 
59326.324225 -0.206971 
59326.379044 -0.473617 
59326.433862 -0.738635 
59326.488681 -0.998171 
59326.543499 -1.248155 
59326.598317 -1.484357 
59326.653136 -1.702475 
59326.707954 -1.898231 
59326.762773 -2.067500 
59326.817591 -2.206447 
59326.872410 -2.311677 
59326.927228 -2.380387 
59326.982046 -2.410507 
59327.036865 -2.400819 
59327.091683 -2.351044 
59327.146502 -2.261883 
59327.201320 -2.135016 
59327.256139 -1.973045 
59327.310957 -1.779395 
59327.365775 -1.558177 
59327.420594 -1.314018 
59327.475412 -1.051890 
59327.530231 -0.776930 
59327.585049 -0.494271 
59327.639868 -0.208899 
59327.694686 0.074465 
59327.749504 0.351458 
59327.804323 0.618134 
59327.859141 0.870999 
59327.913960 1.107024 
59327.968778 1.323639 
59328.023597 1.518713 
59328.078415 1.690525 
59328.133233 1.837729 
59328.188052 1.959320 
59328.242870 2.054596 
59328.297689 2.123126 
59328.352507 2.164717 
59328.407326 2.179389 
59328.462144 2.167356 
59328.516962 2.129007 
59328.571781 2.064895 
59328.626599 1.975733 
59328.681418 1.862392 
59328.736236 1.725906 
59328.791054 1.567477 
59328.845873 1.388487 
59328.900691 1.190516 
59328.955510 0.975355 
59329.010328 0.745027 
59329.065147 0.501804 
59329.119965 0.248227 
59329.174783 -0.012886 
59329.229602 -0.278427 
59329.284420 -0.545001 
59329.339239 -0.808937 
59329.394057 -1.066319 
59329.448876 -1.313027 
59329.503694 -1.544802 
59329.558512 -1.757339 
59329.613331 -1.946388 
59329.668149 -2.107886 
59329.722968 -2.238103 
59329.777786 -2.333786 
59329.832605 -2.392317 
59329.887423 -2.411844 
59329.942241 -2.391393 
59329.997060 -2.330946 
59330.051878 -2.231469 
59330.106697 -2.094897 
59330.161515 -1.924064 
59330.216334 -1.722593 
59330.271152 -1.494751 
59330.325970 -1.245276 
59330.380789 -0.979200 
59330.435607 -0.701675 
59330.490426 -0.417809 
59330.545244 -0.132525 
59330.600063 0.149542 
59330.654881 0.424137 
59330.709699 0.687433 
59330.764518 0.936060 
59330.819336 1.167114 
59330.874155 1.378144 
59330.928973 1.567132 
59330.983792 1.732462 
59331.038610 1.872883 
59331.093428 1.987475 
59331.148247 2.075610 
59331.203065 2.136926 
59331.257884 2.171287 
59331.312702 2.178770 
59331.367521 2.159634 
59331.422339 2.114315 
59331.477157 2.043409 
59331.531976 1.947671 
59331.586794 1.828016 
59331.641613 1.685520 
59331.696431 1.521433 
59331.751250 1.337190 
59331.806068 1.134424 
59331.860886 0.914987 
59331.915705 0.680967 
59331.970523 0.434707 
59332.025342 0.178821 
59332.080160 -0.083797 
59332.134979 -0.349959 
59332.189797 -0.616197 
59332.244615 -0.878769 
59332.299434 -1.133700 
59332.354252 -1.376825 
59332.409071 -1.603864 
59332.463889 -1.810514 
59332.518708 -1.992562 
59332.573526 -2.146020 
59332.628344 -2.267272 
59332.683163 -2.353220 
59332.737981 -2.401438 
59332.792800 -2.410301 
59332.847618 -2.379086 
59332.902437 -2.308036 
59332.957255 -2.198383 
59333.012073 -2.052310 
59333.066892 -1.872876 
59333.121710 -1.663892 
59333.176529 -1.429768 
59333.231347 -1.175339 
59333.286166 -0.905687 
59333.340984 -0.625966 
59333.395802 -0.341246 
59333.450621 -0.056385 
59333.505439 0.224079 
59333.560258 0.496001 
59333.615076 0.755674 
59333.669895 0.999855 
59333.724713 1.225761 
59333.779531 1.431061 
59333.834350 1.613848 
59333.889168 1.772606 
59333.943987 1.906178 
59333.998805 2.013725 
59334.053624 2.094694 
59334.108442 2.148786 
59334.163260 2.175924 
59334.218079 2.176235 
59334.272897 2.150029 
59334.327716 2.097783 
59334.382534 2.020137 
59334.437353 1.917889 
59334.492171 1.791996 
59334.546989 1.643580 
59334.601808 1.473939 
59334.656626 1.284560 
59334.711445 1.077132 
59334.766263 0.853569 
59334.821082 0.616026 
59334.875900 0.366917 
59334.930718 0.108929 
59334.985537 -0.154964 
59335.040355 -0.421498 
59335.095174 -0.687130 
59335.149992 -0.948053 
59335.204811 -1.200232 
59335.259629 -1.439467 
59335.314447 -1.661459 
59335.369266 -1.861918 
59335.424084 -2.036678 
59335.478903 -2.181835 
59335.533721 -2.293898 
59335.588540 -2.369935 
59335.643358 -2.407724 
59335.698176 -2.405871 
59335.752995 -2.363908 
59335.807813 -2.282345 
59335.862632 -2.162673 
59335.917450 -2.007319 
59335.972268 -1.819559 
59336.027087 -1.603380 
59336.081905 -1.363323 
59336.136724 -1.104308 
59336.191542 -0.831450 
59336.246361 -0.549898 
59336.301179 -0.264675 
59336.355997 0.019437 
59336.410816 0.298000 
59336.465634 0.566981 
59336.520453 0.822799 
59336.575271 1.062333 
59336.630090 1.282924 
59336.684908 1.482357 
59336.739726 1.658834 
59336.794545 1.810938 
59336.849363 1.937600 
59336.904182 2.038063 
59336.959000 2.111844 
59337.013819 2.158706 
59337.068637 2.178630 
59337.123455 2.171793 
59337.178274 2.138550 
59337.233092 2.079423 
59337.287911 1.995095 
59337.342729 1.886405 
59337.397548 1.754355 
59337.452366 1.600113 
59337.507184 1.425025 
59337.562003 1.230630 
59337.616821 1.018678 
59337.671640 0.791145 
59337.726458 0.550252 
59337.781277 0.298486 
59337.836095 0.038611 
59337.890913 -0.226322 
59337.945732 -0.492974 
59338.000550 -0.757727 
59338.055369 -1.016709 
59338.110187 -1.265835 
59338.165006 -1.500868 
59338.219824 -1.717504 
59338.274642 -1.911472 
59338.329461 -2.078662 
59338.384279 -2.215267 
59338.439098 -2.317930 
59338.493916 -2.383896 
59338.548735 -2.411153 
59338.603553 -2.398550 
59338.658371 -2.345877 
59338.713190 -2.253908 
59338.768008 -2.124392 
59338.822827 -1.959995 
59338.877645 -1.764196 
59338.932464 -1.541149 
59338.987282 -1.295514 
59339.042100 -1.032280 
59339.096919 -0.756589 
59339.151737 -0.473567 
59339.206556 -0.188186 
59339.261374 0.094858 
59339.316193 0.371229 
59339.371011 0.637013 
59339.425829 0.888750 
59339.480648 1.123447 
59339.535466 1.338563 
59339.590285 1.532000 
59339.645103 1.702065 
59339.699922 1.847437 
59339.754740 1.967137 
59339.809558 2.060481 
59339.864377 2.127057 
59339.919195 2.166688 
59339.974014 2.179411 
59340.028832 2.165450 
59340.083651 2.125208 
59340.138469 2.059250 
59340.193287 1.968300 
59340.248106 1.853241 
59340.302924 1.715118 
59340.357743 1.555145 
59340.412561 1.374721 
59340.467380 1.175437 
59340.522198 0.959103 
59340.577016 0.727758 
59340.631835 0.483694 
59340.686653 0.229471 
59340.741472 -0.032072 
59340.796290 -0.297806 
59340.851109 -0.564315 
59340.905927 -0.827909 
59340.960745 -1.084657 
59341.015564 -1.330424 
59341.070382 -1.560947 
59341.125201 -1.771918 
59341.180019 -1.959099 
59341.234838 -2.118445 
59341.289656 -2.246255 
59341.344474 -2.339318 
59341.399293 -2.395068 
59341.454111 -2.411711 
59341.508930 -2.388343 
59341.563748 -2.325015 
59341.618567 -2.222766 
59341.673385 -2.083598 
59341.728203 -1.910408 
59341.783022 -1.706871 
59341.837840 -1.477292 
59341.892659 -1.226439 
59341.947477 -0.959357 
59342.002296 -0.681201 
59342.057114 -0.397068 
59342.111932 -0.111867 
59342.166751 0.169796 
59342.221569 0.443694 
59342.276388 0.706031 
59342.331206 0.953474 
59342.386025 1.183150 
59342.440843 1.392641 
59342.495661 1.579960 
59342.550480 1.743518 
59342.605298 1.882089 
59342.660117 1.994776 
59342.714935 2.080972 
59342.769753 2.140331 
59342.824572 2.172735 
59342.879390 2.178272 
59342.934209 2.157217 
59342.989027 2.110017 
59343.043846 2.037279 
59343.098664 1.939770 
59343.153482 1.818417 
59343.208301 1.674308 
59343.263119 1.508706 
59343.317938 1.323059 
59343.372756 1.119016 
59343.427575 0.898447 
59343.482393 0.663455 
59343.537211 0.416404 
59343.592030 0.159927 
59343.646848 -0.103058 
59343.701667 -0.369347 
59343.756485 -0.635447 
59343.811304 -0.897601 
59343.866122 -1.151816 
59343.920940 -1.393917 
59343.975759 -1.619619 
59344.030577 -1.824621 
59344.085396 -2.004722 
59344.140214 -2.155957 
59344.195033 -2.274740 
59344.249851 -2.358019 
59344.304669 -2.403422 
59344.359488 -2.409386 
59344.414306 -2.375256 
59344.469125 -2.301348 
59344.523943 -2.188963 
59344.578762 -2.040353 
59344.633580 -1.858635 
59344.688398 -1.647670 
59344.743217 -1.411904 
59344.798035 -1.156196 
59344.852854 -0.885638 
59344.907672 -0.605385 
59344.962491 -0.320494 
59345.017309 -0.035804 
59345.072127 0.244174 
59345.126946 0.515325 
59345.181764 0.773976 
59345.236583 1.016917 
59345.291401 1.241399 
59345.346220 1.445122 
59345.401038 1.626210 
59345.455856 1.783173 
59345.510675 1.914878 
59345.565493 2.020509 
59345.620312 2.099533 
59345.675130 2.151665 
59345.729949 2.176848 
59345.784767 2.175220 
59345.839585 2.147103 
59345.894404 2.092988 
59345.949222 2.013525 
59346.004041 1.909525 
59346.058859 1.781955 
59346.113678 1.631952 
59346.168496 1.460824 
59346.223314 1.270073 
59346.278133 1.061406 
59346.332951 0.836752 
59346.387770 0.598284 
59346.442588 0.348435 
59346.497407 0.089914 
59346.552225 -0.174284 
59346.607043 -0.440876 
59346.661862 -0.706297 
59346.716680 -0.966722 
59346.771499 -1.218104 
59346.826317 -1.456231 
59346.881136 -1.676802 
59346.935954 -1.875531 
59346.990772 -2.048268 
59347.045591 -2.191132 
59347.100409 -2.300668 
59347.155228 -2.373992 
59347.210046 -2.408936 
59347.264865 -2.404172 
59347.319683 -2.359303 
59347.374501 -2.274909 
59347.429320 -2.152551 
59347.484138 -1.994723 
59347.538957 -1.804756 
59347.593775 -1.586683 
59347.648594 -1.345080 
59347.703412 -1.084884 
59347.758230 -0.811222 
59347.813049 -0.529236 
59347.867867 -0.243937 
59347.922686 0.039917 
59347.977504 0.317914 
59348.032323 0.586054 
59348.087141 0.840788 
59348.141959 1.079030 
59348.196778 1.298153 
59348.251596 1.495974 
59348.306415 1.670722 
59348.361233 1.821010 
59348.416052 1.945790 
59348.470870 2.044328 
59348.525688 2.116158 
59348.580507 2.161061 
59348.635325 2.179032 
59348.690144 2.170262 
59348.744962 2.135118 
59348.799781 2.074135 
59348.854599 1.988007 
59348.909417 1.877584 
59348.964236 1.743880 
59349.019054 1.588075 
59349.073873 1.411530 
59349.128691 1.215798 
59349.183510 1.002644 
59349.238328 0.774062 
59349.293146 0.532292 
59349.347965 0.279840 
59349.402783 0.019491 
59349.457602 -0.245683 
59349.512420 -0.512322 
59349.567239 -0.776788 
59349.622057 -1.035194 
59349.676875 -1.283440 
59349.731694 -1.517282 
59349.786512 -1.732413 
59349.841331 -1.924571 
59349.896149 -2.089663 
59349.950967 -2.223908 
59350.005786 -2.323988 
59350.060604 -2.387200 
59350.115423 -2.411589 
59350.170241 -2.396069 
59350.225060 -2.340503 
59350.279878 -2.245735 
59350.334696 -2.113584 
59350.389515 -1.946778 
59350.444333 -1.748853 
59350.499152 -1.524002 
59350.553970 -1.276918 
59350.608789 -1.012605 
59350.663607 -0.736209 
59350.718425 -0.452851 
59350.773244 -0.167485 
59350.828062 0.115215 
59350.882881 0.390943 
59350.937699 0.655817 
59350.992518 0.906412 
59351.047336 1.139766 
59351.102154 1.353373 
59351.156973 1.545163 
59351.211791 1.713474 
59351.266610 1.857010 
59351.321428 1.974814 
59351.376247 2.066224 
59351.431065 2.130845 
59351.485883 2.168518 
59351.540702 2.179292 
59351.595520 2.163406 
59351.650339 2.121274 
59351.705157 2.053473 
59351.759976 1.960740 
59351.814794 1.843968 
59351.869612 1.704214 
59351.924431 1.542706 
59351.979249 1.360854 
59352.034068 1.160268 
59352.088886 0.942772 
59352.143705 0.710422 
59352.198523 0.465531 
59352.253341 0.210676 
59352.308160 -0.051280 
59352.362978 -0.317189 
59352.417797 -0.583613 
59352.472615 -0.846846 
59352.527434 -1.102936 
59352.582252 -1.347740 
59352.637070 -1.576988 
59352.691889 -1.786372 
59352.746707 -1.971663 
59352.801526 -2.128837 
59352.856344 -2.254223 
59352.911163 -2.344653 
59352.965981 -2.397611 
59353.020799 -2.411366 
59353.075618 -2.385080 
59353.130436 -2.318877 
59353.185255 -2.213867 
59353.240073 -2.072119 
59353.294892 -1.896592 
59353.349710 -1.691010 
59353.404528 -1.459721 
59353.459347 -1.207516 
59353.514165 -0.939456 
59353.568984 -0.660695 
59353.623802 -0.376322 
59353.678621 -0.091227 
59353.733439 0.190009 
59353.788257 0.463189 
59353.843076 0.724551 
59353.897894 0.970794 
59353.952713 1.199079 
59354.007531 1.407021 
59354.062350 1.592663 
59354.117168 1.754442 
59354.171986 1.891159 
59354.226805 2.001938 
59354.281623 2.086193 
59354.336442 2.143594 
59354.391260 2.174040 
59354.446079 2.177634 
59354.500897 2.154662 
59354.555715 2.105583 
59354.610534 2.031018 
59354.665352 1.931743 
59354.720171 1.808698 
59354.774989 1.662982 
59354.829808 1.495873 
59354.884626 1.308831 
59354.939444 1.103521 
59354.994263 0.881830 
59355.049081 0.645879 
59355.103900 0.398051 
59355.158718 0.141000 
59355.213537 -0.122338 
59355.268355 -0.388733 
59355.323173 -0.654676 
59355.377992 -0.916390 
59355.432810 -1.169867 
59355.487629 -1.410922 
59355.542447 -1.635264 
59355.597266 -1.838596 
59355.652084 -2.016730 
59355.706902 -2.165722 
59355.761721 -2.282021 
59355.816539 -2.362618 
59355.871358 -2.405198 
59355.926176 -2.408259 
59355.980995 -2.371216 
59356.035813 -2.294456 
59356.090631 -2.179352 
59356.145450 -2.028221 
59356.200268 -1.844240 
59356.255087 -1.631317 
59356.309905 -1.393934 
59356.364724 -1.136974 
59356.419542 -0.865538 
59356.474360 -0.584779 
59356.529179 -0.299744 
59356.583997 -0.015249 
59356.638816 0.264221 
59356.693634 0.534582 
59356.748452 0.792195 
59356.803271 1.033881 
59356.858089 1.256927 
59356.912908 1.459064 
59356.967726 1.638444 
59357.022545 1.793606 
59357.077363 1.923441 
59357.132181 2.027153 
59357.187000 2.104229 
59357.241818 2.154403 
59357.296637 2.177630 
59357.351455 2.174064 
59357.406274 2.144040 
59357.461092 2.088059 
59357.515910 2.006784 
59357.570729 1.901037 
59357.625547 1.771796 
59357.680366 1.620211 
59357.735184 1.447605 
59357.790003 1.255492 
59357.844821 1.045595 
59357.899639 0.819861 
59357.954458 0.580481 
59358.009276 0.329907 
59358.064095 0.070870 
59358.118913 -0.193616 
59358.173732 -0.460247 
59358.228550 -0.725437 
59358.283368 -0.985343 
59358.338187 -1.235906 
59358.393005 -1.472902 
59358.447824 -1.692030 
59358.502642 -1.889008 
59358.557461 -2.059700 
59358.612279 -2.200253 
59358.667097 -2.307247 
59358.721916 -2.377845 
59358.776734 -2.409938 
59358.831553 -2.402262 
59358.886371 -2.354489 
59358.941190 -2.267272 
59358.996008 -2.142242 
59359.050826 -1.981957 
59359.105645 -1.789804 
59359.160463 -1.569862 
59359.215282 -1.326738 
59359.270100 -1.065390 
59359.324919 -0.790951 
59359.379737 -0.508557 
59359.434555 -0.223206 
59359.489374 0.060366 
59359.544192 0.337776 
59359.599011 0.605056 
59359.653829 0.858690 
59359.708648 1.095625 
59359.763466 1.313269 
59359.818284 1.509468 
59359.873103 1.682482 
59359.927921 1.830947 
59359.982740 1.953842 
59360.037558 2.050451 
59360.092377 2.120329 
59360.147195 2.163273 
59360.202013 2.179292 
59360.256832 2.168591 
59360.311650 2.131550 
59360.366469 2.068714 
59360.421287 1.980790 
59360.476106 1.868639 
59360.530924 1.733287 
59360.585742 1.575927 
59360.640561 1.397933 
59360.695379 1.200873 
59360.750198 0.986528 
59360.805016 0.756909 
59360.859835 0.514276 
59360.914653 0.261153 
59360.969471 0.000346 
59361.024290 -0.265051 
59361.079108 -0.531658 
59361.133927 -0.795818 
59361.188745 -1.053626 
59361.243564 -1.300969 
59361.298382 -1.533597 
59361.353200 -1.747201 
59361.408019 -1.937527 
59361.462837 -2.100500 
59361.517656 -2.232368 
59361.572474 -2.329852 
59361.627293 -2.390298 
59361.682111 -2.411813 
59361.736929 -2.393376 
59361.791748 -2.334921 
59361.846566 -2.237364 
59361.901385 -2.102592 
59361.956203 -1.933397 
59362.011022 -1.733367 
59362.065840 -1.506738 
59362.120658 -1.258230 
59362.175477 -0.992865 
59362.230295 -0.715792 
59362.285114 -0.432124 
59362.339932 -0.146798 
59362.394751 0.135535 
59362.449569 0.410600 
59362.504387 0.674547 
59362.559206 0.923983 
59362.614024 1.155980 
59362.668843 1.368067 
59362.723661 1.558203 
59362.778480 1.724752 
59362.833298 1.866447 
59362.888116 1.982352 
59362.942935 2.071826 
59362.997753 2.134491 
59363.052572 2.170205 
59363.107390 2.179032 
59363.162209 2.161223 
59363.217027 2.117204 
59363.271845 2.047565 
59363.326664 1.953053 
59363.381482 1.834573 
59363.436301 1.693195 
59363.491119 1.530159 
59363.545938 1.346889 
59363.600756 1.145010 
59363.655574 0.926362 
59363.710393 0.693020 
59363.765211 0.447315 
59363.820030 0.191844 
59363.874848 -0.070509 
59363.929666 -0.336574 
59363.984485 -0.602895 
59364.039303 -0.865744 
59364.094122 -1.121156 
59364.148940 -1.364975 
59364.203759 -1.592924 
59364.258577 -1.800698 
59364.313395 -1.984078 
59364.368214 -2.139061 
59364.423032 -2.262006 
59364.477851 -2.349789 
59364.532669 -2.399947 
59364.587488 -2.410809 
59364.642306 -2.381607 
59364.697124 -2.312535 
59364.751943 -2.204774 
59364.806761 -2.060462 
59364.861580 -1.882616 
59364.916398 -1.675014 
59364.971217 -1.442039 
59365.026035 -1.188510 
59365.080853 -0.919498 
59365.135672 -0.640160 
59365.190490 -0.355573 
59365.245309 -0.070608 
59365.300127 0.210179 
59365.354946 0.482622 
59365.409764 0.742991 
59365.464582 0.988018 
59365.519401 1.214901 
59365.574219 1.421283 
59365.629038 1.605239 
59365.683856 1.765233 
59365.738675 1.900091 
59365.793493 2.008959 
59365.848311 2.091271 
59365.903130 2.146714 
59365.957948 2.175203 
59366.012767 2.176855 
59366.067585 2.151969 
59366.122404 2.101015 
59366.177222 2.024626 
59366.232040 1.923591 
59366.286859 1.798859 
59366.341677 1.651543 
59366.396496 1.482934 
59366.451314 1.294506 
59366.506133 1.087940 
59366.560951 0.865138 
59366.615769 0.628241 
59366.670588 0.379650 
59366.725406 0.122039 
59366.780225 -0.141633 
59366.835043 -0.408117 
59366.889862 -0.673883 
59366.944680 -0.935136 
59366.999498 -1.187854 
59367.054317 -1.427839 
59367.109135 -1.650799 
59367.163954 -1.852439 
59367.218772 -2.028584 
59367.273591 -2.175314 
59367.328409 -2.289112 
59367.383227 -2.367016 
59367.438046 -2.406764 
59367.492864 -2.406919 
59367.547683 -2.366965 
59367.602501 -2.287361 
59367.657320 -2.169551 
59367.712138 -2.015916 
59367.766956 -1.829692 
59367.821775 -1.614834 
59367.876593 -1.375861 
59367.931412 -1.117675 
59367.986230 -0.845389 
59368.041049 -0.564151 
59368.095867 -0.278997 
59368.150685 0.005280 
59368.205504 0.284221 
59368.260322 0.553772 
59368.315141 0.810329 
59368.369959 1.050747 
59368.424778 1.272344 
59368.479596 1.472885 
59368.534414 1.650550 
59368.589233 1.803905 
59368.644051 1.931865 
59368.698870 2.033656 
59368.753688 2.108783 
59368.808507 2.156998 
59368.863325 2.178270 
59368.918143 2.172769 
59368.972962 2.140839 
59369.027780 2.082996 
59369.082599 1.999914 
59369.137417 1.892424 
59369.192236 1.761519 
59369.247054 1.608360 
59369.301872 1.434282 
59369.356691 1.240817 
59369.411509 1.029701 
59369.466328 0.802898 
59369.521146 0.562619 
59369.575965 0.311335 
59369.630783 0.051796 
59369.685601 -0.212961 
59369.740420 -0.479610 
59369.795238 -0.744549 
59369.850057 -1.003916 
59369.904875 -1.253636 
59369.959694 -1.489479 
59370.014512 -1.707140 
59370.069330 -1.902345 
59370.124149 -2.070973 
59370.178967 -2.209197 
59370.233786 -2.313633 
59370.288604 -2.381495 
59370.343423 -2.410730 
59370.398241 -2.400139 
59370.453059 -2.349466 
59370.507878 -2.259435 
59370.562696 -2.131746 
59370.617515 -1.969023 
59370.672333 -1.774705 
59370.727151 -1.552918 
59370.781970 -1.308299 
59370.836788 -1.045827 
59370.891607 -0.770637 
59370.946425 -0.487863 
59371.001244 -0.202485 
59371.056062 0.080782 
59371.110880 0.357585 
59371.165699 0.623986 
59371.220517 0.876504 
59371.275336 1.112119 
59371.330154 1.328272 
59371.384973 1.522840 
59371.439791 1.694111 
59371.494609 1.840749 
59371.549428 1.961755 
59371.604246 2.056433 
59371.659065 2.124358 
59371.713883 2.165342 
59371.768702 2.179411 
59371.823520 2.166781 
59371.878338 2.127845 
59371.933157 2.063161 
59371.987975 1.973445 
59372.042794 1.859572 
59372.097612 1.722579 
59372.152431 1.563671 
59372.207249 1.384236 
59372.262067 1.185857 
59372.316886 0.970332 
59372.371704 0.739688 
59372.426523 0.496204 
59372.481341 0.242424 
59372.536160 -0.018824 
59372.590978 -0.284426 
59372.645796 -0.550982 
59372.700615 -0.814814 
59372.755433 -1.072002 
59372.810252 -1.318421 
59372.865070 -1.549811 
59372.919889 -1.761866 
59372.974707 -1.950339 
59373.029525 -2.111173 
59373.084344 -2.240646 
59373.139162 -2.335520 
59373.193981 -2.393191 
59373.248799 -2.411826 
59373.303618 -2.390471 
59373.358436 -2.329132 
59373.413254 -2.228796 
59373.468073 -2.091418 
59373.522891 -1.919853 
59373.577710 -1.717740 
59373.632528 -1.489358 
59373.687347 -1.239453 
59373.742165 -0.973064 
59373.796983 -0.695340 
59373.851802 -0.411388 
59373.906620 -0.126128 
59373.961439 0.155817 
59374.016257 0.430198 
59374.071076 0.693199 
59374.125894 0.941461 
