# time Tc_folded Tref_folded value value_err offset model full_model val_compare val_compare_err residuals residuals_err jitter jitter_flag offset_flag subset_flag 
59333.151961 0.000000 0.000000 -4.733000 0.950000 0.291262 -0.710504 -0.419242 -5.024262 0.950000 -4.313758 0.950000 1.910129  -1  -1  -1 
59333.152667 0.000000 0.000000 -7.000000 0.950000 0.291262 -0.710221 -0.418959 -7.291262 0.950000 -6.581041 0.950000 1.910129  -1  -1  -1 
59333.153373 0.000000 0.000000 -6.950000 0.950000 0.291262 -0.709938 -0.418676 -7.241262 0.950000 -6.531324 0.950000 1.910129  -1  -1  -1 
59336.044295 0.000000 0.000000 -0.567000 0.950000 0.291262 0.474248 0.765510 -0.858262 0.950000 -1.332510 0.950000 1.910129  -1  -1  -1 
59336.045745 0.000000 0.000000 -2.333000 0.950000 0.291262 0.474352 0.765614 -2.624262 0.950000 -3.098614 0.950000 1.910129  -1  -1  -1 
59336.046451 0.000000 0.000000 -1.117000 0.950000 0.291262 0.474402 0.765664 -1.408262 0.950000 -1.882664 0.950000 1.910129  -1  -1  -1 
59337.054588 0.000000 0.000000 -0.450000 0.950000 0.291262 0.358500 0.649762 -0.741262 0.950000 -1.099762 0.950000 1.910129  -1  -1  -1 
59337.055294 0.000000 0.000000 -0.317000 0.950000 0.291262 0.358298 0.649560 -0.608262 0.950000 -0.966560 0.950000 1.910129  -1  -1  -1 
59337.055999 0.000000 0.000000 2.117000 0.950000 0.291262 0.358096 0.649358 1.825738 0.950000 1.467642 0.950000 1.910129  -1  -1  -1 
59338.142666 0.000000 0.000000 -1.183000 0.950000 0.291262 -0.082674 0.208588 -1.474262 0.950000 -1.391588 0.950000 1.910129  -1  -1  -1 
59338.143375 0.000000 0.000000 -0.900000 0.950000 0.291262 -0.083012 0.208250 -1.191262 0.950000 -1.108250 0.950000 1.910129  -1  -1  -1 
59338.144784 0.000000 0.000000 0.033000 0.950000 0.291262 -0.083685 0.207577 -0.258262 0.950000 -0.174577 0.950000 1.910129  -1  -1  -1 
59339.164449 0.000000 0.000000 -0.200000 0.950000 0.291262 -0.543349 -0.252087 -0.491262 0.950000 0.052087 0.950000 1.910129  -1  -1  -1 
59339.165155 0.000000 0.000000 0.400000 0.950000 0.291262 -0.543618 -0.252356 0.108738 0.950000 0.652356 0.950000 1.910129  -1  -1  -1 
59339.166567 0.000000 0.000000 -2.583000 0.950000 0.291262 -0.544156 -0.252894 -2.874262 0.950000 -2.330106 0.950000 1.910129  -1  -1  -1 
59340.102238 0.000000 0.000000 1.250000 0.950000 0.291262 -0.783894 -0.492632 0.958738 0.950000 1.742632 0.950000 1.910129  -1  -1  -1 
59340.103650 0.000000 0.000000 0.800000 0.950000 0.291262 -0.784053 -0.492791 0.508738 0.950000 1.292791 0.950000 1.910129  -1  -1  -1 
59340.104356 0.000000 0.000000 -1.067000 0.950000 0.291262 -0.784132 -0.492870 -1.358262 0.950000 -0.574130 0.950000 1.910129  -1  -1  -1 
59341.060305 0.000000 0.000000 3.300000 0.950000 0.291262 -0.738989 -0.447727 3.008738 0.950000 3.747727 0.950000 1.910129  -1  -1  -1 
59341.061717 0.000000 0.000000 1.233000 0.950000 0.291262 -0.738707 -0.447445 0.941738 0.950000 1.680445 0.950000 1.910129  -1  -1  -1 
59341.062423 0.000000 0.000000 -1.517000 0.950000 0.291262 -0.738565 -0.447303 -1.808262 0.950000 -1.069697 0.950000 1.910129  -1  -1  -1 
59342.127214 0.000000 0.000000 1.233000 0.950000 0.291262 -0.392277 -0.101015 0.941738 0.950000 1.334015 0.950000 1.910129  -1  -1  -1 
59342.128626 0.000000 0.000000 0.950000 0.950000 0.291262 -0.391692 -0.100430 0.658738 0.950000 1.050430 0.950000 1.910129  -1  -1  -1 
59342.129333 0.000000 0.000000 0.567000 0.950000 0.291262 -0.391400 -0.100138 0.275738 0.950000 0.667138 0.950000 1.910129  -1  -1  -1 
59343.096509 0.000000 0.000000 2.600000 0.950000 0.291262 0.015880 0.307142 2.308738 0.950000 2.292858 0.950000 1.910129  -1  -1  -1 
59343.097921 0.000000 0.000000 -0.367000 0.950000 0.291262 0.016435 0.307697 -0.658262 0.950000 -0.674697 0.950000 1.910129  -1  -1  -1 
59343.098626 0.000000 0.000000 -2.567000 0.950000 0.291262 0.016712 0.307974 -2.858262 0.950000 -2.874974 0.950000 1.910129  -1  -1  -1 
59345.087496 0.000000 0.000000 0.333000 0.950000 0.291262 0.367350 0.658612 0.041738 0.950000 -0.325612 0.950000 1.910129  -1  -1  -1 
59345.088908 0.000000 0.000000 4.900000 0.950000 0.291262 0.367236 0.658498 4.608738 0.950000 4.241502 0.950000 1.910129  -1  -1  -1 
59345.089615 0.000000 0.000000 2.783000 0.950000 0.291262 0.367179 0.658441 2.491738 0.950000 2.124559 0.950000 1.910129  -1  -1  -1 
59347.165174 0.000000 0.000000 0.850000 0.950000 0.291262 -0.103765 0.187497 0.558738 0.950000 0.662503 0.950000 1.910129  -1  -1  -1 
59347.165880 0.000000 0.000000 0.000000 0.950000 0.291262 -0.103936 0.187326 -0.291262 0.950000 -0.187326 0.950000 1.910129  -1  -1  -1 
59347.166589 0.000000 0.000000 1.283000 0.950000 0.291262 -0.104108 0.187154 0.991738 0.950000 1.095846 0.950000 1.910129  -1  -1  -1 
59349.156919 0.000000 0.000000 -1.800000 0.950000 0.291262 -0.219900 0.071361 -2.091262 0.950000 -1.871361 0.950000 1.910129  -1  -1  -1 
59349.159037 0.000000 0.000000 -0.733000 0.950000 0.291262 -0.219587 0.071675 -1.024262 0.950000 -0.804675 0.950000 1.910129  -1  -1  -1 
59349.159743 0.000000 0.000000 -0.400000 0.950000 0.291262 -0.219483 0.071779 -0.691262 0.950000 -0.471779 0.950000 1.910129  -1  -1  -1 
59351.095299 0.000000 0.000000 2.000000 0.950000 0.291262 0.199508 0.490770 1.708738 0.950000 1.509230 0.950000 1.910129  -1  -1  -1 
59351.096005 0.000000 0.000000 0.883000 0.950000 0.291262 0.199624 0.490886 0.591738 0.950000 0.392114 0.950000 1.910129  -1  -1  -1 
59351.097417 0.000000 0.000000 4.433000 0.950000 0.291262 0.199856 0.491118 4.141738 0.950000 3.941882 0.950000 1.910129  -1  -1  -1 
59352.132027 0.000000 0.000000 3.117000 0.950000 0.291262 0.245615 0.536877 2.825738 0.950000 2.580123 0.950000 1.910129  -1  -1  -1 
59352.134142 0.000000 0.000000 -1.783000 0.950000 0.291262 0.245412 0.536674 -2.074262 0.950000 -2.319674 0.950000 1.910129  -1  -1  -1 
59352.134848 0.000000 0.000000 4.000000 0.950000 0.291262 0.245344 0.536606 3.708738 0.950000 3.463394 0.950000 1.910129  -1  -1  -1 
59358.106134 0.000000 0.000000 1.417000 0.950000 0.291262 -0.253324 0.037938 1.125738 0.950000 1.379062 0.950000 1.910129  -1  -1  -1 
59358.106840 0.000000 0.000000 -0.817000 0.950000 0.291262 -0.252760 0.038502 -1.108262 0.950000 -0.855502 0.950000 1.910129  -1  -1  -1 
59358.108959 0.000000 0.000000 -2.000000 0.950000 0.291262 -0.251067 0.040195 -2.291262 0.950000 -2.040195 0.950000 1.910129  -1  -1  -1 
59359.054266 0.000000 0.000000 -1.517000 0.950000 0.291262 0.555936 0.847198 -1.808262 0.950000 -2.364198 0.950000 1.910129  -1  -1  -1 
59359.056384 0.000000 0.000000 -0.600000 0.950000 0.291262 0.557750 0.849012 -0.891262 0.950000 -1.449012 0.950000 1.910129  -1  -1  -1 
59359.057090 0.000000 0.000000 1.600000 0.950000 0.291262 0.558355 0.849617 1.308738 0.950000 0.750383 0.950000 1.910129  -1  -1  -1 
59360.145042 0.000000 0.000000 4.633000 0.950000 0.291262 1.352788 1.644050 4.341738 0.950000 2.988950 0.950000 1.910129  -1  -1  -1 
59360.146454 0.000000 0.000000 4.300000 0.950000 0.291262 1.353553 1.644815 4.008738 0.950000 2.655185 0.950000 1.910129  -1  -1  -1 
59360.147195 0.000000 0.000000 -0.550000 0.950000 0.291262 1.353954 1.645216 -0.841262 0.950000 -2.195216 0.950000 1.910129  -1  -1  -1 
