# time model 
59329.481866 1.034053 
59329.519476 0.910001 
59329.557086 0.785866 
59329.594696 0.661723 
59329.632306 0.537649 
59329.669917 0.413717 
59329.707527 0.290004 
59329.745137 0.166585 
59329.782747 0.043532 
59329.820357 -0.079078 
59329.857967 -0.201174 
59329.895578 -0.322682 
59329.933188 -0.443530 
59329.970798 -0.563645 
59330.008408 -0.682957 
59330.046018 -0.801395 
59330.083628 -0.918889 
59330.121238 -1.035371 
59330.158849 -1.150772 
59330.196459 -1.265025 
59330.234069 -1.378065 
59330.271679 -1.489825 
59330.309289 -1.600242 
59330.346899 -1.709252 
59330.384510 -1.816794 
59330.422120 -1.922806 
59330.459730 -2.027229 
59330.497340 -2.130004 
59330.534950 -2.231074 
59330.572560 -2.330383 
59330.610170 -2.427878 
59330.647781 -2.523504 
59330.685391 -2.617209 
59330.723001 -2.708945 
59330.760611 -2.798661 
59330.798221 -2.886310 
59330.835831 -2.971847 
59330.873442 -3.055228 
59330.911052 -3.136410 
59330.948662 -3.215353 
59330.986272 -3.292015 
59331.023882 -3.366362 
59331.061492 -3.438355 
59331.099102 -3.507962 
59331.136713 -3.575149 
59331.174323 -3.639887 
59331.211933 -3.702146 
59331.249543 -3.761899 
59331.287153 -3.819120 
59331.324763 -3.873788 
59331.362374 -3.925879 
59331.399984 -3.975374 
59331.437594 -4.022255 
59331.475204 -4.066507 
59331.512814 -4.108114 
59331.550424 -4.147066 
59331.588035 -4.183351 
59331.625645 -4.216961 
59331.663255 -4.247889 
59331.700865 -4.276131 
59331.738475 -4.301684 
59331.776085 -4.324548 
59331.813695 -4.344722 
59331.851306 -4.362211 
59331.888916 -4.377018 
59331.926526 -4.389151 
59331.964136 -4.398617 
59332.001746 -4.405428 
59332.039356 -4.409595 
59332.076967 -4.411133 
59332.114577 -4.410057 
59332.152187 -4.406385 
59332.189797 -4.400137 
59332.227407 -4.391332 
59332.265017 -4.379995 
59332.302627 -4.366150 
59332.340238 -4.349824 
59332.377848 -4.331044 
59332.415458 -4.309839 
59332.453068 -4.286242 
59332.490678 -4.260285 
59332.528288 -4.232002 
59332.565899 -4.201430 
59332.603509 -4.168606 
59332.641119 -4.133569 
59332.678729 -4.096360 
59332.716339 -4.057020 
59332.753949 -4.015592 
59332.791559 -3.972121 
59332.829170 -3.926654 
59332.866780 -3.879236 
59332.904390 -3.829917 
59332.942000 -3.778746 
59332.979610 -3.725775 
59333.017220 -3.671054 
59333.054831 -3.614637 
59333.092441 -3.556577 
59333.130051 -3.496931 
59333.167661 -3.435753 
59333.205271 -3.373101 
59333.242881 -3.309032 
59333.280492 -3.243606 
59333.318102 -3.176880 
59333.355712 -3.108916 
59333.393322 -3.039774 
59333.430932 -2.969515 
59333.468542 -2.898202 
59333.506152 -2.825896 
59333.543763 -2.752662 
59333.581373 -2.678562 
59333.618983 -2.603660 
59333.656593 -2.528021 
59333.694203 -2.451708 
59333.731813 -2.374787 
59333.769424 -2.297323 
59333.807034 -2.219381 
59333.844644 -2.141026 
59333.882254 -2.062323 
59333.919864 -1.983338 
59333.957474 -1.904135 
59333.995084 -1.824781 
59334.032695 -1.745340 
59334.070305 -1.665877 
59334.107915 -1.586456 
59334.145525 -1.507143 
59334.183135 -1.428000 
59334.220745 -1.349092 
59334.258356 -1.270482 
59334.295966 -1.192233 
59334.333576 -1.114407 
59334.371186 -1.037065 
59334.408796 -0.960269 
59334.446406 -0.884079 
59334.484016 -0.808555 
59334.521627 -0.733756 
59334.559237 -0.659741 
59334.596847 -0.586566 
59334.634457 -0.514288 
59334.672067 -0.442963 
59334.709677 -0.372646 
59334.747288 -0.303390 
59334.784898 -0.235249 
59334.822508 -0.168273 
59334.860118 -0.102514 
59334.897728 -0.038021 
59334.935338 0.025158 
59334.972949 0.086975 
59335.010559 0.147385 
59335.048169 0.206342 
59335.085779 0.263805 
59335.123389 0.319729 
59335.160999 0.374076 
59335.198609 0.426805 
59335.236220 0.477878 
59335.273830 0.527260 
59335.311440 0.574914 
59335.349050 0.620808 
59335.386660 0.664908 
59335.424270 0.707186 
59335.461881 0.747610 
59335.499491 0.786155 
59335.537101 0.822794 
59335.574711 0.857502 
59335.612321 0.890257 
59335.649931 0.921037 
59335.687541 0.949824 
59335.725152 0.976599 
59335.762762 1.001346 
59335.800372 1.024050 
59335.837982 1.044698 
59335.875592 1.063280 
59335.913202 1.079784 
59335.950813 1.094205 
59335.988423 1.106534 
59336.026033 1.116767 
59336.063643 1.124903 
59336.101253 1.130938 
59336.138863 1.134874 
59336.176473 1.136712 
59336.214084 1.136457 
59336.251694 1.134114 
59336.289304 1.129689 
59336.326914 1.123192 
59336.364524 1.114632 
59336.402134 1.104021 
59336.439745 1.091373 
59336.477355 1.076703 
59336.514965 1.060027 
59336.552575 1.041364 
59336.590185 1.020733 
59336.627795 0.998155 
59336.665406 0.973653 
59336.703016 0.947252 
59336.740626 0.918976 
59336.778236 0.888852 
59336.815846 0.856910 
59336.853456 0.823179 
59336.891066 0.787689 
59336.928677 0.750474 
59336.966287 0.711566 
59337.003897 0.671002 
59337.041507 0.628817 
59337.079117 0.585049 
59337.116727 0.539736 
59337.154338 0.492917 
59337.191948 0.444635 
59337.229558 0.394930 
59337.267168 0.343845 
59337.304778 0.291425 
59337.342388 0.237714 
59337.379998 0.182758 
59337.417609 0.126604 
59337.455219 0.069299 
59337.492829 0.010891 
59337.530439 -0.048570 
59337.568049 -0.109035 
59337.605659 -0.170454 
59337.643270 -0.232774 
59337.680880 -0.295945 
59337.718490 -0.359914 
59337.756100 -0.424629 
59337.793710 -0.490035 
59337.831320 -0.556080 
59337.868930 -0.622710 
59337.906541 -0.689869 
59337.944151 -0.757504 
59337.981761 -0.825558 
59338.019371 -0.893978 
59338.056981 -0.962708 
59338.094591 -1.031691 
59338.132202 -1.100874 
59338.169812 -1.170199 
59338.207422 -1.239612 
59338.245032 -1.309057 
59338.282642 -1.378478 
59338.320252 -1.447820 
59338.357863 -1.517028 
59338.395473 -1.586047 
59338.433083 -1.654823 
59338.470693 -1.723300 
59338.508303 -1.791426 
59338.545913 -1.859146 
59338.583523 -1.926407 
59338.621134 -1.993157 
59338.658744 -2.059343 
59338.696354 -2.124914 
59338.733964 -2.189819 
59338.771574 -2.254007 
59338.809184 -2.317429 
59338.846795 -2.380035 
59338.884405 -2.441778 
59338.922015 -2.502609 
59338.959625 -2.562483 
59338.997235 -2.621353 
59339.034845 -2.679175 
59339.072455 -2.735904 
59339.110066 -2.791497 
59339.147676 -2.845913 
59339.185286 -2.899110 
59339.222896 -2.951048 
59339.260506 -3.001688 
59339.298116 -3.050993 
59339.335727 -3.098926 
59339.373337 -3.145451 
59339.410947 -3.190534 
59339.448557 -3.234142 
59339.486167 -3.276242 
59339.523777 -3.316805 
59339.561387 -3.355801 
59339.598998 -3.393201 
59339.636608 -3.428979 
59339.674218 -3.463110 
59339.711828 -3.495569 
59339.749438 -3.526334 
59339.787048 -3.555384 
59339.824659 -3.582698 
59339.862269 -3.608257 
59339.899879 -3.632046 
59339.937489 -3.654047 
59339.975099 -3.674248 
59340.012709 -3.692635 
59340.050320 -3.709196 
59340.087930 -3.723922 
59340.125540 -3.736805 
59340.163150 -3.747837 
59340.200760 -3.757013 
59340.238370 -3.764328 
59340.275980 -3.769782 
59340.313591 -3.773372 
59340.351201 -3.775098 
59340.388811 -3.774963 
59340.426421 -3.772970 
59340.464031 -3.769124 
59340.501641 -3.763430 
59340.539252 -3.755897 
59340.576862 -3.746534 
59340.614472 -3.735350 
59340.652082 -3.722359 
59340.689692 -3.707573 
59340.727302 -3.691007 
59340.764912 -3.672677 
59340.802523 -3.652600 
59340.840133 -3.630795 
59340.877743 -3.607282 
59340.915353 -3.582083 
59340.952963 -3.555219 
59340.990573 -3.526715 
59341.028184 -3.496596 
59341.065794 -3.464889 
59341.103404 -3.431619 
59341.141014 -3.396817 
59341.178624 -3.360512 
59341.216234 -3.322734 
59341.253844 -3.283516 
59341.291455 -3.242891 
59341.329065 -3.200892 
59341.366675 -3.157555 
59341.404285 -3.112915 
59341.441895 -3.067010 
59341.479505 -3.019877 
59341.517116 -2.971555 
59341.554726 -2.922083 
59341.592336 -2.871501 
59341.629946 -2.819852 
59341.667556 -2.767175 
59341.705166 -2.713514 
59341.742777 -2.658912 
59341.780387 -2.603413 
59341.817997 -2.547061 
59341.855607 -2.489900 
59341.893217 -2.431977 
59341.930827 -2.373336 
59341.968437 -2.314025 
59342.006048 -2.254089 
59342.043658 -2.193577 
59342.081268 -2.132535 
59342.118878 -2.071010 
59342.156488 -2.009051 
59342.194098 -1.946706 
59342.231709 -1.884023 
59342.269319 -1.821050 
59342.306929 -1.757835 
59342.344539 -1.694428 
59342.382149 -1.630876 
59342.419759 -1.567228 
59342.457369 -1.503532 
59342.494980 -1.439837 
59342.532590 -1.376190 
59342.570200 -1.312639 
59342.607810 -1.249233 
59342.645420 -1.186017 
59342.683030 -1.123040 
59342.720641 -1.060348 
59342.758251 -0.997986 
59342.795861 -0.936002 
59342.833471 -0.874441 
59342.871081 -0.813347 
59342.908691 -0.752764 
59342.946301 -0.692738 
59342.983912 -0.633310 
59343.021522 -0.574523 
59343.059132 -0.516420 
59343.096742 -0.459041 
59343.134352 -0.402427 
59343.171962 -0.346618 
59343.209573 -0.291653 
59343.247183 -0.237569 
59343.284793 -0.184404 
59343.322403 -0.132194 
59343.360013 -0.080975 
59343.397623 -0.030781 
59343.435234 0.018355 
59343.472844 0.066399 
59343.510454 0.113321 
59343.548064 0.159089 
59343.585674 0.203675 
59343.623284 0.247050 
59343.660894 0.289187 
59343.698505 0.330060 
59343.736115 0.369643 
59343.773725 0.407914 
59343.811335 0.444849 
59343.848945 0.480427 
59343.886555 0.514628 
59343.924166 0.547432 
59343.961776 0.578823 
59343.999386 0.608783 
59344.036996 0.637298 
59344.074606 0.664353 
59344.112216 0.689935 
59344.149826 0.714034 
59344.187437 0.736639 
59344.225047 0.757742 
59344.262657 0.777334 
59344.300267 0.795410 
59344.337877 0.811964 
59344.375487 0.826994 
59344.413098 0.840496 
59344.450708 0.852470 
59344.488318 0.862916 
59344.525928 0.871836 
59344.563538 0.879232 
59344.601148 0.885109 
59344.638758 0.889473 
59344.676369 0.892329 
59344.713979 0.893686 
59344.751589 0.893554 
59344.789199 0.891943 
59344.826809 0.888864 
59344.864419 0.884330 
59344.902030 0.878356 
59344.939640 0.870958 
59344.977250 0.862151 
59345.014860 0.851953 
59345.052470 0.840383 
59345.090080 0.827462 
59345.127691 0.813209 
59345.165301 0.797648 
59345.202911 0.780802 
59345.240521 0.762694 
59345.278131 0.743350 
59345.315741 0.722797 
59345.353351 0.701061 
59345.390962 0.678170 
59345.428572 0.654154 
59345.466182 0.629043 
59345.503792 0.602867 
59345.541402 0.575658 
59345.579012 0.547449 
59345.616623 0.518272 
59345.654233 0.488162 
59345.691843 0.457152 
59345.729453 0.425280 
59345.767063 0.392579 
59345.804673 0.359088 
59345.842283 0.324843 
59345.879894 0.289881 
59345.917504 0.254242 
59345.955114 0.217963 
59345.992724 0.181084 
59346.030334 0.143644 
59346.067944 0.105683 
59346.105555 0.067241 
59346.143165 0.028359 
59346.180775 -0.010922 
59346.218385 -0.050562 
59346.255995 -0.090520 
59346.293605 -0.130753 
59346.331215 -0.171222 
59346.368826 -0.211883 
59346.406436 -0.252696 
59346.444046 -0.293620 
59346.481656 -0.334612 
59346.519266 -0.375631 
59346.556876 -0.416637 
59346.594487 -0.457587 
59346.632097 -0.498441 
59346.669707 -0.539159 
59346.707317 -0.579699 
59346.744927 -0.620022 
59346.782537 -0.660087 
59346.820148 -0.699856 
59346.857758 -0.739289 
59346.895368 -0.778347 
59346.932978 -0.816993 
59346.970588 -0.855189 
59347.008198 -0.892897 
59347.045808 -0.930081 
59347.083419 -0.966705 
59347.121029 -1.002733 
59347.158639 -1.038132 
59347.196249 -1.072867 
59347.233859 -1.106905 
59347.271469 -1.140214 
59347.309080 -1.172761 
59347.346690 -1.204516 
59347.384300 -1.235449 
59347.421910 -1.265531 
59347.459520 -1.294734 
59347.497130 -1.323029 
59347.534740 -1.350392 
59347.572351 -1.376796 
59347.609961 -1.402217 
59347.647571 -1.426632 
59347.685181 -1.450017 
59347.722791 -1.472353 
59347.760401 -1.493619 
59347.798012 -1.513795 
59347.835622 -1.532864 
59347.873232 -1.550808 
59347.910842 -1.567613 
59347.948452 -1.583263 
59347.986062 -1.597744 
59348.023672 -1.611045 
59348.061283 -1.623155 
59348.098893 -1.634064 
59348.136503 -1.643763 
59348.174113 -1.652244 
59348.211723 -1.659503 
59348.249333 -1.665532 
59348.286944 -1.670330 
59348.324554 -1.673893 
59348.362164 -1.676221 
59348.399774 -1.677313 
59348.437384 -1.677170 
59348.474994 -1.675796 
59348.512605 -1.673194 
59348.550215 -1.669369 
59348.587825 -1.664327 
59348.625435 -1.658076 
59348.663045 -1.650624 
59348.700655 -1.641983 
59348.738265 -1.632162 
59348.775876 -1.621174 
59348.813486 -1.609033 
59348.851096 -1.595754 
59348.888706 -1.581353 
59348.926316 -1.565846 
59348.963926 -1.549252 
59349.001537 -1.531591 
59349.039147 -1.512883 
59349.076757 -1.493150 
59349.114367 -1.472413 
59349.151977 -1.450698 
59349.189587 -1.428029 
59349.227197 -1.404432 
59349.264808 -1.379933 
59349.302418 -1.354561 
59349.340028 -1.328344 
59349.377638 -1.301312 
59349.415248 -1.273495 
59349.452858 -1.244925 
59349.490469 -1.215634 
59349.528079 -1.185656 
59349.565689 -1.155024 
59349.603299 -1.123773 
59349.640909 -1.091938 
59349.678519 -1.059556 
59349.716129 -1.026663 
59349.753740 -0.993296 
59349.791350 -0.959495 
59349.828960 -0.925296 
59349.866570 -0.890740 
59349.904180 -0.855866 
59349.941790 -0.820715 
59349.979401 -0.785326 
59350.017011 -0.749740 
59350.054621 -0.714000 
59350.092231 -0.678146 
59350.129841 -0.642220 
59350.167451 -0.606265 
59350.205062 -0.570323 
59350.242672 -0.534437 
59350.280282 -0.498649 
59350.317892 -0.463001 
59350.355502 -0.427537 
59350.393112 -0.392300 
59350.430722 -0.357333 
59350.468333 -0.322678 
59350.505943 -0.288377 
59350.543553 -0.254474 
59350.581163 -0.221011 
59350.618773 -0.188030 
59350.656383 -0.155573 
59350.693994 -0.123681 
59350.731604 -0.092396 
59350.769214 -0.061759 
59350.806824 -0.031811 
59350.844434 -0.002590 
59350.882044 0.025862 
59350.919654 0.053507 
59350.957265 0.080307 
59350.994875 0.106223 
59351.032485 0.131218 
59351.070095 0.155255 
59351.107705 0.178299 
59351.145315 0.200314 
59351.182926 0.221266 
59351.220536 0.241121 
59351.258146 0.259846 
59351.295756 0.277409 
59351.333366 0.293779 
59351.370976 0.308927 
59351.408586 0.322822 
59351.446197 0.335436 
59351.483807 0.346743 
59351.521417 0.356716 
59351.559027 0.365330 
59351.596637 0.372561 
59351.634247 0.378387 
59351.671858 0.382784 
59351.709468 0.385734 
59351.747078 0.387216 
59351.784688 0.387212 
59351.822298 0.385706 
59351.859908 0.382682 
59351.897519 0.378125 
59351.935129 0.372023 
59351.972739 0.364363 
59352.010349 0.355135 
59352.047959 0.344330 
59352.085569 0.331941 
59352.123179 0.317961 
59352.160790 0.302384 
59352.198400 0.285208 
59352.236010 0.266430 
59352.273620 0.246050 
59352.311230 0.224067 
59352.348840 0.200485 
59352.386451 0.175306 
59352.424061 0.148536 
59352.461671 0.120181 
59352.499281 0.090248 
59352.536891 0.058747 
59352.574501 0.025689 
59352.612111 -0.008914 
59352.649722 -0.045049 
59352.687332 -0.082700 
59352.724942 -0.121852 
59352.762552 -0.162487 
59352.800162 -0.204585 
59352.837772 -0.248125 
59352.875383 -0.293086 
59352.912993 -0.339444 
59352.950603 -0.387175 
59352.988213 -0.436252 
59353.025823 -0.486648 
59353.063433 -0.538335 
59353.101043 -0.591281 
59353.138654 -0.645456 
59353.176264 -0.700827 
59353.213874 -0.757360 
59353.251484 -0.815020 
59353.289094 -0.873771 
59353.326704 -0.933576 
59353.364315 -0.994395 
59353.401925 -1.056189 
59353.439535 -1.118917 
59353.477145 -1.182537 
59353.514755 -1.247006 
59353.552365 -1.312280 
59353.589976 -1.378315 
59353.627586 -1.445063 
59353.665196 -1.512479 
59353.702806 -1.580514 
59353.740416 -1.649120 
59353.778026 -1.718247 
59353.815636 -1.787845 
59353.853247 -1.857864 
59353.890857 -1.928250 
59353.928467 -1.998953 
59353.966077 -2.069919 
59354.003687 -2.141094 
59354.041297 -2.212425 
59354.078908 -2.283855 
59354.116518 -2.355331 
59354.154128 -2.426797 
59354.191738 -2.498196 
59354.229348 -2.569472 
59354.266958 -2.640569 
59354.304568 -2.711429 
59354.342179 -2.781995 
59354.379789 -2.852210 
59354.417399 -2.922016 
59354.455009 -2.991356 
59354.492619 -3.060172 
59354.530229 -3.128406 
59354.567840 -3.196000 
59354.605450 -3.262898 
59354.643060 -3.329040 
59354.680670 -3.394371 
59354.718280 -3.458833 
59354.755890 -3.522369 
59354.793500 -3.584922 
59354.831111 -3.646437 
59354.868721 -3.706858 
59354.906331 -3.766128 
59354.943941 -3.824194 
59354.981551 -3.881001 
59355.019161 -3.936496 
59355.056772 -3.990624 
59355.094382 -4.043333 
59355.131992 -4.094572 
59355.169602 -4.144290 
59355.207212 -4.192436 
59355.244822 -4.238960 
59355.282433 -4.283815 
59355.320043 -4.326951 
59355.357653 -4.368323 
59355.395263 -4.407885 
59355.432873 -4.445592 
59355.470483 -4.481400 
59355.508093 -4.515266 
59355.545704 -4.547149 
59355.583314 -4.577009 
59355.620924 -4.604807 
59355.658534 -4.630504 
59355.696144 -4.654064 
59355.733754 -4.675452 
59355.771365 -4.694633 
59355.808975 -4.711576 
59355.846585 -4.726248 
59355.884195 -4.738620 
59355.921805 -4.748664 
59355.959415 -4.756353 
59355.997025 -4.761661 
59356.034636 -4.764565 
59356.072246 -4.765042 
59356.109856 -4.763072 
59356.147466 -4.758635 
59356.185076 -4.751715 
59356.222686 -4.742294 
59356.260297 -4.730360 
59356.297907 -4.715899 
59356.335517 -4.698900 
59356.373127 -4.679356 
59356.410737 -4.657257 
59356.448347 -4.632599 
59356.485957 -4.605377 
59356.523568 -4.575590 
59356.561178 -4.543236 
59356.598788 -4.508318 
59356.636398 -4.470838 
59356.674008 -4.430801 
59356.711618 -4.388214 
59356.749229 -4.343085 
59356.786839 -4.295425 
59356.824449 -4.245246 
59356.862059 -4.192561 
59356.899669 -4.137385 
59356.937279 -4.079737 
59356.974890 -4.019635 
59357.012500 -3.957100 
59357.050110 -3.892155 
59357.087720 -3.824824 
59357.125330 -3.755133 
59357.162940 -3.683110 
59357.200550 -3.608784 
59357.238161 -3.532187 
59357.275771 -3.453351 
59357.313381 -3.372311 
59357.350991 -3.289103 
59357.388601 -3.203764 
59357.426211 -3.116335 
59357.463822 -3.026855 
59357.501432 -2.935368 
59357.539042 -2.841916 
59357.576652 -2.746547 
59357.614262 -2.649306 
59357.651872 -2.550243 
59357.689482 -2.449406 
59357.727093 -2.346847 
59357.764703 -2.242618 
59357.802313 -2.136774 
59357.839923 -2.029368 
59357.877533 -1.920459 
59357.915143 -1.810103 
59357.952754 -1.698359 
59357.990364 -1.585286 
59358.027974 -1.470946 
59358.065584 -1.355402 
59358.103194 -1.238715 
59358.140804 -1.120950 
59358.178414 -1.002171 
59358.216025 -0.882446 
59358.253635 -0.761840 
59358.291245 -0.640420 
59358.328855 -0.518256 
59358.366465 -0.395417 
59358.404075 -0.271971 
59358.441686 -0.147989 
59358.479296 -0.023542 
59358.516906 0.101298 
59358.554516 0.226459 
59358.592126 0.351871 
59358.629736 0.477458 
59358.667347 0.603150 
59358.704957 0.728871 
59358.742567 0.854549 
59358.780177 0.980110 
59358.817787 1.105480 
59358.855397 1.230585 
59358.893007 1.355350 
59358.930618 1.479703 
59358.968228 1.603568 
59359.005838 1.726873 
59359.043448 1.849543 
59359.081058 1.971505 
59359.118668 2.092686 
59359.156279 2.213013 
59359.193889 2.332413 
59359.231499 2.450814 
59359.269109 2.568145 
59359.306719 2.684335 
59359.344329 2.799312 
59359.381939 2.913008 
59359.419550 3.025352 
59359.457160 3.136277 
59359.494770 3.245714 
59359.532380 3.353597 
59359.569990 3.459859 
59359.607600 3.564435 
59359.645211 3.667261 
59359.682821 3.768274 
59359.720431 3.867411 
59359.758041 3.964611 
59359.795651 4.059814 
59359.833261 4.152962 
59359.870871 4.243996 
59359.908482 4.332860 
59359.946092 4.419499 
59359.983702 4.503859 
59360.021312 4.585889 
59360.058922 4.665535 
59360.096532 4.742750 
59360.134143 4.817485 
59360.171753 4.889693 
59360.209363 4.959330 
59360.246973 5.026351 
59360.284583 5.090715 
59360.322193 5.152382 
59360.359804 5.211313 
59360.397414 5.267471 
59360.435024 5.320820 
59360.472634 5.371328 
59360.510244 5.418963 
59360.547854 5.463695 
59360.585464 5.505496 
59360.623075 5.544339 
59360.660685 5.580201 
59360.698295 5.613058 
59360.735905 5.642891 
59360.773515 5.669679 
59360.811125 5.693408 
59360.848736 5.714061 
59360.886346 5.731625 
59360.923956 5.746091 
59360.961566 5.757448 
59360.999176 5.765690 
59361.036786 5.770811 
59361.074396 5.772809 
59361.112007 5.771682 
59361.149617 5.767431 
59361.187227 5.760060 
59361.224837 5.749572 
59361.262447 5.735975 
59361.300057 5.719277 
59361.337668 5.699489 
59361.375278 5.676624 
59361.412888 5.650697 
59361.450498 5.621724 
59361.488108 5.589723 
59361.525718 5.554715 
59361.563328 5.516722 
59361.600939 5.475770 
59361.638549 5.431882 
59361.676159 5.385089 
59361.713769 5.335419 
59361.751379 5.282904 
59361.788989 5.227578 
59361.826600 5.169476 
59361.864210 5.108634 
59361.901820 5.045092 
59361.939430 0.046479 
