# time Tc_folded Tref_folded model model_err 
59318.211098 0.000000 0.000000    -4.368573     0.668668 
59318.265916 0.000000 0.000000    -4.380288     0.668900 
59318.320735 0.000000 0.000000    -4.391597     0.669139 
59318.375553 0.000000 0.000000    -4.402459     0.669385 
59318.430372 0.000000 0.000000    -4.412835     0.669636 
59318.485190 0.000000 0.000000    -4.422684     0.669893 
59318.540009 0.000000 0.000000    -4.431967     0.670155 
59318.594827 0.000000 0.000000    -4.440645     0.670421 
59318.649645 0.000000 0.000000    -4.448679     0.670691 
59318.704464 0.000000 0.000000    -4.456031     0.670965 
59318.759282 0.000000 0.000000    -4.462664     0.671241 
59318.814101 0.000000 0.000000    -4.468540     0.671520 
59318.868919 0.000000 0.000000    -4.473625     0.671800 
59318.923738 0.000000 0.000000    -4.477882     0.672081 
59318.978556 0.000000 0.000000    -4.481278     0.672362 
59319.033374 0.000000 0.000000    -4.483779     0.672643 
59319.088193 0.000000 0.000000    -4.485354     0.672923 
59319.143011 0.000000 0.000000    -4.485971     0.673201 
59319.197830 0.000000 0.000000    -4.485601     0.673476 
59319.252648 0.000000 0.000000    -4.484215     0.673749 
59319.307467 0.000000 0.000000    -4.481786     0.674017 
59319.362285 0.000000 0.000000    -4.478288     0.674282 
59319.417103 0.000000 0.000000    -4.473696     0.674541 
59319.471922 0.000000 0.000000    -4.467989     0.674794 
59319.526740 0.000000 0.000000    -4.461145     0.675041 
59319.581559 0.000000 0.000000    -4.453145     0.675280 
59319.636377 0.000000 0.000000    -4.443969     0.675512 
59319.691196 0.000000 0.000000    -4.433603     0.675736 
59319.746014 0.000000 0.000000    -4.422032     0.675951 
59319.800832 0.000000 0.000000    -4.409242     0.676157 
59319.855651 0.000000 0.000000    -4.395224     0.676353 
59319.910469 0.000000 0.000000    -4.379969     0.676538 
59319.965288 0.000000 0.000000    -4.363470     0.676713 
59320.020106 0.000000 0.000000    -4.345721     0.676876 
59320.074925 0.000000 0.000000    -4.326719     0.677028 
59320.129743 0.000000 0.000000    -4.306465     0.677168 
59320.184561 0.000000 0.000000    -4.284958     0.677296 
59320.239380 0.000000 0.000000    -4.262202     0.677411 
59320.294198 0.000000 0.000000    -4.238202     0.677514 
59320.349017 0.000000 0.000000    -4.212966     0.677604 
59320.403835 0.000000 0.000000    -4.186502     0.677681 
59320.458654 0.000000 0.000000    -4.158823     0.677744 
59320.513472 0.000000 0.000000    -4.129941     0.677795 
59320.568290 0.000000 0.000000    -4.099873     0.677832 
59320.623109 0.000000 0.000000    -4.068637     0.677856 
59320.677927 0.000000 0.000000    -4.036252     0.677866 
59320.732746 0.000000 0.000000    -4.002740     0.677864 
59320.787564 0.000000 0.000000    -3.968125     0.677849 
59320.842383 0.000000 0.000000    -3.932434     0.677820 
59320.897201 0.000000 0.000000    -3.895695     0.677780 
59320.952019 0.000000 0.000000    -3.857937     0.677726 
59321.006838 0.000000 0.000000    -3.819194     0.677661 
59321.061656 0.000000 0.000000    -3.779498     0.677584 
59321.116475 0.000000 0.000000    -3.738886     0.677495 
59321.171293 0.000000 0.000000    -3.697396     0.677396 
59321.226112 0.000000 0.000000    -3.655068     0.677285 
59321.280930 0.000000 0.000000    -3.611943     0.677164 
59321.335748 0.000000 0.000000    -3.568064     0.677033 
59321.390567 0.000000 0.000000    -3.523476     0.676892 
59321.445385 0.000000 0.000000    -3.478226     0.676743 
59321.500204 0.000000 0.000000    -3.432362     0.676584 
59321.555022 0.000000 0.000000    -3.385934     0.676417 
59321.609841 0.000000 0.000000    -3.338993     0.676243 
59321.664659 0.000000 0.000000    -3.291591     0.676061 
59321.719477 0.000000 0.000000    -3.243782     0.675872 
59321.774296 0.000000 0.000000    -3.195622     0.675677 
59321.829114 0.000000 0.000000    -3.147166     0.675477 
59321.883933 0.000000 0.000000    -3.098472     0.675270 
59321.938751 0.000000 0.000000    -3.049599     0.675059 
59321.993569 0.000000 0.000000    -3.000607     0.674843 
59322.048388 0.000000 0.000000    -2.951554     0.674623 
59322.103206 0.000000 0.000000    -2.902503     0.674400 
59322.158025 0.000000 0.000000    -2.853516     0.674173 
59322.212843 0.000000 0.000000    -2.804654     0.673943 
59322.267662 0.000000 0.000000    -2.755981     0.673711 
59322.322480 0.000000 0.000000    -2.707560     0.673477 
59322.377298 0.000000 0.000000    -2.659455     0.673240 
59322.432117 0.000000 0.000000    -2.611731     0.673003 
59322.486935 0.000000 0.000000    -2.564451     0.672764 
59322.541754 0.000000 0.000000    -2.517679     0.672524 
59322.596572 0.000000 0.000000    -2.471481     0.672283 
59322.651391 0.000000 0.000000    -2.425920     0.672042 
59322.706209 0.000000 0.000000    -2.381061     0.671800 
59322.761027 0.000000 0.000000    -2.336967     0.671558 
59322.815846 0.000000 0.000000    -2.293701     0.671316 
59322.870664 0.000000 0.000000    -2.251327     0.671075 
59322.925483 0.000000 0.000000    -2.209906     0.670834 
59322.980301 0.000000 0.000000    -2.169501     0.670593 
59323.035120 0.000000 0.000000    -2.130173     0.670352 
59323.089938 0.000000 0.000000    -2.091981     0.670112 
59323.144756 0.000000 0.000000    -2.054984     0.669873 
59323.199575 0.000000 0.000000    -2.019241     0.669634 
59323.254393 0.000000 0.000000    -1.984809     0.669396 
59323.309212 0.000000 0.000000    -1.951743     0.669159 
59323.364030 0.000000 0.000000    -1.920099     0.668922 
59323.418849 0.000000 0.000000    -1.889928     0.668687 
59323.473667 0.000000 0.000000    -1.861283     0.668452 
59323.528485 0.000000 0.000000    -1.834214     0.668218 
59323.583304 0.000000 0.000000    -1.808769     0.667986 
59323.638122 0.000000 0.000000    -1.784995     0.667755 
59323.692941 0.000000 0.000000    -1.762938     0.667525 
59323.747759 0.000000 0.000000    -1.742639     0.667296 
59323.802578 0.000000 0.000000    -1.724141     0.667069 
59323.857396 0.000000 0.000000    -1.707483     0.666844 
59323.912214 0.000000 0.000000    -1.692701     0.666620 
59323.967033 0.000000 0.000000    -1.679831     0.666399 
59324.021851 0.000000 0.000000    -1.668907     0.666181 
59324.076670 0.000000 0.000000    -1.659957     0.665965 
59324.131488 0.000000 0.000000    -1.653012     0.665752 
59324.186307 0.000000 0.000000    -1.648096     0.665543 
59324.241125 0.000000 0.000000    -1.645234     0.665338 
59324.295943 0.000000 0.000000    -1.644446     0.665138 
59324.350762 0.000000 0.000000    -1.645752     0.664942 
59324.405580 0.000000 0.000000    -1.649168     0.664752 
59324.460399 0.000000 0.000000    -1.654707     0.664568 
59324.515217 0.000000 0.000000    -1.662380     0.664391 
59324.570036 0.000000 0.000000    -1.672197     0.664221 
59324.624854 0.000000 0.000000    -1.684163     0.664060 
59324.679672 0.000000 0.000000    -1.698280     0.663907 
59324.734491 0.000000 0.000000    -1.714551     0.663764 
59324.789309 0.000000 0.000000    -1.732973     0.663631 
59324.844128 0.000000 0.000000    -1.753540     0.663510 
59324.898946 0.000000 0.000000    -1.776246     0.663400 
59324.953765 0.000000 0.000000    -1.801081     0.663304 
59325.008583 0.000000 0.000000    -1.828031     0.663222 
59325.063401 0.000000 0.000000    -1.857082     0.663155 
59325.118220 0.000000 0.000000    -1.888215     0.663103 
59325.173038 0.000000 0.000000    -1.921409     0.663069 
59325.227857 0.000000 0.000000    -1.956642     0.663052 
59325.282675 0.000000 0.000000    -1.993887     0.663053 
59325.337494 0.000000 0.000000    -2.033116     0.663074 
59325.392312 0.000000 0.000000    -2.074298     0.663116 
59325.447130 0.000000 0.000000    -2.117399     0.663179 
59325.501949 0.000000 0.000000    -2.162384     0.663263 
59325.556767 0.000000 0.000000    -2.209213     0.663371 
59325.611586 0.000000 0.000000    -2.257847     0.663502 
59325.666404 0.000000 0.000000    -2.308241     0.663657 
59325.721223 0.000000 0.000000    -2.360351     0.663837 
59325.776041 0.000000 0.000000    -2.414129     0.664042 
59325.830859 0.000000 0.000000    -2.469525     0.664273 
59325.885678 0.000000 0.000000    -2.526488     0.664530 
59325.940496 0.000000 0.000000    -2.584963     0.664814 
59325.995315 0.000000 0.000000    -2.644895     0.665124 
59326.050133 0.000000 0.000000    -2.706226     0.665460 
59326.104952 0.000000 0.000000    -2.768897     0.665824 
59326.159770 0.000000 0.000000    -2.832846     0.666213 
59326.214588 0.000000 0.000000    -2.898009     0.666629 
59326.269407 0.000000 0.000000    -2.964324     0.667071 
59326.324225 0.000000 0.000000    -3.031724     0.667538 
59326.379044 0.000000 0.000000    -3.100141     0.668030 
59326.433862 0.000000 0.000000    -3.169506     0.668545 
59326.488681 0.000000 0.000000    -3.239750     0.669084 
59326.543499 0.000000 0.000000    -3.310802     0.669645 
59326.598317 0.000000 0.000000    -3.382590     0.670227 
59326.653136 0.000000 0.000000    -3.455040     0.670829 
59326.707954 0.000000 0.000000    -3.528080     0.671449 
59326.762773 0.000000 0.000000    -3.601633     0.672087 
59326.817591 0.000000 0.000000    -3.675625     0.672739 
59326.872410 0.000000 0.000000    -3.749980     0.673406 
59326.927228 0.000000 0.000000    -3.824623     0.674084 
59326.982046 0.000000 0.000000    -3.899475     0.674773 
59327.036865 0.000000 0.000000    -3.974462     0.675469 
59327.091683 0.000000 0.000000    -4.049505     0.676171 
59327.146502 0.000000 0.000000    -4.124528     0.676878 
59327.201320 0.000000 0.000000    -4.199454     0.677585 
59327.256139 0.000000 0.000000    -4.274206     0.678292 
59327.310957 0.000000 0.000000    -4.348708     0.678996 
59327.365775 0.000000 0.000000    -4.422884     0.679695 
59327.420594 0.000000 0.000000    -4.496659     0.680385 
59327.475412 0.000000 0.000000    -4.569957     0.681065 
59327.530231 0.000000 0.000000    -4.642704     0.681732 
59327.585049 0.000000 0.000000    -4.714828     0.682383 
59327.639868 0.000000 0.000000    -4.786255     0.683016 
59327.694686 0.000000 0.000000    -4.856915     0.683627 
59327.749504 0.000000 0.000000    -4.926736     0.684216 
59327.804323 0.000000 0.000000    -4.995649     0.684778 
59327.859141 0.000000 0.000000    -5.063587     0.685311 
59327.913960 0.000000 0.000000    -5.130483     0.685814 
59327.968778 0.000000 0.000000    -5.196272     0.686282 
59328.023597 0.000000 0.000000    -5.260890     0.686713 
59328.078415 0.000000 0.000000    -5.324275     0.687106 
59328.133233 0.000000 0.000000    -5.386368     0.687457 
59328.188052 0.000000 0.000000    -5.447109     0.687764 
59328.242870 0.000000 0.000000    -5.506443     0.688025 
59328.297689 0.000000 0.000000    -5.564314     0.688236 
59328.352507 0.000000 0.000000    -5.620670     0.688397 
59328.407326 0.000000 0.000000    -5.675461     0.688505 
59328.462144 0.000000 0.000000    -5.728638     0.688557 
59328.516962 0.000000 0.000000    -5.780154     0.688551 
59328.571781 0.000000 0.000000    -5.829968     0.688486 
59328.626599 0.000000 0.000000    -5.878035     0.688359 
59328.681418 0.000000 0.000000    -5.924318     0.688169 
59328.736236 0.000000 0.000000    -5.968780     0.687914 
59328.791054 0.000000 0.000000    -6.011387     0.687591 
59328.845873 0.000000 0.000000    -6.052106     0.687200 
59328.900691 0.000000 0.000000    -6.090908     0.686739 
59328.955510 0.000000 0.000000    -6.127768     0.686205 
59329.010328 0.000000 0.000000    -6.162661     0.685599 
59329.065147 0.000000 0.000000    -6.195565     0.684919 
59329.119965 0.000000 0.000000    -6.226462     0.684162 
59329.174783 0.000000 0.000000    -6.255336     0.683330 
59329.229602 0.000000 0.000000    -6.282174     0.682419 
59329.284420 0.000000 0.000000    -6.306964     0.681430 
59329.339239 0.000000 0.000000    -6.329700     0.680362 
59329.394057 0.000000 0.000000    -6.350376     0.679213 
59329.448876 0.000000 0.000000    -6.368989     0.677984 
59329.503694 0.000000 0.000000    -6.385541     0.676673 
59329.558512 0.000000 0.000000    -6.400033     0.675281 
59329.613331 0.000000 0.000000    -6.412471     0.673807 
59329.668149 0.000000 0.000000    -6.422865     0.672251 
59329.722968 0.000000 0.000000    -6.431224     0.670612 
59329.777786 0.000000 0.000000    -6.437562     0.668892 
59329.832605 0.000000 0.000000    -6.441897     0.667089 
59329.887423 0.000000 0.000000    -6.444245     0.665204 
59329.942241 0.000000 0.000000    -6.444630     0.663238 
59329.997060 0.000000 0.000000    -6.443074     0.661191 
59330.051878 0.000000 0.000000    -6.439603     0.659063 
59330.106697 0.000000 0.000000    -6.434247     0.656855 
59330.161515 0.000000 0.000000    -6.427037     0.654568 
59330.216334 0.000000 0.000000    -6.418005     0.652203 
59330.271152 0.000000 0.000000    -6.407187     0.649760 
59330.325970 0.000000 0.000000    -6.394621     0.647241 
59330.380789 0.000000 0.000000    -6.380346     0.644647 
59330.435607 0.000000 0.000000    -6.364406     0.641980 
59330.490426 0.000000 0.000000    -6.346842     0.639240 
59330.545244 0.000000 0.000000    -6.327702     0.636429 
59330.600063 0.000000 0.000000    -6.307032     0.633550 
59330.654881 0.000000 0.000000    -6.284883     0.630603 
59330.709699 0.000000 0.000000    -6.261304     0.627590 
59330.764518 0.000000 0.000000    -6.236349     0.624515 
59330.819336 0.000000 0.000000    -6.210072     0.621378 
59330.874155 0.000000 0.000000    -6.182528     0.618182 
59330.928973 0.000000 0.000000    -6.153774     0.614929 
59330.983792 0.000000 0.000000    -6.123868     0.611622 
59331.038610 0.000000 0.000000    -6.092870     0.608263 
59331.093428 0.000000 0.000000    -6.060840     0.604856 
59331.148247 0.000000 0.000000    -6.027839     0.601402 
59331.203065 0.000000 0.000000    -5.993929     0.597905 
59331.257884 0.000000 0.000000    -5.959174     0.594368 
59331.312702 0.000000 0.000000    -5.923637     0.590794 
59331.367521 0.000000 0.000000    -5.887382     0.587187 
59331.422339 0.000000 0.000000    -5.850474     0.583548 
59331.477157 0.000000 0.000000    -5.812977     0.579883 
59331.531976 0.000000 0.000000    -5.774959     0.576195 
59331.586794 0.000000 0.000000    -5.736483     0.572486 
59331.641613 0.000000 0.000000    -5.697616     0.568762 
59331.696431 0.000000 0.000000    -5.658423     0.565026 
59331.751250 0.000000 0.000000    -5.618970     0.561281 
59331.806068 0.000000 0.000000    -5.579322     0.557532 
59331.860886 0.000000 0.000000    -5.539545     0.553783 
59331.915705 0.000000 0.000000    -5.499702     0.550037 
59331.970523 0.000000 0.000000    -5.459859     0.546300 
59332.025342 0.000000 0.000000    -5.420077     0.542575 
59332.080160 0.000000 0.000000    -5.380422     0.538866 
59332.134979 0.000000 0.000000    -5.340954     0.535177 
59332.189797 0.000000 0.000000    -5.301734     0.531513 
59332.244615 0.000000 0.000000    -5.262824     0.527879 
59332.299434 0.000000 0.000000    -5.224282     0.524277 
59332.354252 0.000000 0.000000    -5.186166     0.520712 
59332.409071 0.000000 0.000000    -5.148533     0.517188 
59332.463889 0.000000 0.000000    -5.111439     0.513708 
59332.518708 0.000000 0.000000    -5.074938     0.510278 
59332.573526 0.000000 0.000000    -5.039083     0.506900 
59332.628344 0.000000 0.000000    -5.003926     0.503577 
59332.683163 0.000000 0.000000    -4.969514     0.500314 
59332.737981 0.000000 0.000000    -4.935898     0.497112 
59332.792800 0.000000 0.000000    -4.903123     0.493976 
59332.847618 0.000000 0.000000    -4.871233     0.490907 
59332.902437 0.000000 0.000000    -4.840271     0.487908 
59332.957255 0.000000 0.000000    -4.810278     0.484982 
59333.012073 0.000000 0.000000    -4.781293     0.482130 
59333.066892 0.000000 0.000000    -4.753352     0.479353 
59333.121710 0.000000 0.000000    -4.726491     0.476653 
59333.176529 0.000000 0.000000    -4.700741     0.474030 
59333.231347 0.000000 0.000000    -4.676134     0.471486 
59333.286166 0.000000 0.000000    -4.652697     0.469021 
59333.340984 0.000000 0.000000    -4.630457     0.466634 
59333.395802 0.000000 0.000000    -4.609438     0.464325 
59333.450621 0.000000 0.000000    -4.589660     0.462094 
59333.505439 0.000000 0.000000    -4.571144     0.459939 
59333.560258 0.000000 0.000000    -4.553907     0.457859 
59333.615076 0.000000 0.000000    -4.537963     0.455853 
59333.669895 0.000000 0.000000    -4.523325     0.453919 
59333.724713 0.000000 0.000000    -4.510002     0.452055 
59333.779531 0.000000 0.000000    -4.498003     0.450258 
59333.834350 0.000000 0.000000    -4.487332     0.448526 
59333.889168 0.000000 0.000000    -4.477993     0.446856 
59333.943987 0.000000 0.000000    -4.469987     0.445246 
59333.998805 0.000000 0.000000    -4.463311     0.443692 
59334.053624 0.000000 0.000000    -4.457963     0.442192 
59334.108442 0.000000 0.000000    -4.453935     0.440743 
59334.163260 0.000000 0.000000    -4.451219     0.439340 
59334.218079 0.000000 0.000000    -4.449805     0.437982 
59334.272897 0.000000 0.000000    -4.449680     0.436664 
59334.327716 0.000000 0.000000    -4.450828     0.435385 
59334.382534 0.000000 0.000000    -4.453233     0.434140 
59334.437353 0.000000 0.000000    -4.456875     0.432927 
59334.492171 0.000000 0.000000    -4.461732     0.431742 
59334.546989 0.000000 0.000000    -4.467783     0.430584 
59334.601808 0.000000 0.000000    -4.475000     0.429448 
59334.656626 0.000000 0.000000    -4.483357     0.428333 
59334.711445 0.000000 0.000000    -4.492825     0.427237 
59334.766263 0.000000 0.000000    -4.503373     0.426156 
59334.821082 0.000000 0.000000    -4.514968     0.425089 
59334.875900 0.000000 0.000000    -4.527576     0.424033 
59334.930718 0.000000 0.000000    -4.541161     0.422987 
59334.985537 0.000000 0.000000    -4.555686     0.421950 
59335.040355 0.000000 0.000000    -4.571111     0.420919 
59335.095174 0.000000 0.000000    -4.587397     0.419894 
59335.149992 0.000000 0.000000    -4.604502     0.418873 
59335.204811 0.000000 0.000000    -4.622382     0.417856 
59335.259629 0.000000 0.000000    -4.640995     0.416841 
59335.314447 0.000000 0.000000    -4.660293     0.415828 
59335.369266 0.000000 0.000000    -4.680232     0.414816 
59335.424084 0.000000 0.000000    -4.700765     0.413806 
59335.478903 0.000000 0.000000    -4.721842     0.412797 
59335.533721 0.000000 0.000000    -4.743416     0.411788 
59335.588540 0.000000 0.000000    -4.765437     0.410781 
59335.643358 0.000000 0.000000    -4.787855     0.409776 
59335.698176 0.000000 0.000000    -4.810619     0.408772 
59335.752995 0.000000 0.000000    -4.833679     0.407770 
59335.807813 0.000000 0.000000    -4.856983     0.406771 
59335.862632 0.000000 0.000000    -4.880479     0.405775 
59335.917450 0.000000 0.000000    -4.904117     0.404784 
59335.972268 0.000000 0.000000    -4.927843     0.403797 
59336.027087 0.000000 0.000000    -4.951607     0.402817 
59336.081905 0.000000 0.000000    -4.975356     0.401843 
59336.136724 0.000000 0.000000    -4.999039     0.400876 
59336.191542 0.000000 0.000000    -5.022606     0.399919 
59336.246361 0.000000 0.000000    -5.046004     0.398971 
59336.301179 0.000000 0.000000    -5.069183     0.398033 
59336.355997 0.000000 0.000000    -5.092095     0.397107 
59336.410816 0.000000 0.000000    -5.114688     0.396194 
59336.465634 0.000000 0.000000    -5.136915     0.395295 
59336.520453 0.000000 0.000000    -5.158728     0.394410 
59336.575271 0.000000 0.000000    -5.180080     0.393541 
59336.630090 0.000000 0.000000    -5.200924     0.392688 
59336.684908 0.000000 0.000000    -5.221216     0.391853 
59336.739726 0.000000 0.000000    -5.240912     0.391036 
59336.794545 0.000000 0.000000    -5.259968     0.390238 
59336.849363 0.000000 0.000000    -5.278343     0.389460 
59336.904182 0.000000 0.000000    -5.295997     0.388702 
59336.959000 0.000000 0.000000    -5.312890     0.387965 
59337.013819 0.000000 0.000000    -5.328984     0.387249 
59337.068637 0.000000 0.000000    -5.344245     0.386556 
59337.123455 0.000000 0.000000    -5.358636     0.385885 
59337.178274 0.000000 0.000000    -5.372124     0.385236 
59337.233092 0.000000 0.000000    -5.384678     0.384610 
59337.287911 0.000000 0.000000    -5.396269     0.384008 
59337.342729 0.000000 0.000000    -5.406867     0.383428 
59337.397548 0.000000 0.000000    -5.416447     0.382872 
59337.452366 0.000000 0.000000    -5.424984     0.382339 
59337.507184 0.000000 0.000000    -5.432454     0.381830 
59337.562003 0.000000 0.000000    -5.438838     0.381344 
59337.616821 0.000000 0.000000    -5.444115     0.380881 
59337.671640 0.000000 0.000000    -5.448269     0.380440 
59337.726458 0.000000 0.000000    -5.451284     0.380023 
59337.781277 0.000000 0.000000    -5.453147     0.379628 
59337.836095 0.000000 0.000000    -5.453847     0.379255 
59337.890913 0.000000 0.000000    -5.453375     0.378905 
59337.945732 0.000000 0.000000    -5.451722     0.378576 
59338.000550 0.000000 0.000000    -5.448884     0.378268 
59338.055369 0.000000 0.000000    -5.444857     0.377982 
59338.110187 0.000000 0.000000    -5.439640     0.377716 
59338.165006 0.000000 0.000000    -5.433234     0.377471 
59338.219824 0.000000 0.000000    -5.425640     0.377246 
59338.274642 0.000000 0.000000    -5.416865     0.377041 
59338.329461 0.000000 0.000000    -5.406913     0.376856 
59338.384279 0.000000 0.000000    -5.395794     0.376690 
59338.439098 0.000000 0.000000    -5.383518     0.376543 
59338.493916 0.000000 0.000000    -5.370098     0.376415 
59338.548735 0.000000 0.000000    -5.355547     0.376306 
59338.603553 0.000000 0.000000    -5.339882     0.376215 
59338.658371 0.000000 0.000000    -5.323121     0.376142 
59338.713190 0.000000 0.000000    -5.305282     0.376088 
59338.768008 0.000000 0.000000    -5.286388     0.376052 
59338.822827 0.000000 0.000000    -5.266462     0.376033 
59338.877645 0.000000 0.000000    -5.245528     0.376032 
59338.932464 0.000000 0.000000    -5.223612     0.376049 
59338.987282 0.000000 0.000000    -5.200744     0.376083 
59339.042100 0.000000 0.000000    -5.176951     0.376135 
59339.096919 0.000000 0.000000    -5.152265     0.376204 
59339.151737 0.000000 0.000000    -5.126718     0.376290 
59339.206556 0.000000 0.000000    -5.100344     0.376393 
59339.261374 0.000000 0.000000    -5.073177     0.376512 
59339.316193 0.000000 0.000000    -5.045254     0.376649 
59339.371011 0.000000 0.000000    -5.016612     0.376802 
59339.425829 0.000000 0.000000    -4.987289     0.376972 
59339.480648 0.000000 0.000000    -4.957325     0.377158 
59339.535466 0.000000 0.000000    -4.926760     0.377360 
59339.590285 0.000000 0.000000    -4.895634     0.377577 
59339.645103 0.000000 0.000000    -4.863991     0.377810 
59339.699922 0.000000 0.000000    -4.831873     0.378058 
59339.754740 0.000000 0.000000    -4.799323     0.378321 
59339.809558 0.000000 0.000000    -4.766385     0.378599 
59339.864377 0.000000 0.000000    -4.733104     0.378890 
59339.919195 0.000000 0.000000    -4.699525     0.379195 
59339.974014 0.000000 0.000000    -4.665693     0.379513 
59340.028832 0.000000 0.000000    -4.631653     0.379843 
59340.083651 0.000000 0.000000    -4.597452     0.380185 
59340.138469 0.000000 0.000000    -4.563134     0.380539 
59340.193287 0.000000 0.000000    -4.528748     0.380904 
59340.248106 0.000000 0.000000    -4.494337     0.381278 
59340.302924 0.000000 0.000000    -4.459948     0.381662 
59340.357743 0.000000 0.000000    -4.425627     0.382055 
59340.412561 0.000000 0.000000    -4.391420     0.382455 
59340.467380 0.000000 0.000000    -4.357370     0.382863 
59340.522198 0.000000 0.000000    -4.323524     0.383278 
59340.577016 0.000000 0.000000    -4.289924     0.383698 
59340.631835 0.000000 0.000000    -4.256616     0.384123 
59340.686653 0.000000 0.000000    -4.223641     0.384552 
59340.741472 0.000000 0.000000    -4.191043     0.384985 
59340.796290 0.000000 0.000000    -4.158863     0.385420 
59340.851109 0.000000 0.000000    -4.127141     0.385857 
59340.905927 0.000000 0.000000    -4.095918     0.386296 
59340.960745 0.000000 0.000000    -4.065232     0.386735 
59341.015564 0.000000 0.000000    -4.035122     0.387174 
59341.070382 0.000000 0.000000    -4.005625     0.387612 
59341.125201 0.000000 0.000000    -3.976776     0.388049 
59341.180019 0.000000 0.000000    -3.948609     0.388484 
59341.234838 0.000000 0.000000    -3.921158     0.388917 
59341.289656 0.000000 0.000000    -3.894456     0.389347 
59341.344474 0.000000 0.000000    -3.868532     0.389773 
59341.399293 0.000000 0.000000    -3.843417     0.390196 
59341.454111 0.000000 0.000000    -3.819137     0.390615 
59341.508930 0.000000 0.000000    -3.795720     0.391030 
59341.563748 0.000000 0.000000    -3.773190     0.391441 
59341.618567 0.000000 0.000000    -3.751572     0.391847 
59341.673385 0.000000 0.000000    -3.730886     0.392249 
59341.728203 0.000000 0.000000    -3.711152     0.392646 
59341.783022 0.000000 0.000000    -3.692390     0.393039 
59341.837840 0.000000 0.000000    -3.674617     0.393428 
59341.892659 0.000000 0.000000    -3.657847     0.393813 
59341.947477 0.000000 0.000000    -3.642094     0.394194 
59342.002296 0.000000 0.000000    -3.627371     0.394572 
59342.057114 0.000000 0.000000    -3.613686     0.394946 
59342.111932 0.000000 0.000000    -3.601049     0.395319 
59342.166751 0.000000 0.000000    -3.589467     0.395689 
59342.221569 0.000000 0.000000    -3.578943     0.396058 
59342.276388 0.000000 0.000000    -3.569482     0.396427 
59342.331206 0.000000 0.000000    -3.561085     0.396795 
59342.386025 0.000000 0.000000    -3.553751     0.397164 
59342.440843 0.000000 0.000000    -3.547480     0.397534 
59342.495661 0.000000 0.000000    -3.542265     0.397906 
59342.550480 0.000000 0.000000    -3.538104     0.398282 
59342.605298 0.000000 0.000000    -3.534988     0.398661 
59342.660117 0.000000 0.000000    -3.532908     0.399044 
59342.714935 0.000000 0.000000    -3.531855     0.399433 
59342.769753 0.000000 0.000000    -3.531817     0.399828 
59342.824572 0.000000 0.000000    -3.532779     0.400231 
59342.879390 0.000000 0.000000    -3.534727     0.400641 
59342.934209 0.000000 0.000000    -3.537644     0.401060 
59342.989027 0.000000 0.000000    -3.541512     0.401488 
59343.043846 0.000000 0.000000    -3.546311     0.401926 
59343.098664 0.000000 0.000000    -3.552021     0.402374 
59343.153482 0.000000 0.000000    -3.558620     0.402835 
59343.208301 0.000000 0.000000    -3.566083     0.403307 
59343.263119 0.000000 0.000000    -3.574386     0.403791 
59343.317938 0.000000 0.000000    -3.583504     0.404288 
59343.372756 0.000000 0.000000    -3.593407     0.404798 
59343.427575 0.000000 0.000000    -3.604070     0.405322 
59343.482393 0.000000 0.000000    -3.615461     0.405859 
59343.537211 0.000000 0.000000    -3.627552     0.406410 
59343.592030 0.000000 0.000000    -3.640309     0.406975 
59343.646848 0.000000 0.000000    -3.653703     0.407554 
59343.701667 0.000000 0.000000    -3.667698     0.408145 
59343.756485 0.000000 0.000000    -3.682263     0.408751 
59343.811304 0.000000 0.000000    -3.697362     0.409369 
59343.866122 0.000000 0.000000    -3.712961     0.409999 
59343.920940 0.000000 0.000000    -3.729023     0.410641 
59343.975759 0.000000 0.000000    -3.745514     0.411295 
59344.030577 0.000000 0.000000    -3.762396     0.411959 
59344.085396 0.000000 0.000000    -3.779633     0.412633 
59344.140214 0.000000 0.000000    -3.797188     0.413315 
59344.195033 0.000000 0.000000    -3.815024     0.414006 
59344.249851 0.000000 0.000000    -3.833102     0.414704 
59344.304669 0.000000 0.000000    -3.851387     0.415407 
59344.359488 0.000000 0.000000    -3.869839     0.416115 
59344.414306 0.000000 0.000000    -3.888423     0.416826 
59344.469125 0.000000 0.000000    -3.907100     0.417540 
59344.523943 0.000000 0.000000    -3.925833     0.418254 
59344.578762 0.000000 0.000000    -3.944586     0.418968 
59344.633580 0.000000 0.000000    -3.963323     0.419681 
59344.688398 0.000000 0.000000    -3.982006     0.420390 
59344.743217 0.000000 0.000000    -4.000601     0.421094 
59344.798035 0.000000 0.000000    -4.019072     0.421793 
59344.852854 0.000000 0.000000    -4.037385     0.422484 
59344.907672 0.000000 0.000000    -4.055506     0.423166 
59344.962491 0.000000 0.000000    -4.073402     0.423838 
59345.017309 0.000000 0.000000    -4.091040     0.424499 
59345.072127 0.000000 0.000000    -4.108390     0.425146 
59345.126946 0.000000 0.000000    -4.125419     0.425779 
59345.181764 0.000000 0.000000    -4.142098     0.426397 
59345.236583 0.000000 0.000000    -4.158400     0.426998 
59345.291401 0.000000 0.000000    -4.174294     0.427580 
59345.346220 0.000000 0.000000    -4.189756     0.428144 
59345.401038 0.000000 0.000000    -4.204760     0.428687 
59345.455856 0.000000 0.000000    -4.219280     0.429208 
59345.510675 0.000000 0.000000    -4.233295     0.429707 
59345.565493 0.000000 0.000000    -4.246781     0.430183 
59345.620312 0.000000 0.000000    -4.259718     0.430635 
59345.675130 0.000000 0.000000    -4.272087     0.431062 
59345.729949 0.000000 0.000000    -4.283870     0.431462 
59345.784767 0.000000 0.000000    -4.295050     0.431837 
59345.839585 0.000000 0.000000    -4.305611     0.432184 
59345.894404 0.000000 0.000000    -4.315541     0.432504 
59345.949222 0.000000 0.000000    -4.324826     0.432796 
59346.004041 0.000000 0.000000    -4.333455     0.433059 
59346.058859 0.000000 0.000000    -4.341419     0.433294 
59346.113678 0.000000 0.000000    -4.348709     0.433500 
59346.168496 0.000000 0.000000    -4.355320     0.433677 
59346.223314 0.000000 0.000000    -4.361246     0.433825 
59346.278133 0.000000 0.000000    -4.366484     0.433944 
59346.332951 0.000000 0.000000    -4.371030     0.434034 
59346.387770 0.000000 0.000000    -4.374886     0.434096 
59346.442588 0.000000 0.000000    -4.378052     0.434129 
59346.497407 0.000000 0.000000    -4.380529     0.434134 
59346.552225 0.000000 0.000000    -4.382322     0.434111 
59346.607043 0.000000 0.000000    -4.383437     0.434061 
59346.661862 0.000000 0.000000    -4.383879     0.433984 
59346.716680 0.000000 0.000000    -4.383658     0.433881 
59346.771499 0.000000 0.000000    -4.382782     0.433752 
59346.826317 0.000000 0.000000    -4.381262     0.433599 
59346.881136 0.000000 0.000000    -4.379111     0.433422 
59346.935954 0.000000 0.000000    -4.376342     0.433221 
59346.990772 0.000000 0.000000    -4.372970     0.432997 
59347.045591 0.000000 0.000000    -4.369011     0.432753 
59347.100409 0.000000 0.000000    -4.364482     0.432487 
59347.155228 0.000000 0.000000    -4.359403     0.432202 
59347.210046 0.000000 0.000000    -4.353791     0.431898 
59347.264865 0.000000 0.000000    -4.347668     0.431576 
59347.319683 0.000000 0.000000    -4.341056     0.431237 
59347.374501 0.000000 0.000000    -4.333978     0.430883 
59347.429320 0.000000 0.000000    -4.326456     0.430515 
59347.484138 0.000000 0.000000    -4.318515     0.430132 
59347.538957 0.000000 0.000000    -4.310181     0.429737 
59347.593775 0.000000 0.000000    -4.301480     0.429331 
59347.648594 0.000000 0.000000    -4.292439     0.428914 
59347.703412 0.000000 0.000000    -4.283084     0.428488 
59347.758230 0.000000 0.000000    -4.273445     0.428053 
59347.813049 0.000000 0.000000    -4.263549     0.427611 
59347.867867 0.000000 0.000000    -4.253426     0.427163 
59347.922686 0.000000 0.000000    -4.243105     0.426709 
59347.977504 0.000000 0.000000    -4.232617     0.426250 
59348.032323 0.000000 0.000000    -4.221991     0.425788 
59348.087141 0.000000 0.000000    -4.211258     0.425323 
59348.141959 0.000000 0.000000    -4.200447     0.424856 
59348.196778 0.000000 0.000000    -4.189591     0.424388 
59348.251596 0.000000 0.000000    -4.178720     0.423920 
59348.306415 0.000000 0.000000    -4.167863     0.423452 
59348.361233 0.000000 0.000000    -4.157052     0.422985 
59348.416052 0.000000 0.000000    -4.146318     0.422519 
59348.470870 0.000000 0.000000    -4.135689     0.422055 
59348.525688 0.000000 0.000000    -4.125196     0.421594 
59348.580507 0.000000 0.000000    -4.114869     0.421137 
59348.635325 0.000000 0.000000    -4.104737     0.420683 
59348.690144 0.000000 0.000000    -4.094827     0.420233 
59348.744962 0.000000 0.000000    -4.085169     0.419788 
59348.799781 0.000000 0.000000    -4.075789     0.419347 
59348.854599 0.000000 0.000000    -4.066714     0.418912 
59348.909417 0.000000 0.000000    -4.057969     0.418483 
59348.964236 0.000000 0.000000    -4.049581     0.418060 
59349.019054 0.000000 0.000000    -4.041574     0.417643 
59349.073873 0.000000 0.000000    -4.033970     0.417233 
59349.128691 0.000000 0.000000    -4.026793     0.416830 
59349.183510 0.000000 0.000000    -4.020063     0.416434 
59349.238328 0.000000 0.000000    -4.013802     0.416046 
59349.293146 0.000000 0.000000    -4.008027     0.415665 
59349.347965 0.000000 0.000000    -4.002759     0.415294 
59349.402783 0.000000 0.000000    -3.998012     0.414931 
59349.457602 0.000000 0.000000    -3.993804     0.414577 
59349.512420 0.000000 0.000000    -3.990147     0.414234 
59349.567239 0.000000 0.000000    -3.987056     0.413900 
59349.622057 0.000000 0.000000    -3.984542     0.413578 
59349.676875 0.000000 0.000000    -3.982616     0.413266 
59349.731694 0.000000 0.000000    -3.981286     0.412967 
59349.786512 0.000000 0.000000    -3.980559     0.412681 
59349.841331 0.000000 0.000000    -3.980442     0.412408 
59349.896149 0.000000 0.000000    -3.980940     0.412150 
59349.950967 0.000000 0.000000    -3.982054     0.411907 
59350.005786 0.000000 0.000000    -3.983787     0.411680 
59350.060604 0.000000 0.000000    -3.986139     0.411471 
59350.115423 0.000000 0.000000    -3.989108     0.411280 
59350.170241 0.000000 0.000000    -3.992690     0.411108 
59350.225060 0.000000 0.000000    -3.996881     0.410956 
59350.279878 0.000000 0.000000    -4.001675     0.410827 
59350.334696 0.000000 0.000000    -4.007064     0.410720 
59350.389515 0.000000 0.000000    -4.013038     0.410637 
59350.444333 0.000000 0.000000    -4.019587     0.410580 
59350.499152 0.000000 0.000000    -4.026697     0.410550 
59350.553970 0.000000 0.000000    -4.034356     0.410548 
59350.608789 0.000000 0.000000    -4.042547     0.410575 
59350.663607 0.000000 0.000000    -4.051253     0.410633 
59350.718425 0.000000 0.000000    -4.060456     0.410723 
59350.773244 0.000000 0.000000    -4.070136     0.410847 
59350.828062 0.000000 0.000000    -4.080272     0.411005 
59350.882881 0.000000 0.000000    -4.090840     0.411199 
59350.937699 0.000000 0.000000    -4.101818     0.411430 
59350.992518 0.000000 0.000000    -4.113178     0.411699 
59351.047336 0.000000 0.000000    -4.124896     0.412006 
59351.102154 0.000000 0.000000    -4.136942     0.412354 
59351.156973 0.000000 0.000000    -4.149288     0.412742 
59351.211791 0.000000 0.000000    -4.161904     0.413171 
59351.266610 0.000000 0.000000    -4.174758     0.413642 
59351.321428 0.000000 0.000000    -4.187818     0.414155 
59351.376247 0.000000 0.000000    -4.201051     0.414710 
59351.431065 0.000000 0.000000    -4.214422     0.415308 
59351.485883 0.000000 0.000000    -4.227896     0.415948 
59351.540702 0.000000 0.000000    -4.241437     0.416630 
59351.595520 0.000000 0.000000    -4.255009     0.417354 
59351.650339 0.000000 0.000000    -4.268575     0.418119 
59351.705157 0.000000 0.000000    -4.282095     0.418924 
59351.759976 0.000000 0.000000    -4.295532     0.419769 
59351.814794 0.000000 0.000000    -4.308846     0.420652 
59351.869612 0.000000 0.000000    -4.321999     0.421572 
59351.924431 0.000000 0.000000    -4.334950     0.422528 
59351.979249 0.000000 0.000000    -4.347659     0.423518 
59352.034068 0.000000 0.000000    -4.360086     0.424541 
59352.088886 0.000000 0.000000    -4.372191     0.425595 
59352.143705 0.000000 0.000000    -4.383932     0.426677 
59352.198523 0.000000 0.000000    -4.395271     0.427786 
59352.253341 0.000000 0.000000    -4.406165     0.428920 
59352.308160 0.000000 0.000000    -4.416575     0.430076 
59352.362978 0.000000 0.000000    -4.426462     0.431252 
59352.417797 0.000000 0.000000    -4.435785     0.432445 
59352.472615 0.000000 0.000000    -4.444505     0.433654 
59352.527434 0.000000 0.000000    -4.452584     0.434875 
59352.582252 0.000000 0.000000    -4.459984     0.436106 
59352.637070 0.000000 0.000000    -4.466666     0.437344 
59352.691889 0.000000 0.000000    -4.472594     0.438586 
59352.746707 0.000000 0.000000    -4.477733     0.439831 
59352.801526 0.000000 0.000000    -4.482046     0.441075 
59352.856344 0.000000 0.000000    -4.485499     0.442315 
59352.911163 0.000000 0.000000    -4.488060     0.443550 
59352.965981 0.000000 0.000000    -4.489696     0.444776 
59353.020799 0.000000 0.000000    -4.490376     0.445991 
59353.075618 0.000000 0.000000    -4.490070     0.447192 
59353.130436 0.000000 0.000000    -4.488749     0.448377 
59353.185255 0.000000 0.000000    -4.486387     0.449543 
59353.240073 0.000000 0.000000    -4.482956     0.450689 
59353.294892 0.000000 0.000000    -4.478434     0.451812 
59353.349710 0.000000 0.000000    -4.472796     0.452909 
59353.404528 0.000000 0.000000    -4.466022     0.453979 
59353.459347 0.000000 0.000000    -4.458092     0.455019 
59353.514165 0.000000 0.000000    -4.448988     0.456028 
59353.568984 0.000000 0.000000    -4.438693     0.457003 
59353.623802 0.000000 0.000000    -4.427193     0.457944 
59353.678621 0.000000 0.000000    -4.414475     0.458847 
59353.733439 0.000000 0.000000    -4.400528     0.459712 
59353.788257 0.000000 0.000000    -4.385344     0.460538 
59353.843076 0.000000 0.000000    -4.368915     0.461322 
59353.897894 0.000000 0.000000    -4.351235     0.462064 
59353.952713 0.000000 0.000000    -4.332303     0.462762 
59354.007531 0.000000 0.000000    -4.312116     0.463415 
59354.062350 0.000000 0.000000    -4.290676     0.464023 
59354.117168 0.000000 0.000000    -4.267986     0.464583 
59354.171986 0.000000 0.000000    -4.244051     0.465096 
59354.226805 0.000000 0.000000    -4.218877     0.465561 
59354.281623 0.000000 0.000000    -4.192474     0.465978 
59354.336442 0.000000 0.000000    -4.164854     0.466344 
59354.391260 0.000000 0.000000    -4.136030     0.466661 
59354.446079 0.000000 0.000000    -4.106018     0.466928 
59354.500897 0.000000 0.000000    -4.074835     0.467145 
59354.555715 0.000000 0.000000    -4.042500     0.467311 
59354.610534 0.000000 0.000000    -4.009037     0.467426 
59354.665352 0.000000 0.000000    -3.974468     0.467491 
59354.720171 0.000000 0.000000    -3.938821     0.467506 
59354.774989 0.000000 0.000000    -3.902122     0.467470 
59354.829808 0.000000 0.000000    -3.864401     0.467384 
59354.884626 0.000000 0.000000    -3.825692     0.467248 
59354.939444 0.000000 0.000000    -3.786028     0.467062 
59354.994263 0.000000 0.000000    -3.745444     0.466828 
59355.049081 0.000000 0.000000    -3.703979     0.466545 
59355.103900 0.000000 0.000000    -3.661672     0.466214 
59355.158718 0.000000 0.000000    -3.618565     0.465836 
59355.213537 0.000000 0.000000    -3.574700     0.465412 
59355.268355 0.000000 0.000000    -3.530123     0.464941 
59355.323173 0.000000 0.000000    -3.484881     0.464425 
59355.377992 0.000000 0.000000    -3.439020     0.463865 
59355.432810 0.000000 0.000000    -3.392592     0.463262 
59355.487629 0.000000 0.000000    -3.345646     0.462616 
59355.542447 0.000000 0.000000    -3.298236     0.461928 
59355.597266 0.000000 0.000000    -3.250415     0.461199 
59355.652084 0.000000 0.000000    -3.202239     0.460431 
59355.706902 0.000000 0.000000    -3.153763     0.459624 
59355.761721 0.000000 0.000000    -3.105046     0.458780 
59355.816539 0.000000 0.000000    -3.056146     0.457898 
59355.871358 0.000000 0.000000    -3.007121     0.456981 
59355.926176 0.000000 0.000000    -2.958033     0.456030 
59355.980995 0.000000 0.000000    -2.908943     0.455045 
59356.035813 0.000000 0.000000    -2.859912     0.454028 
59356.090631 0.000000 0.000000    -2.811004     0.452980 
59356.145450 0.000000 0.000000    -2.762280     0.451902 
59356.200268 0.000000 0.000000    -2.713805     0.450796 
59356.255087 0.000000 0.000000    -2.665642     0.449661 
59356.309905 0.000000 0.000000    -2.617856     0.448501 
59356.364724 0.000000 0.000000    -2.570510     0.447315 
59356.419542 0.000000 0.000000    -2.523670     0.446106 
59356.474360 0.000000 0.000000    -2.477400     0.444874 
59356.529179 0.000000 0.000000    -2.431764     0.443620 
59356.583997 0.000000 0.000000    -2.386826     0.442348 
59356.638816 0.000000 0.000000    -2.342651     0.441056 
59356.693634 0.000000 0.000000    -2.299301     0.439748 
59356.748452 0.000000 0.000000    -2.256839     0.438425 
59356.803271 0.000000 0.000000    -2.215329     0.437088 
59356.858089 0.000000 0.000000    -2.174832     0.435739 
59356.912908 0.000000 0.000000    -2.135409     0.434381 
59356.967726 0.000000 0.000000    -2.097120     0.433014 
59357.022545 0.000000 0.000000    -2.060025     0.431641 
59357.077363 0.000000 0.000000    -2.024181     0.430265 
59357.132181 0.000000 0.000000    -1.989647     0.428887 
59357.187000 0.000000 0.000000    -1.956478     0.427511 
59357.241818 0.000000 0.000000    -1.924728     0.426139 
59357.296637 0.000000 0.000000    -1.894451     0.424774 
59357.351455 0.000000 0.000000    -1.865698     0.423419 
59357.406274 0.000000 0.000000    -1.838521     0.422079 
59357.461092 0.000000 0.000000    -1.812968     0.420755 
59357.515910 0.000000 0.000000    -1.789085     0.419454 
59357.570729 0.000000 0.000000    -1.766918     0.418178 
59357.625547 0.000000 0.000000    -1.746511     0.416934 
59357.680366 0.000000 0.000000    -1.727904     0.415724 
59357.735184 0.000000 0.000000    -1.711137     0.414556 
59357.790003 0.000000 0.000000    -1.696248     0.413434 
59357.844821 0.000000 0.000000    -1.683272     0.412365 
59357.899639 0.000000 0.000000    -1.672242     0.411354 
59357.954458 0.000000 0.000000    -1.663188     0.410409 
59358.009276 0.000000 0.000000    -1.656140     0.409537 
59358.064095 0.000000 0.000000    -1.651124     0.408744 
59358.118913 0.000000 0.000000    -1.648164     0.408038 
59358.173732 0.000000 0.000000    -1.647280     0.407428 
59358.228550 0.000000 0.000000    -1.648493     0.406920 
59358.283368 0.000000 0.000000    -1.651818     0.406523 
59358.338187 0.000000 0.000000    -1.657270     0.406245 
59358.393005 0.000000 0.000000    -1.664860     0.406094 
59358.447824 0.000000 0.000000    -1.674596     0.406078 
59358.502642 0.000000 0.000000    -1.686485     0.406204 
59358.557461 0.000000 0.000000    -1.700530     0.406480 
59358.612279 0.000000 0.000000    -1.716732     0.406913 
59358.667097 0.000000 0.000000    -1.735089     0.407510 
59358.721916 0.000000 0.000000    -1.755597     0.408277 
59358.776734 0.000000 0.000000    -1.778249     0.409218 
59358.831553 0.000000 0.000000    -1.803034     0.410339 
59358.886371 0.000000 0.000000    -1.829940     0.411643 
59358.941190 0.000000 0.000000    -1.858952     0.413133 
59358.996008 0.000000 0.000000    -1.890053     0.414811 
59359.050826 0.000000 0.000000    -1.923220     0.416678 
59359.105645 0.000000 0.000000    -1.958433     0.418734 
59359.160463 0.000000 0.000000    -1.995663     0.420978 
59359.215282 0.000000 0.000000    -2.034884     0.423408 
59359.270100 0.000000 0.000000    -2.076065     0.426022 
59359.324919 0.000000 0.000000    -2.119172     0.428814 
59359.379737 0.000000 0.000000    -2.164169     0.431781 
59359.434555 0.000000 0.000000    -2.211018     0.434917 
59359.489374 0.000000 0.000000    -2.259679     0.438217 
59359.544192 0.000000 0.000000    -2.310108     0.441674 
59359.599011 0.000000 0.000000    -2.362260     0.445280 
59359.653829 0.000000 0.000000    -2.416088     0.449028 
59359.708648 0.000000 0.000000    -2.471542     0.452910 
59359.763466 0.000000 0.000000    -2.528571     0.456918 
59359.818284 0.000000 0.000000    -2.587120     0.461044 
59359.873103 0.000000 0.000000    -2.647134     0.465279 
59359.927921 0.000000 0.000000    -2.708555     0.469615 
59359.982740 0.000000 0.000000    -2.771324     0.474043 
59360.037558 0.000000 0.000000    -2.835380     0.478554 
59360.092377 0.000000 0.000000    -2.900659     0.483141 
59360.147195 0.000000 0.000000    -2.967097     0.487794 
59360.202013 0.000000 0.000000    -3.034629     0.492507 
59360.256832 0.000000 0.000000    -3.103187     0.497271 
59360.311650 0.000000 0.000000    -3.172702     0.502079 
59360.366469 0.000000 0.000000    -3.243104     0.506923 
59360.421287 0.000000 0.000000    -3.314323     0.511796 
59360.476106 0.000000 0.000000    -3.386286     0.516691 
59360.530924 0.000000 0.000000    -3.458920     0.521602 
59360.585742 0.000000 0.000000    -3.532151     0.526522 
59360.640561 0.000000 0.000000    -3.605905     0.531445 
59360.695379 0.000000 0.000000    -3.680106     0.536365 
59360.750198 0.000000 0.000000    -3.754679     0.541276 
59360.805016 0.000000 0.000000    -3.829547     0.546174 
59360.859835 0.000000 0.000000    -3.904633     0.551053 
59360.914653 0.000000 0.000000    -3.979861     0.555908 
59360.969471 0.000000 0.000000    -4.055154     0.560734 
59361.024290 0.000000 0.000000    -4.130435     0.565528 
59361.079108 0.000000 0.000000    -4.205626     0.570284 
59361.133927 0.000000 0.000000    -4.280651     0.574999 
59361.188745 0.000000 0.000000    -4.355434     0.579668 
59361.243564 0.000000 0.000000    -4.429897     0.584289 
59361.298382 0.000000 0.000000    -4.503967     0.588858 
59361.353200 0.000000 0.000000    -4.577567     0.593371 
59361.408019 0.000000 0.000000    -4.650623     0.597825 
59361.462837 0.000000 0.000000    -4.723062     0.602218 
59361.517656 0.000000 0.000000    -4.794810     0.606546 
59361.572474 0.000000 0.000000    -4.865797     0.610808 
59361.627293 0.000000 0.000000    -4.935952     0.615000 
59361.682111 0.000000 0.000000    -5.005205     0.619119 
59361.736929 0.000000 0.000000    -5.073487     0.623165 
59361.791748 0.000000 0.000000    -5.140733     0.627135 
59361.846566 0.000000 0.000000    -5.206877     0.631026 
59361.901385 0.000000 0.000000    -5.271855     0.634837 
59361.956203 0.000000 0.000000    -5.335604     0.638567 
59362.011022 0.000000 0.000000    -5.398065     0.642213 
59362.065840 0.000000 0.000000    -5.459179     0.645774 
59362.120658 0.000000 0.000000    -5.518888     0.649250 
59362.175477 0.000000 0.000000    -5.577139     0.652638 
59362.230295 0.000000 0.000000    -5.633877     0.655938 
59362.285114 0.000000 0.000000    -5.689053     0.659148 
59362.339932 0.000000 0.000000    -5.742618     0.662267 
59362.394751 0.000000 0.000000    -5.794524     0.665296 
59362.449569 0.000000 0.000000    -5.844729     0.668232 
59362.504387 0.000000 0.000000    -5.893190     0.671076 
59362.559206 0.000000 0.000000    -5.939867     0.673826 
59362.614024 0.000000 0.000000    -5.984724     0.676483 
59362.668843 0.000000 0.000000    -6.027726     0.679047 
59362.723661 0.000000 0.000000    -6.068841     0.681516 
59362.778480 0.000000 0.000000    -6.108039     0.683891 
59362.833298 0.000000 0.000000    -6.145294     0.686171 
59362.888116 0.000000 0.000000    -6.180582     0.688358 
59362.942935 0.000000 0.000000    -6.213879     0.690450 
59362.997753 0.000000 0.000000    -6.245168     0.692449 
59363.052572 0.000000 0.000000    -6.274433     0.694354 
59363.107390 0.000000 0.000000    -6.301659     0.696165 
59363.162209 0.000000 0.000000    -6.326835     0.697884 
59363.217027 0.000000 0.000000    -6.349954     0.699511 
59363.271845 0.000000 0.000000    -6.371010     0.701047 
59363.326664 0.000000 0.000000    -6.390001     0.702492 
59363.381482 0.000000 0.000000    -6.406925     0.703847 
59363.436301 0.000000 0.000000    -6.421786     0.705113 
59363.491119 0.000000 0.000000    -6.434589     0.706291 
59363.545938 0.000000 0.000000    -6.445343     0.707383 
59363.600756 0.000000 0.000000    -6.454057     0.708388 
59363.655574 0.000000 0.000000    -6.460746     0.709309 
59363.710393 0.000000 0.000000    -6.465424     0.710147 
59363.765211 0.000000 0.000000    -6.468112     0.710903 
59363.820030 0.000000 0.000000    -6.468828     0.711579 
59363.874848 0.000000 0.000000    -6.467598     0.712176 
59363.929666 0.000000 0.000000    -6.464447     0.712696 
59363.984485 0.000000 0.000000    -6.459404     0.713140 
59364.039303 0.000000 0.000000    -6.452499     0.713510 
59364.094122 0.000000 0.000000    -6.443765     0.713809 
59364.148940 0.000000 0.000000    -6.433237     0.714037 
59364.203759 0.000000 0.000000    -6.420953     0.714197 
59364.258577 0.000000 0.000000    -6.406953     0.714290 
59364.313395 0.000000 0.000000    -6.391278     0.714320 
59364.368214 0.000000 0.000000    -6.373972     0.714287 
59364.423032 0.000000 0.000000    -6.355080     0.714194 
59364.477851 0.000000 0.000000    -6.334650     0.714043 
59364.532669 0.000000 0.000000    -6.312731     0.713837 
59364.587488 0.000000 0.000000    -6.289373     0.713577 
59364.642306 0.000000 0.000000    -6.264630     0.713266 
59364.697124 0.000000 0.000000    -6.238554     0.712906 
59364.751943 0.000000 0.000000    -6.211202     0.712500 
59364.806761 0.000000 0.000000    -6.182631     0.712050 
59364.861580 0.000000 0.000000    -6.152897     0.711557 
59364.916398 0.000000 0.000000    -6.122061     0.711026 
59364.971217 0.000000 0.000000    -6.090182     0.710458 
59365.026035 0.000000 0.000000    -6.057323     0.709855 
59365.080853 0.000000 0.000000    -6.023544     0.709219 
59365.135672 0.000000 0.000000    -5.988909     0.708555 
59365.190490 0.000000 0.000000    -5.953481     0.707862 
59365.245309 0.000000 0.000000    -5.917325     0.707145 
59365.300127 0.000000 0.000000    -5.880506     0.706405 
59365.354946 0.000000 0.000000    -5.843087     0.705645 
59365.409764 0.000000 0.000000    -5.805135     0.704867 
59365.464582 0.000000 0.000000    -5.766716     0.704072 
59365.519401 0.000000 0.000000    -5.727894     0.703264 
59365.574219 0.000000 0.000000    -5.688736     0.702445 
59365.629038 0.000000 0.000000    -5.649308     0.701616 
59365.683856 0.000000 0.000000    -5.609673     0.700780 
59365.738675 0.000000 0.000000    -5.569899     0.699938 
59365.793493 0.000000 0.000000    -5.530049     0.699093 
59365.848311 0.000000 0.000000    -5.490187     0.698245 
59365.903130 0.000000 0.000000    -5.450377     0.697398 
59365.957948 0.000000 0.000000    -5.410683     0.696553 
59366.012767 0.000000 0.000000    -5.371166     0.695710 
59366.067585 0.000000 0.000000    -5.331887     0.694872 
59366.122404 0.000000 0.000000    -5.292908     0.694041 
59366.177222 0.000000 0.000000    -5.254287     0.693216 
59366.232040 0.000000 0.000000    -5.216083     0.692400 
59366.286859 0.000000 0.000000    -5.178352     0.691594 
59366.341677 0.000000 0.000000    -5.141150     0.690799 
59366.396496 0.000000 0.000000    -5.104533     0.690015 
59366.451314 0.000000 0.000000    -5.068552     0.689243 
59366.506133 0.000000 0.000000    -5.033259     0.688484 
59366.560951 0.000000 0.000000    -4.998705     0.687740 
59366.615769 0.000000 0.000000    -4.964937     0.687009 
59366.670588 0.000000 0.000000    -4.932001     0.686293 
59366.725406 0.000000 0.000000    -4.899943     0.685592 
59366.780225 0.000000 0.000000    -4.868805     0.684906 
59366.835043 0.000000 0.000000    -4.838628     0.684236 
59366.889862 0.000000 0.000000    -4.809452     0.683581 
59366.944680 0.000000 0.000000    -4.781313     0.682941 
59366.999498 0.000000 0.000000    -4.754246     0.682317 
59367.054317 0.000000 0.000000    -4.728284     0.681709 
59367.109135 0.000000 0.000000    -4.703459     0.681115 
59367.163954 0.000000 0.000000    -4.679797     0.680536 
59367.218772 0.000000 0.000000    -4.657327     0.679972 
59367.273591 0.000000 0.000000    -4.636071     0.679422 
59367.328409 0.000000 0.000000    -4.616052     0.678885 
59367.383227 0.000000 0.000000    -4.597289     0.678362 
59367.438046 0.000000 0.000000    -4.579801     0.677852 
59367.492864 0.000000 0.000000    -4.563600     0.677354 
59367.547683 0.000000 0.000000    -4.548702     0.676868 
59367.602501 0.000000 0.000000    -4.535114     0.676393 
59367.657320 0.000000 0.000000    -4.522847     0.675929 
59367.712138 0.000000 0.000000    -4.511904     0.675475 
59367.766956 0.000000 0.000000    -4.502290     0.675031 
59367.821775 0.000000 0.000000    -4.494006     0.674595 
59367.876593 0.000000 0.000000    -4.487050     0.674168 
59367.931412 0.000000 0.000000    -4.481419     0.673749 
59367.986230 0.000000 0.000000    -4.477106     0.673338 
59368.041049 0.000000 0.000000    -4.474103     0.672933 
59368.095867 0.000000 0.000000    -4.472401     0.672535 
59368.150685 0.000000 0.000000    -4.471986     0.672142 
59368.205504 0.000000 0.000000    -4.472844     0.671756 
59368.260322 0.000000 0.000000    -4.474958     0.671374 
59368.315141 0.000000 0.000000    -4.478308     0.670997 
59368.369959 0.000000 0.000000    -4.482874     0.670624 
59368.424778 0.000000 0.000000    -4.488632     0.670255 
59368.479596 0.000000 0.000000    -4.495558     0.669891 
59368.534414 0.000000 0.000000    -4.503625     0.669529 
59368.589233 0.000000 0.000000    -4.512803     0.669171 
59368.644051 0.000000 0.000000    -4.523062     0.668816 
59368.698870 0.000000 0.000000    -4.534369     0.668465 
59368.753688 0.000000 0.000000    -4.546691     0.668116 
59368.808507 0.000000 0.000000    -4.559992     0.667770 
59368.863325 0.000000 0.000000    -4.574235     0.667427 
59368.918143 0.000000 0.000000    -4.589380     0.667087 
59368.972962 0.000000 0.000000    -4.605388     0.666749 
59369.027780 0.000000 0.000000    -4.622218     0.666415 
59369.082599 0.000000 0.000000    -4.639826     0.666084 
59369.137417 0.000000 0.000000    -4.658168     0.665756 
59369.192236 0.000000 0.000000    -4.677201     0.665431 
59369.247054 0.000000 0.000000    -4.696877     0.665110 
59369.301872 0.000000 0.000000    -4.717150     0.664793 
59369.356691 0.000000 0.000000    -4.737972     0.664479 
59369.411509 0.000000 0.000000    -4.759293     0.664170 
59369.466328 0.000000 0.000000    -4.781066     0.663865 
59369.521146 0.000000 0.000000    -4.803240     0.663564 
59369.575965 0.000000 0.000000    -4.825765     0.663268 
59369.630783 0.000000 0.000000    -4.848589     0.662978 
59369.685601 0.000000 0.000000    -4.871662     0.662693 
59369.740420 0.000000 0.000000    -4.894932     0.662413 
59369.795238 0.000000 0.000000    -4.918347     0.662140 
59369.850057 0.000000 0.000000    -4.941857     0.661873 
59369.904875 0.000000 0.000000    -4.965408     0.661612 
59369.959694 0.000000 0.000000    -4.988949     0.661357 
59370.014512 0.000000 0.000000    -5.012430     0.661110 
59370.069330 0.000000 0.000000    -5.035798     0.660869 
59370.124149 0.000000 0.000000    -5.059003     0.660636 
59370.178967 0.000000 0.000000    -5.081995     0.660410 
59370.233786 0.000000 0.000000    -5.104723     0.660192 
59370.288604 0.000000 0.000000    -5.127139     0.659982 
59370.343423 0.000000 0.000000    -5.149193     0.659780 
59370.398241 0.000000 0.000000    -5.170839     0.659585 
59370.453059 0.000000 0.000000    -5.192028     0.659399 
59370.507878 0.000000 0.000000    -5.212715     0.659221 
59370.562696 0.000000 0.000000    -5.232854     0.659051 
59370.617515 0.000000 0.000000    -5.252402     0.658890 
59370.672333 0.000000 0.000000    -5.271315     0.658737 
59370.727151 0.000000 0.000000    -5.289553     0.658592 
59370.781970 0.000000 0.000000    -5.307073     0.658455 
59370.836788 0.000000 0.000000    -5.323838     0.658327 
59370.891607 0.000000 0.000000    -5.339809     0.658206 
59370.946425 0.000000 0.000000    -5.354951     0.658094 
59371.001244 0.000000 0.000000    -5.369227     0.657989 
59371.056062 0.000000 0.000000    -5.382606     0.657892 
59371.110880 0.000000 0.000000    -5.395055     0.657803 
59371.165699 0.000000 0.000000    -5.406544     0.657721 
59371.220517 0.000000 0.000000    -5.417046     0.657647 
59371.275336 0.000000 0.000000    -5.426533     0.657579 
59371.330154 0.000000 0.000000    -5.434980     0.657519 
59371.384973 0.000000 0.000000    -5.442366     0.657465 
59371.439791 0.000000 0.000000    -5.448668     0.657418 
59371.494609 0.000000 0.000000    -5.453867     0.657377 
59371.549428 0.000000 0.000000    -5.457947     0.657342 
59371.604246 0.000000 0.000000    -5.460891     0.657313 
59371.659065 0.000000 0.000000    -5.462686     0.657289 
59371.713883 0.000000 0.000000    -5.463321     0.657271 
59371.768702 0.000000 0.000000    -5.462787     0.657258 
59371.823520 0.000000 0.000000    -5.461075     0.657250 
59371.878338 0.000000 0.000000    -5.458180     0.657246 
59371.933157 0.000000 0.000000    -5.454099     0.657247 
59371.987975 0.000000 0.000000    -5.448830     0.657252 
59372.042794 0.000000 0.000000    -5.442374     0.657261 
59372.097612 0.000000 0.000000    -5.434733     0.657275 
59372.152431 0.000000 0.000000    -5.425911     0.657291 
59372.207249 0.000000 0.000000    -5.415915     0.657311 
59372.262067 0.000000 0.000000    -5.404754     0.657335 
59372.316886 0.000000 0.000000    -5.392436     0.657361 
59372.371704 0.000000 0.000000    -5.378976     0.657390 
59372.426523 0.000000 0.000000    -5.364386     0.657422 
59372.481341 0.000000 0.000000    -5.348682     0.657457 
59372.536160 0.000000 0.000000    -5.331883     0.657494 
59372.590978 0.000000 0.000000    -5.314008     0.657534 
59372.645796 0.000000 0.000000    -5.295077     0.657575 
59372.700615 0.000000 0.000000    -5.275115     0.657619 
59372.755433 0.000000 0.000000    -5.254144     0.657665 
59372.810252 0.000000 0.000000    -5.232193     0.657713 
59372.865070 0.000000 0.000000    -5.209288     0.657763 
59372.919889 0.000000 0.000000    -5.185458     0.657814 
59372.974707 0.000000 0.000000    -5.160735     0.657867 
59373.029525 0.000000 0.000000    -5.135150     0.657922 
59373.084344 0.000000 0.000000    -5.108738     0.657978 
59373.139162 0.000000 0.000000    -5.081532     0.658036 
59373.193981 0.000000 0.000000    -5.053568     0.658095 
59373.248799 0.000000 0.000000    -5.024885     0.658156 
59373.303618 0.000000 0.000000    -4.995520     0.658218 
59373.358436 0.000000 0.000000    -4.965512     0.658281 
59373.413254 0.000000 0.000000    -4.934901     0.658346 
59373.468073 0.000000 0.000000    -4.903729     0.658411 
59373.522891 0.000000 0.000000    -4.872038     0.658478 
59373.577710 0.000000 0.000000    -4.839869     0.658546 
59373.632528 0.000000 0.000000    -4.807267     0.658615 
59373.687347 0.000000 0.000000    -4.774276     0.658685 
59373.742165 0.000000 0.000000    -4.740939     0.658756 
59373.796983 0.000000 0.000000    -4.707302     0.658828 
59373.851802 0.000000 0.000000    -4.673410     0.658901 
59373.906620 0.000000 0.000000    -4.639309     0.658974 
59373.961439 0.000000 0.000000    -4.605043     0.659048 
59374.016257 0.000000 0.000000    -4.570660     0.659123 
59374.071076 0.000000 0.000000    -4.536204     0.659198 
59374.125894 0.000000 0.000000    -0.513361          nan 
