# time Tc_folded Tref_folded model model_err 
59329.481866 0.000000 0.000000     1.034053     0.778771 
59329.519476 0.000000 0.000000     0.910001     0.778918 
59329.557086 0.000000 0.000000     0.785866     0.779138 
59329.594696 0.000000 0.000000     0.661723     0.779431 
59329.632306 0.000000 0.000000     0.537649     0.779795 
59329.669917 0.000000 0.000000     0.413717     0.780230 
59329.707527 0.000000 0.000000     0.290004     0.780733 
59329.745137 0.000000 0.000000     0.166585     0.781304 
59329.782747 0.000000 0.000000     0.043532     0.781941 
59329.820357 0.000000 0.000000    -0.079078     0.782641 
59329.857967 0.000000 0.000000    -0.201174     0.783402 
59329.895578 0.000000 0.000000    -0.322682     0.784223 
59329.933188 0.000000 0.000000    -0.443530     0.785100 
59329.970798 0.000000 0.000000    -0.563645     0.786030 
59330.008408 0.000000 0.000000    -0.682957     0.787012 
59330.046018 0.000000 0.000000    -0.801395     0.788042 
59330.083628 0.000000 0.000000    -0.918889     0.789116 
59330.121238 0.000000 0.000000    -1.035371     0.790233 
59330.158849 0.000000 0.000000    -1.150772     0.791388 
59330.196459 0.000000 0.000000    -1.265025     0.792578 
59330.234069 0.000000 0.000000    -1.378065     0.793801 
59330.271679 0.000000 0.000000    -1.489825     0.795051 
59330.309289 0.000000 0.000000    -1.600242     0.796327 
59330.346899 0.000000 0.000000    -1.709252     0.797625 
59330.384510 0.000000 0.000000    -1.816794     0.798940 
59330.422120 0.000000 0.000000    -1.922806     0.800270 
59330.459730 0.000000 0.000000    -2.027229     0.801611 
59330.497340 0.000000 0.000000    -2.130004     0.802960 
59330.534950 0.000000 0.000000    -2.231074     0.804313 
59330.572560 0.000000 0.000000    -2.330383     0.805666 
59330.610170 0.000000 0.000000    -2.427878     0.807017 
59330.647781 0.000000 0.000000    -2.523504     0.808362 
59330.685391 0.000000 0.000000    -2.617209     0.809697 
59330.723001 0.000000 0.000000    -2.708945     0.811020 
59330.760611 0.000000 0.000000    -2.798661     0.812328 
59330.798221 0.000000 0.000000    -2.886310     0.813616 
59330.835831 0.000000 0.000000    -2.971847     0.814883 
59330.873442 0.000000 0.000000    -3.055228     0.816125 
59330.911052 0.000000 0.000000    -3.136410     0.817339 
59330.948662 0.000000 0.000000    -3.215353     0.818522 
59330.986272 0.000000 0.000000    -3.292015     0.819673 
59331.023882 0.000000 0.000000    -3.366362     0.820788 
59331.061492 0.000000 0.000000    -3.438355     0.821864 
59331.099102 0.000000 0.000000    -3.507962     0.822900 
59331.136713 0.000000 0.000000    -3.575149     0.823892 
59331.174323 0.000000 0.000000    -3.639887     0.824839 
59331.211933 0.000000 0.000000    -3.702146     0.825738 
59331.249543 0.000000 0.000000    -3.761899     0.826587 
59331.287153 0.000000 0.000000    -3.819120     0.827385 
59331.324763 0.000000 0.000000    -3.873788     0.828129 
59331.362374 0.000000 0.000000    -3.925879     0.828817 
59331.399984 0.000000 0.000000    -3.975374     0.829448 
59331.437594 0.000000 0.000000    -4.022255     0.830020 
59331.475204 0.000000 0.000000    -4.066507     0.830532 
59331.512814 0.000000 0.000000    -4.108114     0.830981 
59331.550424 0.000000 0.000000    -4.147066     0.831367 
59331.588035 0.000000 0.000000    -4.183351     0.831689 
59331.625645 0.000000 0.000000    -4.216961     0.831944 
59331.663255 0.000000 0.000000    -4.247889     0.832132 
59331.700865 0.000000 0.000000    -4.276131     0.832253 
59331.738475 0.000000 0.000000    -4.301684     0.832304 
59331.776085 0.000000 0.000000    -4.324548     0.832285 
59331.813695 0.000000 0.000000    -4.344722     0.832195 
59331.851306 0.000000 0.000000    -4.362211     0.832033 
59331.888916 0.000000 0.000000    -4.377018     0.831800 
59331.926526 0.000000 0.000000    -4.389151     0.831493 
59331.964136 0.000000 0.000000    -4.398617     0.831113 
59332.001746 0.000000 0.000000    -4.405428     0.830659 
59332.039356 0.000000 0.000000    -4.409595     0.830131 
59332.076967 0.000000 0.000000    -4.411133     0.829529 
59332.114577 0.000000 0.000000    -4.410057     0.828852 
59332.152187 0.000000 0.000000    -4.406385     0.828100 
59332.189797 0.000000 0.000000    -4.400137     0.827273 
59332.227407 0.000000 0.000000    -4.391332     0.826371 
59332.265017 0.000000 0.000000    -4.379995     0.825395 
59332.302627 0.000000 0.000000    -4.366150     0.824343 
59332.340238 0.000000 0.000000    -4.349824     0.823218 
59332.377848 0.000000 0.000000    -4.331044     0.822018 
59332.415458 0.000000 0.000000    -4.309839     0.820744 
59332.453068 0.000000 0.000000    -4.286242     0.819396 
59332.490678 0.000000 0.000000    -4.260285     0.817976 
59332.528288 0.000000 0.000000    -4.232002     0.816483 
59332.565899 0.000000 0.000000    -4.201430     0.814918 
59332.603509 0.000000 0.000000    -4.168606     0.813283 
59332.641119 0.000000 0.000000    -4.133569     0.811576 
59332.678729 0.000000 0.000000    -4.096360     0.809801 
59332.716339 0.000000 0.000000    -4.057020     0.807956 
59332.753949 0.000000 0.000000    -4.015592     0.806044 
59332.791559 0.000000 0.000000    -3.972121     0.804065 
59332.829170 0.000000 0.000000    -3.926654     0.802020 
59332.866780 0.000000 0.000000    -3.879236     0.799910 
59332.904390 0.000000 0.000000    -3.829917     0.797738 
59332.942000 0.000000 0.000000    -3.778746     0.795503 
59332.979610 0.000000 0.000000    -3.725775     0.793208 
59333.017220 0.000000 0.000000    -3.671054     0.790853 
59333.054831 0.000000 0.000000    -3.614637     0.788441 
59333.092441 0.000000 0.000000    -3.556577     0.785972 
59333.130051 0.000000 0.000000    -3.496931     0.783449 
59333.167661 0.000000 0.000000    -3.435753     0.780873 
59333.205271 0.000000 0.000000    -3.373101     0.778246 
59333.242881 0.000000 0.000000    -3.309032     0.775569 
59333.280492 0.000000 0.000000    -3.243606     0.772845 
59333.318102 0.000000 0.000000    -3.176880     0.770076 
59333.355712 0.000000 0.000000    -3.108916     0.767262 
59333.393322 0.000000 0.000000    -3.039774     0.764408 
59333.430932 0.000000 0.000000    -2.969515     0.761514 
59333.468542 0.000000 0.000000    -2.898202     0.758584 
59333.506152 0.000000 0.000000    -2.825896     0.755618 
59333.543763 0.000000 0.000000    -2.752662     0.752621 
59333.581373 0.000000 0.000000    -2.678562     0.749593 
59333.618983 0.000000 0.000000    -2.603660     0.746538 
59333.656593 0.000000 0.000000    -2.528021     0.743458 
59333.694203 0.000000 0.000000    -2.451708     0.740355 
59333.731813 0.000000 0.000000    -2.374787     0.737233 
59333.769424 0.000000 0.000000    -2.297323     0.734094 
59333.807034 0.000000 0.000000    -2.219381     0.730940 
59333.844644 0.000000 0.000000    -2.141026     0.727775 
59333.882254 0.000000 0.000000    -2.062323     0.724602 
59333.919864 0.000000 0.000000    -1.983338     0.721423 
59333.957474 0.000000 0.000000    -1.904135     0.718241 
59333.995084 0.000000 0.000000    -1.824781     0.715059 
59334.032695 0.000000 0.000000    -1.745340     0.711881 
59334.070305 0.000000 0.000000    -1.665877     0.708708 
59334.107915 0.000000 0.000000    -1.586456     0.705545 
59334.145525 0.000000 0.000000    -1.507143     0.702394 
59334.183135 0.000000 0.000000    -1.428000     0.699259 
59334.220745 0.000000 0.000000    -1.349092     0.696142 
59334.258356 0.000000 0.000000    -1.270482     0.693046 
59334.295966 0.000000 0.000000    -1.192233     0.689975 
59334.333576 0.000000 0.000000    -1.114407     0.686931 
59334.371186 0.000000 0.000000    -1.037065     0.683918 
59334.408796 0.000000 0.000000    -0.960269     0.680938 
59334.446406 0.000000 0.000000    -0.884079     0.677995 
59334.484016 0.000000 0.000000    -0.808555     0.675090 
59334.521627 0.000000 0.000000    -0.733756     0.672227 
59334.559237 0.000000 0.000000    -0.659741     0.669409 
59334.596847 0.000000 0.000000    -0.586566     0.666637 
59334.634457 0.000000 0.000000    -0.514288     0.663915 
59334.672067 0.000000 0.000000    -0.442963     0.661245 
59334.709677 0.000000 0.000000    -0.372646     0.658629 
59334.747288 0.000000 0.000000    -0.303390     0.656069 
59334.784898 0.000000 0.000000    -0.235249     0.653567 
59334.822508 0.000000 0.000000    -0.168273     0.651125 
59334.860118 0.000000 0.000000    -0.102514     0.648745 
59334.897728 0.000000 0.000000    -0.038021     0.646428 
59334.935338 0.000000 0.000000     0.025158     0.644175 
59334.972949 0.000000 0.000000     0.086975     0.641988 
59335.010559 0.000000 0.000000     0.147385     0.639867 
59335.048169 0.000000 0.000000     0.206342     0.637813 
59335.085779 0.000000 0.000000     0.263805     0.635827 
59335.123389 0.000000 0.000000     0.319729     0.633910 
59335.160999 0.000000 0.000000     0.374076     0.632061 
59335.198609 0.000000 0.000000     0.426805     0.630280 
59335.236220 0.000000 0.000000     0.477878     0.628567 
59335.273830 0.000000 0.000000     0.527260     0.626922 
59335.311440 0.000000 0.000000     0.574914     0.625344 
59335.349050 0.000000 0.000000     0.620808     0.623833 
59335.386660 0.000000 0.000000     0.664908     0.622387 
59335.424270 0.000000 0.000000     0.707186     0.621005 
59335.461881 0.000000 0.000000     0.747610     0.619687 
59335.499491 0.000000 0.000000     0.786155     0.618430 
59335.537101 0.000000 0.000000     0.822794     0.617233 
59335.574711 0.000000 0.000000     0.857502     0.616095 
59335.612321 0.000000 0.000000     0.890257     0.615013 
59335.649931 0.000000 0.000000     0.921037     0.613985 
59335.687541 0.000000 0.000000     0.949824     0.613010 
59335.725152 0.000000 0.000000     0.976599     0.612086 
59335.762762 0.000000 0.000000     1.001346     0.611210 
59335.800372 0.000000 0.000000     1.024050     0.610379 
59335.837982 0.000000 0.000000     1.044698     0.609592 
59335.875592 0.000000 0.000000     1.063280     0.608847 
59335.913202 0.000000 0.000000     1.079784     0.608140 
59335.950813 0.000000 0.000000     1.094205     0.607470 
59335.988423 0.000000 0.000000     1.106534     0.606833 
59336.026033 0.000000 0.000000     1.116767     0.606228 
59336.063643 0.000000 0.000000     1.124903     0.605653 
59336.101253 0.000000 0.000000     1.130938     0.605104 
59336.138863 0.000000 0.000000     1.134874     0.604580 
59336.176473 0.000000 0.000000     1.136712     0.604078 
59336.214084 0.000000 0.000000     1.136457     0.603597 
59336.251694 0.000000 0.000000     1.134114     0.603133 
59336.289304 0.000000 0.000000     1.129689     0.602684 
59336.326914 0.000000 0.000000     1.123192     0.602250 
59336.364524 0.000000 0.000000     1.114632     0.601827 
59336.402134 0.000000 0.000000     1.104021     0.601414 
59336.439745 0.000000 0.000000     1.091373     0.601010 
59336.477355 0.000000 0.000000     1.076703     0.600611 
59336.514965 0.000000 0.000000     1.060027     0.600218 
59336.552575 0.000000 0.000000     1.041364     0.599827 
59336.590185 0.000000 0.000000     1.020733     0.599439 
59336.627795 0.000000 0.000000     0.998155     0.599051 
59336.665406 0.000000 0.000000     0.973653     0.598662 
59336.703016 0.000000 0.000000     0.947252     0.598272 
59336.740626 0.000000 0.000000     0.918976     0.597879 
59336.778236 0.000000 0.000000     0.888852     0.597482 
59336.815846 0.000000 0.000000     0.856910     0.597081 
59336.853456 0.000000 0.000000     0.823179     0.596674 
59336.891066 0.000000 0.000000     0.787689     0.596262 
59336.928677 0.000000 0.000000     0.750474     0.595843 
59336.966287 0.000000 0.000000     0.711566     0.595417 
59337.003897 0.000000 0.000000     0.671002     0.594985 
59337.041507 0.000000 0.000000     0.628817     0.594545 
59337.079117 0.000000 0.000000     0.585049     0.594097 
59337.116727 0.000000 0.000000     0.539736     0.593642 
59337.154338 0.000000 0.000000     0.492917     0.593179 
59337.191948 0.000000 0.000000     0.444635     0.592709 
59337.229558 0.000000 0.000000     0.394930     0.592232 
59337.267168 0.000000 0.000000     0.343845     0.591747 
59337.304778 0.000000 0.000000     0.291425     0.591256 
59337.342388 0.000000 0.000000     0.237714     0.590759 
59337.379998 0.000000 0.000000     0.182758     0.590255 
59337.417609 0.000000 0.000000     0.126604     0.589746 
59337.455219 0.000000 0.000000     0.069299     0.589232 
59337.492829 0.000000 0.000000     0.010891     0.588714 
59337.530439 0.000000 0.000000    -0.048570     0.588192 
59337.568049 0.000000 0.000000    -0.109035     0.587667 
59337.605659 0.000000 0.000000    -0.170454     0.587140 
59337.643270 0.000000 0.000000    -0.232774     0.586611 
59337.680880 0.000000 0.000000    -0.295945     0.586081 
59337.718490 0.000000 0.000000    -0.359914     0.585551 
59337.756100 0.000000 0.000000    -0.424629     0.585022 
59337.793710 0.000000 0.000000    -0.490035     0.584495 
59337.831320 0.000000 0.000000    -0.556080     0.583970 
59337.868930 0.000000 0.000000    -0.622710     0.583448 
59337.906541 0.000000 0.000000    -0.689869     0.582931 
59337.944151 0.000000 0.000000    -0.757504     0.582418 
59337.981761 0.000000 0.000000    -0.825558     0.581911 
59338.019371 0.000000 0.000000    -0.893978     0.581410 
59338.056981 0.000000 0.000000    -0.962708     0.580916 
59338.094591 0.000000 0.000000    -1.031691     0.580431 
59338.132202 0.000000 0.000000    -1.100874     0.579954 
59338.169812 0.000000 0.000000    -1.170199     0.579486 
59338.207422 0.000000 0.000000    -1.239612     0.579029 
59338.245032 0.000000 0.000000    -1.309057     0.578582 
59338.282642 0.000000 0.000000    -1.378478     0.578146 
59338.320252 0.000000 0.000000    -1.447820     0.577723 
59338.357863 0.000000 0.000000    -1.517028     0.577311 
59338.395473 0.000000 0.000000    -1.586047     0.576912 
59338.433083 0.000000 0.000000    -1.654823     0.576526 
59338.470693 0.000000 0.000000    -1.723300     0.576154 
59338.508303 0.000000 0.000000    -1.791426     0.575795 
59338.545913 0.000000 0.000000    -1.859146     0.575450 
59338.583523 0.000000 0.000000    -1.926407     0.575120 
59338.621134 0.000000 0.000000    -1.993157     0.574804 
59338.658744 0.000000 0.000000    -2.059343     0.574501 
59338.696354 0.000000 0.000000    -2.124914     0.574214 
59338.733964 0.000000 0.000000    -2.189819     0.573940 
59338.771574 0.000000 0.000000    -2.254007     0.573681 
59338.809184 0.000000 0.000000    -2.317429     0.573436 
59338.846795 0.000000 0.000000    -2.380035     0.573204 
59338.884405 0.000000 0.000000    -2.441778     0.572986 
59338.922015 0.000000 0.000000    -2.502609     0.572782 
59338.959625 0.000000 0.000000    -2.562483     0.572590 
59338.997235 0.000000 0.000000    -2.621353     0.572411 
59339.034845 0.000000 0.000000    -2.679175     0.572244 
59339.072455 0.000000 0.000000    -2.735904     0.572089 
59339.110066 0.000000 0.000000    -2.791497     0.571944 
59339.147676 0.000000 0.000000    -2.845913     0.571811 
59339.185286 0.000000 0.000000    -2.899110     0.571687 
59339.222896 0.000000 0.000000    -2.951048     0.571573 
59339.260506 0.000000 0.000000    -3.001688     0.571467 
59339.298116 0.000000 0.000000    -3.050993     0.571370 
59339.335727 0.000000 0.000000    -3.098926     0.571280 
59339.373337 0.000000 0.000000    -3.145451     0.571197 
59339.410947 0.000000 0.000000    -3.190534     0.571121 
59339.448557 0.000000 0.000000    -3.234142     0.571050 
59339.486167 0.000000 0.000000    -3.276242     0.570984 
59339.523777 0.000000 0.000000    -3.316805     0.570922 
59339.561387 0.000000 0.000000    -3.355801     0.570863 
59339.598998 0.000000 0.000000    -3.393201     0.570808 
59339.636608 0.000000 0.000000    -3.428979     0.570755 
59339.674218 0.000000 0.000000    -3.463110     0.570704 
59339.711828 0.000000 0.000000    -3.495569     0.570653 
59339.749438 0.000000 0.000000    -3.526334     0.570604 
59339.787048 0.000000 0.000000    -3.555384     0.570554 
59339.824659 0.000000 0.000000    -3.582698     0.570504 
59339.862269 0.000000 0.000000    -3.608257     0.570453 
59339.899879 0.000000 0.000000    -3.632046     0.570401 
59339.937489 0.000000 0.000000    -3.654047     0.570347 
59339.975099 0.000000 0.000000    -3.674248     0.570291 
59340.012709 0.000000 0.000000    -3.692635     0.570232 
59340.050320 0.000000 0.000000    -3.709196     0.570171 
59340.087930 0.000000 0.000000    -3.723922     0.570106 
59340.125540 0.000000 0.000000    -3.736805     0.570039 
59340.163150 0.000000 0.000000    -3.747837     0.569969 
59340.200760 0.000000 0.000000    -3.757013     0.569895 
59340.238370 0.000000 0.000000    -3.764328     0.569818 
59340.275980 0.000000 0.000000    -3.769782     0.569738 
59340.313591 0.000000 0.000000    -3.773372     0.569654 
59340.351201 0.000000 0.000000    -3.775098     0.569567 
59340.388811 0.000000 0.000000    -3.774963     0.569478 
59340.426421 0.000000 0.000000    -3.772970     0.569386 
59340.464031 0.000000 0.000000    -3.769124     0.569291 
59340.501641 0.000000 0.000000    -3.763430     0.569194 
59340.539252 0.000000 0.000000    -3.755897     0.569096 
59340.576862 0.000000 0.000000    -3.746534     0.568996 
59340.614472 0.000000 0.000000    -3.735350     0.568895 
59340.652082 0.000000 0.000000    -3.722359     0.568794 
59340.689692 0.000000 0.000000    -3.707573     0.568693 
59340.727302 0.000000 0.000000    -3.691007     0.568594 
59340.764912 0.000000 0.000000    -3.672677     0.568495 
59340.802523 0.000000 0.000000    -3.652600     0.568399 
59340.840133 0.000000 0.000000    -3.630795     0.568305 
59340.877743 0.000000 0.000000    -3.607282     0.568215 
59340.915353 0.000000 0.000000    -3.582083     0.568129 
59340.952963 0.000000 0.000000    -3.555219     0.568049 
59340.990573 0.000000 0.000000    -3.526715     0.567974 
59341.028184 0.000000 0.000000    -3.496596     0.567906 
59341.065794 0.000000 0.000000    -3.464889     0.567845 
59341.103404 0.000000 0.000000    -3.431619     0.567792 
59341.141014 0.000000 0.000000    -3.396817     0.567749 
59341.178624 0.000000 0.000000    -3.360512     0.567716 
59341.216234 0.000000 0.000000    -3.322734     0.567693 
59341.253844 0.000000 0.000000    -3.283516     0.567683 
59341.291455 0.000000 0.000000    -3.242891     0.567684 
59341.329065 0.000000 0.000000    -3.200892     0.567699 
59341.366675 0.000000 0.000000    -3.157555     0.567728 
59341.404285 0.000000 0.000000    -3.112915     0.567772 
59341.441895 0.000000 0.000000    -3.067010     0.567831 
59341.479505 0.000000 0.000000    -3.019877     0.567907 
59341.517116 0.000000 0.000000    -2.971555     0.567999 
59341.554726 0.000000 0.000000    -2.922083     0.568109 
59341.592336 0.000000 0.000000    -2.871501     0.568237 
59341.629946 0.000000 0.000000    -2.819852     0.568383 
59341.667556 0.000000 0.000000    -2.767175     0.568548 
59341.705166 0.000000 0.000000    -2.713514     0.568733 
59341.742777 0.000000 0.000000    -2.658912     0.568938 
59341.780387 0.000000 0.000000    -2.603413     0.569162 
59341.817997 0.000000 0.000000    -2.547061     0.569407 
59341.855607 0.000000 0.000000    -2.489900     0.569673 
59341.893217 0.000000 0.000000    -2.431977     0.569959 
59341.930827 0.000000 0.000000    -2.373336     0.570265 
59341.968437 0.000000 0.000000    -2.314025     0.570592 
59342.006048 0.000000 0.000000    -2.254089     0.570940 
59342.043658 0.000000 0.000000    -2.193577     0.571307 
59342.081268 0.000000 0.000000    -2.132535     0.571695 
59342.118878 0.000000 0.000000    -2.071010     0.572103 
59342.156488 0.000000 0.000000    -2.009051     0.572529 
59342.194098 0.000000 0.000000    -1.946706     0.572975 
59342.231709 0.000000 0.000000    -1.884023     0.573438 
59342.269319 0.000000 0.000000    -1.821050     0.573920 
59342.306929 0.000000 0.000000    -1.757835     0.574418 
59342.344539 0.000000 0.000000    -1.694428     0.574933 
59342.382149 0.000000 0.000000    -1.630876     0.575463 
59342.419759 0.000000 0.000000    -1.567228     0.576007 
59342.457369 0.000000 0.000000    -1.503532     0.576566 
59342.494980 0.000000 0.000000    -1.439837     0.577137 
59342.532590 0.000000 0.000000    -1.376190     0.577720 
59342.570200 0.000000 0.000000    -1.312639     0.578313 
59342.607810 0.000000 0.000000    -1.249233     0.578917 
59342.645420 0.000000 0.000000    -1.186017     0.579528 
59342.683030 0.000000 0.000000    -1.123040     0.580147 
59342.720641 0.000000 0.000000    -1.060348     0.580773 
59342.758251 0.000000 0.000000    -0.997986     0.581403 
59342.795861 0.000000 0.000000    -0.936002     0.582036 
59342.833471 0.000000 0.000000    -0.874441     0.582672 
59342.871081 0.000000 0.000000    -0.813347     0.583310 
59342.908691 0.000000 0.000000    -0.752764     0.583947 
59342.946301 0.000000 0.000000    -0.692738     0.584583 
59342.983912 0.000000 0.000000    -0.633310     0.585216 
59343.021522 0.000000 0.000000    -0.574523     0.585845 
59343.059132 0.000000 0.000000    -0.516420     0.586468 
59343.096742 0.000000 0.000000    -0.459041     0.587086 
59343.134352 0.000000 0.000000    -0.402427     0.587695 
59343.171962 0.000000 0.000000    -0.346618     0.588295 
59343.209573 0.000000 0.000000    -0.291653     0.588885 
59343.247183 0.000000 0.000000    -0.237569     0.589464 
59343.284793 0.000000 0.000000    -0.184404     0.590030 
59343.322403 0.000000 0.000000    -0.132194     0.590582 
59343.360013 0.000000 0.000000    -0.080975     0.591119 
59343.397623 0.000000 0.000000    -0.030781     0.591640 
59343.435234 0.000000 0.000000     0.018355     0.592145 
59343.472844 0.000000 0.000000     0.066399     0.592631 
59343.510454 0.000000 0.000000     0.113321     0.593098 
59343.548064 0.000000 0.000000     0.159089     0.593546 
59343.585674 0.000000 0.000000     0.203675     0.593972 
59343.623284 0.000000 0.000000     0.247050     0.594377 
59343.660894 0.000000 0.000000     0.289187     0.594760 
59343.698505 0.000000 0.000000     0.330060     0.595120 
59343.736115 0.000000 0.000000     0.369643     0.595456 
59343.773725 0.000000 0.000000     0.407914     0.595768 
59343.811335 0.000000 0.000000     0.444849     0.596054 
59343.848945 0.000000 0.000000     0.480427     0.596316 
59343.886555 0.000000 0.000000     0.514628     0.596552 
59343.924166 0.000000 0.000000     0.547432     0.596761 
59343.961776 0.000000 0.000000     0.578823     0.596944 
59343.999386 0.000000 0.000000     0.608783     0.597101 
59344.036996 0.000000 0.000000     0.637298     0.597230 
59344.074606 0.000000 0.000000     0.664353     0.597333 
59344.112216 0.000000 0.000000     0.689935     0.597408 
59344.149826 0.000000 0.000000     0.714034     0.597457 
59344.187437 0.000000 0.000000     0.736639     0.597478 
59344.225047 0.000000 0.000000     0.757742     0.597472 
59344.262657 0.000000 0.000000     0.777334     0.597440 
59344.300267 0.000000 0.000000     0.795410     0.597382 
59344.337877 0.000000 0.000000     0.811964     0.597297 
59344.375487 0.000000 0.000000     0.826994     0.597186 
59344.413098 0.000000 0.000000     0.840496     0.597051 
59344.450708 0.000000 0.000000     0.852470     0.596890 
59344.488318 0.000000 0.000000     0.862916     0.596706 
59344.525928 0.000000 0.000000     0.871836     0.596498 
59344.563538 0.000000 0.000000     0.879232     0.596267 
59344.601148 0.000000 0.000000     0.885109     0.596014 
59344.638758 0.000000 0.000000     0.889473     0.595740 
59344.676369 0.000000 0.000000     0.892329     0.595446 
59344.713979 0.000000 0.000000     0.893686     0.595133 
59344.751589 0.000000 0.000000     0.893554     0.594801 
59344.789199 0.000000 0.000000     0.891943     0.594451 
59344.826809 0.000000 0.000000     0.888864     0.594086 
59344.864419 0.000000 0.000000     0.884330     0.593705 
59344.902030 0.000000 0.000000     0.878356     0.593311 
59344.939640 0.000000 0.000000     0.870958     0.592904 
59344.977250 0.000000 0.000000     0.862151     0.592485 
59345.014860 0.000000 0.000000     0.851953     0.592057 
59345.052470 0.000000 0.000000     0.840383     0.591620 
59345.090080 0.000000 0.000000     0.827462     0.591176 
59345.127691 0.000000 0.000000     0.813209     0.590726 
59345.165301 0.000000 0.000000     0.797648     0.590271 
59345.202911 0.000000 0.000000     0.780802     0.589814 
59345.240521 0.000000 0.000000     0.762694     0.589355 
59345.278131 0.000000 0.000000     0.743350     0.588896 
59345.315741 0.000000 0.000000     0.722797     0.588439 
59345.353351 0.000000 0.000000     0.701061     0.587984 
59345.390962 0.000000 0.000000     0.678170     0.587535 
59345.428572 0.000000 0.000000     0.654154     0.587091 
59345.466182 0.000000 0.000000     0.629043     0.586655 
59345.503792 0.000000 0.000000     0.602867     0.586229 
59345.541402 0.000000 0.000000     0.575658     0.585812 
59345.579012 0.000000 0.000000     0.547449     0.585408 
59345.616623 0.000000 0.000000     0.518272     0.585017 
59345.654233 0.000000 0.000000     0.488162     0.584641 
59345.691843 0.000000 0.000000     0.457152     0.584280 
59345.729453 0.000000 0.000000     0.425280     0.583937 
59345.767063 0.000000 0.000000     0.392579     0.583613 
59345.804673 0.000000 0.000000     0.359088     0.583308 
59345.842283 0.000000 0.000000     0.324843     0.583025 
59345.879894 0.000000 0.000000     0.289881     0.582763 
59345.917504 0.000000 0.000000     0.254242     0.582523 
59345.955114 0.000000 0.000000     0.217963     0.582308 
59345.992724 0.000000 0.000000     0.181084     0.582117 
59346.030334 0.000000 0.000000     0.143644     0.581951 
59346.067944 0.000000 0.000000     0.105683     0.581811 
59346.105555 0.000000 0.000000     0.067241     0.581697 
59346.143165 0.000000 0.000000     0.028359     0.581610 
59346.180775 0.000000 0.000000    -0.010922     0.581551 
59346.218385 0.000000 0.000000    -0.050562     0.581519 
59346.255995 0.000000 0.000000    -0.090520     0.581514 
59346.293605 0.000000 0.000000    -0.130753     0.581537 
59346.331215 0.000000 0.000000    -0.171222     0.581588 
59346.368826 0.000000 0.000000    -0.211883     0.581667 
59346.406436 0.000000 0.000000    -0.252696     0.581773 
59346.444046 0.000000 0.000000    -0.293620     0.581906 
59346.481656 0.000000 0.000000    -0.334612     0.582065 
59346.519266 0.000000 0.000000    -0.375631     0.582251 
59346.556876 0.000000 0.000000    -0.416637     0.582463 
59346.594487 0.000000 0.000000    -0.457587     0.582699 
59346.632097 0.000000 0.000000    -0.498441     0.582960 
59346.669707 0.000000 0.000000    -0.539159     0.583243 
59346.707317 0.000000 0.000000    -0.579699     0.583550 
59346.744927 0.000000 0.000000    -0.620022     0.583878 
59346.782537 0.000000 0.000000    -0.660087     0.584226 
59346.820148 0.000000 0.000000    -0.699856     0.584594 
59346.857758 0.000000 0.000000    -0.739289     0.584980 
59346.895368 0.000000 0.000000    -0.778347     0.585383 
59346.932978 0.000000 0.000000    -0.816993     0.585802 
59346.970588 0.000000 0.000000    -0.855189     0.586235 
59347.008198 0.000000 0.000000    -0.892897     0.586682 
59347.045808 0.000000 0.000000    -0.930081     0.587140 
59347.083419 0.000000 0.000000    -0.966705     0.587610 
59347.121029 0.000000 0.000000    -1.002733     0.588088 
59347.158639 0.000000 0.000000    -1.038132     0.588574 
59347.196249 0.000000 0.000000    -1.072867     0.589067 
59347.233859 0.000000 0.000000    -1.106905     0.589564 
59347.271469 0.000000 0.000000    -1.140214     0.590066 
59347.309080 0.000000 0.000000    -1.172761     0.590569 
59347.346690 0.000000 0.000000    -1.204516     0.591074 
59347.384300 0.000000 0.000000    -1.235449     0.591578 
59347.421910 0.000000 0.000000    -1.265531     0.592081 
59347.459520 0.000000 0.000000    -1.294734     0.592580 
59347.497130 0.000000 0.000000    -1.323029     0.593075 
59347.534740 0.000000 0.000000    -1.350392     0.593565 
59347.572351 0.000000 0.000000    -1.376796     0.594049 
59347.609961 0.000000 0.000000    -1.402217     0.594524 
59347.647571 0.000000 0.000000    -1.426632     0.594991 
59347.685181 0.000000 0.000000    -1.450017     0.595447 
59347.722791 0.000000 0.000000    -1.472353     0.595893 
59347.760401 0.000000 0.000000    -1.493619     0.596327 
59347.798012 0.000000 0.000000    -1.513795     0.596749 
59347.835622 0.000000 0.000000    -1.532864     0.597157 
59347.873232 0.000000 0.000000    -1.550808     0.597550 
59347.910842 0.000000 0.000000    -1.567613     0.597929 
59347.948452 0.000000 0.000000    -1.583263     0.598292 
59347.986062 0.000000 0.000000    -1.597744     0.598640 
59348.023672 0.000000 0.000000    -1.611045     0.598970 
59348.061283 0.000000 0.000000    -1.623155     0.599284 
59348.098893 0.000000 0.000000    -1.634064     0.599580 
59348.136503 0.000000 0.000000    -1.643763     0.599858 
59348.174113 0.000000 0.000000    -1.652244     0.600119 
59348.211723 0.000000 0.000000    -1.659503     0.600361 
59348.249333 0.000000 0.000000    -1.665532     0.600586 
59348.286944 0.000000 0.000000    -1.670330     0.600792 
59348.324554 0.000000 0.000000    -1.673893     0.600980 
59348.362164 0.000000 0.000000    -1.676221     0.601150 
59348.399774 0.000000 0.000000    -1.677313     0.601303 
59348.437384 0.000000 0.000000    -1.677170     0.601438 
59348.474994 0.000000 0.000000    -1.675796     0.601556 
59348.512605 0.000000 0.000000    -1.673194     0.601658 
59348.550215 0.000000 0.000000    -1.669369     0.601743 
59348.587825 0.000000 0.000000    -1.664327     0.601812 
59348.625435 0.000000 0.000000    -1.658076     0.601867 
59348.663045 0.000000 0.000000    -1.650624     0.601906 
59348.700655 0.000000 0.000000    -1.641983     0.601933 
59348.738265 0.000000 0.000000    -1.632162     0.601946 
59348.775876 0.000000 0.000000    -1.621174     0.601947 
59348.813486 0.000000 0.000000    -1.609033     0.601937 
59348.851096 0.000000 0.000000    -1.595754     0.601917 
59348.888706 0.000000 0.000000    -1.581353     0.601887 
59348.926316 0.000000 0.000000    -1.565846     0.601850 
59348.963926 0.000000 0.000000    -1.549252     0.601804 
59349.001537 0.000000 0.000000    -1.531591     0.601753 
59349.039147 0.000000 0.000000    -1.512883     0.601697 
59349.076757 0.000000 0.000000    -1.493150     0.601637 
59349.114367 0.000000 0.000000    -1.472413     0.601574 
59349.151977 0.000000 0.000000    -1.450698     0.601510 
59349.189587 0.000000 0.000000    -1.428029     0.601445 
59349.227197 0.000000 0.000000    -1.404432     0.601382 
59349.264808 0.000000 0.000000    -1.379933     0.601320 
59349.302418 0.000000 0.000000    -1.354561     0.601263 
59349.340028 0.000000 0.000000    -1.328344     0.601209 
59349.377638 0.000000 0.000000    -1.301312     0.601162 
59349.415248 0.000000 0.000000    -1.273495     0.601122 
59349.452858 0.000000 0.000000    -1.244925     0.601090 
59349.490469 0.000000 0.000000    -1.215634     0.601068 
59349.528079 0.000000 0.000000    -1.185656     0.601056 
59349.565689 0.000000 0.000000    -1.155024     0.601056 
59349.603299 0.000000 0.000000    -1.123773     0.601069 
59349.640909 0.000000 0.000000    -1.091938     0.601096 
59349.678519 0.000000 0.000000    -1.059556     0.601138 
59349.716129 0.000000 0.000000    -1.026663     0.601195 
59349.753740 0.000000 0.000000    -0.993296     0.601269 
59349.791350 0.000000 0.000000    -0.959495     0.601361 
59349.828960 0.000000 0.000000    -0.925296     0.601470 
59349.866570 0.000000 0.000000    -0.890740     0.601599 
59349.904180 0.000000 0.000000    -0.855866     0.601747 
59349.941790 0.000000 0.000000    -0.820715     0.601915 
59349.979401 0.000000 0.000000    -0.785326     0.602104 
59350.017011 0.000000 0.000000    -0.749740     0.602313 
59350.054621 0.000000 0.000000    -0.714000     0.602543 
59350.092231 0.000000 0.000000    -0.678146     0.602794 
59350.129841 0.000000 0.000000    -0.642220     0.603067 
59350.167451 0.000000 0.000000    -0.606265     0.603361 
59350.205062 0.000000 0.000000    -0.570323     0.603677 
59350.242672 0.000000 0.000000    -0.534437     0.604013 
59350.280282 0.000000 0.000000    -0.498649     0.604370 
59350.317892 0.000000 0.000000    -0.463001     0.604748 
59350.355502 0.000000 0.000000    -0.427537     0.605146 
59350.393112 0.000000 0.000000    -0.392300     0.605563 
59350.430722 0.000000 0.000000    -0.357333     0.605998 
59350.468333 0.000000 0.000000    -0.322678     0.606452 
59350.505943 0.000000 0.000000    -0.288377     0.606924 
59350.543553 0.000000 0.000000    -0.254474     0.607411 
59350.581163 0.000000 0.000000    -0.221011     0.607915 
59350.618773 0.000000 0.000000    -0.188030     0.608433 
59350.656383 0.000000 0.000000    -0.155573     0.608964 
59350.693994 0.000000 0.000000    -0.123681     0.609507 
59350.731604 0.000000 0.000000    -0.092396     0.610062 
59350.769214 0.000000 0.000000    -0.061759     0.610626 
59350.806824 0.000000 0.000000    -0.031811     0.611199 
59350.844434 0.000000 0.000000    -0.002590     0.611780 
59350.882044 0.000000 0.000000     0.025862     0.612366 
59350.919654 0.000000 0.000000     0.053507     0.612956 
59350.957265 0.000000 0.000000     0.080307     0.613549 
59350.994875 0.000000 0.000000     0.106223     0.614144 
59351.032485 0.000000 0.000000     0.131218     0.614739 
59351.070095 0.000000 0.000000     0.155255     0.615332 
59351.107705 0.000000 0.000000     0.178299     0.615922 
59351.145315 0.000000 0.000000     0.200314     0.616507 
59351.182926 0.000000 0.000000     0.221266     0.617086 
59351.220536 0.000000 0.000000     0.241121     0.617657 
59351.258146 0.000000 0.000000     0.259846     0.618219 
59351.295756 0.000000 0.000000     0.277409     0.618771 
59351.333366 0.000000 0.000000     0.293779     0.619310 
59351.370976 0.000000 0.000000     0.308927     0.619835 
59351.408586 0.000000 0.000000     0.322822     0.620345 
59351.446197 0.000000 0.000000     0.335436     0.620838 
59351.483807 0.000000 0.000000     0.346743     0.621313 
59351.521417 0.000000 0.000000     0.356716     0.621769 
59351.559027 0.000000 0.000000     0.365330     0.622204 
59351.596637 0.000000 0.000000     0.372561     0.622618 
59351.634247 0.000000 0.000000     0.378387     0.623008 
59351.671858 0.000000 0.000000     0.382784     0.623373 
59351.709468 0.000000 0.000000     0.385734     0.623713 
59351.747078 0.000000 0.000000     0.387216     0.624026 
59351.784688 0.000000 0.000000     0.387212     0.624312 
59351.822298 0.000000 0.000000     0.385706     0.624568 
59351.859908 0.000000 0.000000     0.382682     0.624796 
59351.897519 0.000000 0.000000     0.378125     0.624993 
59351.935129 0.000000 0.000000     0.372023     0.625158 
59351.972739 0.000000 0.000000     0.364363     0.625292 
59352.010349 0.000000 0.000000     0.355135     0.625393 
59352.047959 0.000000 0.000000     0.344330     0.625461 
59352.085569 0.000000 0.000000     0.331941     0.625495 
59352.123179 0.000000 0.000000     0.317961     0.625496 
59352.160790 0.000000 0.000000     0.302384     0.625461 
59352.198400 0.000000 0.000000     0.285208     0.625392 
59352.236010 0.000000 0.000000     0.266430     0.625288 
59352.273620 0.000000 0.000000     0.246050     0.625149 
59352.311230 0.000000 0.000000     0.224067     0.624975 
59352.348840 0.000000 0.000000     0.200485     0.624766 
59352.386451 0.000000 0.000000     0.175306     0.624521 
59352.424061 0.000000 0.000000     0.148536     0.624242 
59352.461671 0.000000 0.000000     0.120181     0.623928 
59352.499281 0.000000 0.000000     0.090248     0.623580 
59352.536891 0.000000 0.000000     0.058747     0.623198 
59352.574501 0.000000 0.000000     0.025689     0.622783 
59352.612111 0.000000 0.000000    -0.008914     0.622335 
59352.649722 0.000000 0.000000    -0.045049     0.621855 
59352.687332 0.000000 0.000000    -0.082700     0.621344 
59352.724942 0.000000 0.000000    -0.121852     0.620802 
59352.762552 0.000000 0.000000    -0.162487     0.620232 
59352.800162 0.000000 0.000000    -0.204585     0.619632 
59352.837772 0.000000 0.000000    -0.248125     0.619006 
59352.875383 0.000000 0.000000    -0.293086     0.618353 
59352.912993 0.000000 0.000000    -0.339444     0.617675 
59352.950603 0.000000 0.000000    -0.387175     0.616974 
59352.988213 0.000000 0.000000    -0.436252     0.616251 
59353.025823 0.000000 0.000000    -0.486648     0.615507 
59353.063433 0.000000 0.000000    -0.538335     0.614745 
59353.101043 0.000000 0.000000    -0.591281     0.613965 
59353.138654 0.000000 0.000000    -0.645456     0.613169 
59353.176264 0.000000 0.000000    -0.700827     0.612359 
59353.213874 0.000000 0.000000    -0.757360     0.611538 
59353.251484 0.000000 0.000000    -0.815020     0.610706 
59353.289094 0.000000 0.000000    -0.873771     0.609867 
59353.326704 0.000000 0.000000    -0.933576     0.609021 
59353.364315 0.000000 0.000000    -0.994395     0.608171 
59353.401925 0.000000 0.000000    -1.056189     0.607320 
59353.439535 0.000000 0.000000    -1.118917     0.606469 
59353.477145 0.000000 0.000000    -1.182537     0.605620 
59353.514755 0.000000 0.000000    -1.247006     0.604776 
59353.552365 0.000000 0.000000    -1.312280     0.603939 
59353.589976 0.000000 0.000000    -1.378315     0.603111 
59353.627586 0.000000 0.000000    -1.445063     0.602295 
59353.665196 0.000000 0.000000    -1.512479     0.601493 
59353.702806 0.000000 0.000000    -1.580514     0.600707 
59353.740416 0.000000 0.000000    -1.649120     0.599939 
59353.778026 0.000000 0.000000    -1.718247     0.599192 
59353.815636 0.000000 0.000000    -1.787845     0.598467 
59353.853247 0.000000 0.000000    -1.857864     0.597767 
59353.890857 0.000000 0.000000    -1.928250     0.597094 
59353.928467 0.000000 0.000000    -1.998953     0.596450 
59353.966077 0.000000 0.000000    -2.069919     0.595837 
59354.003687 0.000000 0.000000    -2.141094     0.595257 
59354.041297 0.000000 0.000000    -2.212425     0.594712 
59354.078908 0.000000 0.000000    -2.283855     0.594203 
59354.116518 0.000000 0.000000    -2.355331     0.593732 
59354.154128 0.000000 0.000000    -2.426797     0.593300 
59354.191738 0.000000 0.000000    -2.498196     0.592910 
59354.229348 0.000000 0.000000    -2.569472     0.592561 
59354.266958 0.000000 0.000000    -2.640569     0.592256 
59354.304568 0.000000 0.000000    -2.711429     0.591994 
59354.342179 0.000000 0.000000    -2.781995     0.591778 
59354.379789 0.000000 0.000000    -2.852210     0.591607 
59354.417399 0.000000 0.000000    -2.922016     0.591483 
59354.455009 0.000000 0.000000    -2.991356     0.591405 
59354.492619 0.000000 0.000000    -3.060172     0.591374 
59354.530229 0.000000 0.000000    -3.128406     0.591390 
59354.567840 0.000000 0.000000    -3.196000     0.591453 
59354.605450 0.000000 0.000000    -3.262898     0.591563 
59354.643060 0.000000 0.000000    -3.329040     0.591719 
59354.680670 0.000000 0.000000    -3.394371     0.591920 
59354.718280 0.000000 0.000000    -3.458833     0.592166 
59354.755890 0.000000 0.000000    -3.522369     0.592457 
59354.793500 0.000000 0.000000    -3.584922     0.592791 
59354.831111 0.000000 0.000000    -3.646437     0.593167 
59354.868721 0.000000 0.000000    -3.706858     0.593584 
59354.906331 0.000000 0.000000    -3.766128     0.594040 
59354.943941 0.000000 0.000000    -3.824194     0.594535 
59354.981551 0.000000 0.000000    -3.881001     0.595067 
59355.019161 0.000000 0.000000    -3.936496     0.595633 
59355.056772 0.000000 0.000000    -3.990624     0.596233 
59355.094382 0.000000 0.000000    -4.043333     0.596865 
59355.131992 0.000000 0.000000    -4.094572     0.597526 
59355.169602 0.000000 0.000000    -4.144290     0.598216 
59355.207212 0.000000 0.000000    -4.192436     0.598932 
59355.244822 0.000000 0.000000    -4.238960     0.599671 
59355.282433 0.000000 0.000000    -4.283815     0.600433 
59355.320043 0.000000 0.000000    -4.326951     0.601216 
59355.357653 0.000000 0.000000    -4.368323     0.602016 
59355.395263 0.000000 0.000000    -4.407885     0.602833 
59355.432873 0.000000 0.000000    -4.445592     0.603664 
59355.470483 0.000000 0.000000    -4.481400     0.604508 
59355.508093 0.000000 0.000000    -4.515266     0.605362 
59355.545704 0.000000 0.000000    -4.547149     0.606226 
59355.583314 0.000000 0.000000    -4.577009     0.607096 
59355.620924 0.000000 0.000000    -4.604807     0.607971 
59355.658534 0.000000 0.000000    -4.630504     0.608850 
59355.696144 0.000000 0.000000    -4.654064     0.609731 
59355.733754 0.000000 0.000000    -4.675452     0.610613 
59355.771365 0.000000 0.000000    -4.694633     0.611493 
59355.808975 0.000000 0.000000    -4.711576     0.612372 
59355.846585 0.000000 0.000000    -4.726248     0.613246 
59355.884195 0.000000 0.000000    -4.738620     0.614116 
59355.921805 0.000000 0.000000    -4.748664     0.614980 
59355.959415 0.000000 0.000000    -4.756353     0.615837 
59355.997025 0.000000 0.000000    -4.761661     0.616686 
59356.034636 0.000000 0.000000    -4.764565     0.617527 
59356.072246 0.000000 0.000000    -4.765042     0.618359 
59356.109856 0.000000 0.000000    -4.763072     0.619181 
59356.147466 0.000000 0.000000    -4.758635     0.619993 
59356.185076 0.000000 0.000000    -4.751715     0.620794 
59356.222686 0.000000 0.000000    -4.742294     0.621585 
59356.260297 0.000000 0.000000    -4.730360     0.622365 
59356.297907 0.000000 0.000000    -4.715899     0.623134 
59356.335517 0.000000 0.000000    -4.698900     0.623893 
59356.373127 0.000000 0.000000    -4.679356     0.624641 
59356.410737 0.000000 0.000000    -4.657257     0.625380 
59356.448347 0.000000 0.000000    -4.632599     0.626109 
59356.485957 0.000000 0.000000    -4.605377     0.626829 
59356.523568 0.000000 0.000000    -4.575590     0.627542 
59356.561178 0.000000 0.000000    -4.543236     0.628247 
59356.598788 0.000000 0.000000    -4.508318     0.628945 
59356.636398 0.000000 0.000000    -4.470838     0.629639 
59356.674008 0.000000 0.000000    -4.430801     0.630328 
59356.711618 0.000000 0.000000    -4.388214     0.631015 
59356.749229 0.000000 0.000000    -4.343085     0.631700 
59356.786839 0.000000 0.000000    -4.295425     0.632385 
59356.824449 0.000000 0.000000    -4.245246     0.633072 
59356.862059 0.000000 0.000000    -4.192561     0.633761 
59356.899669 0.000000 0.000000    -4.137385     0.634456 
59356.937279 0.000000 0.000000    -4.079737     0.635157 
59356.974890 0.000000 0.000000    -4.019635     0.635867 
59357.012500 0.000000 0.000000    -3.957100     0.636587 
59357.050110 0.000000 0.000000    -3.892155     0.637319 
59357.087720 0.000000 0.000000    -3.824824     0.638066 
59357.125330 0.000000 0.000000    -3.755133     0.638828 
59357.162940 0.000000 0.000000    -3.683110     0.639609 
59357.200550 0.000000 0.000000    -3.608784     0.640411 
59357.238161 0.000000 0.000000    -3.532187     0.641235 
59357.275771 0.000000 0.000000    -3.453351     0.642083 
59357.313381 0.000000 0.000000    -3.372311     0.642958 
59357.350991 0.000000 0.000000    -3.289103     0.643862 
59357.388601 0.000000 0.000000    -3.203764     0.644796 
59357.426211 0.000000 0.000000    -3.116335     0.645763 
59357.463822 0.000000 0.000000    -3.026855     0.646764 
59357.501432 0.000000 0.000000    -2.935368     0.647801 
59357.539042 0.000000 0.000000    -2.841916     0.648877 
59357.576652 0.000000 0.000000    -2.746547     0.649993 
59357.614262 0.000000 0.000000    -2.649306     0.651149 
59357.651872 0.000000 0.000000    -2.550243     0.652349 
59357.689482 0.000000 0.000000    -2.449406     0.653593 
59357.727093 0.000000 0.000000    -2.346847     0.654883 
59357.764703 0.000000 0.000000    -2.242618     0.656219 
59357.802313 0.000000 0.000000    -2.136774     0.657604 
59357.839923 0.000000 0.000000    -2.029368     0.659036 
59357.877533 0.000000 0.000000    -1.920459     0.660518 
59357.915143 0.000000 0.000000    -1.810103     0.662050 
59357.952754 0.000000 0.000000    -1.698359     0.663632 
59357.990364 0.000000 0.000000    -1.585286     0.665265 
59358.027974 0.000000 0.000000    -1.470946     0.666948 
59358.065584 0.000000 0.000000    -1.355402     0.668682 
59358.103194 0.000000 0.000000    -1.238715     0.670466 
59358.140804 0.000000 0.000000    -1.120950     0.672300 
59358.178414 0.000000 0.000000    -1.002171     0.674183 
59358.216025 0.000000 0.000000    -0.882446     0.676115 
59358.253635 0.000000 0.000000    -0.761840     0.678094 
59358.291245 0.000000 0.000000    -0.640420     0.680120 
59358.328855 0.000000 0.000000    -0.518256     0.682192 
59358.366465 0.000000 0.000000    -0.395417     0.684307 
59358.404075 0.000000 0.000000    -0.271971     0.686465 
59358.441686 0.000000 0.000000    -0.147989     0.688664 
59358.479296 0.000000 0.000000    -0.023542     0.690903 
59358.516906 0.000000 0.000000     0.101298     0.693178 
59358.554516 0.000000 0.000000     0.226459     0.695489 
59358.592126 0.000000 0.000000     0.351871     0.697833 
59358.629736 0.000000 0.000000     0.477458     0.700208 
59358.667347 0.000000 0.000000     0.603150     0.702612 
59358.704957 0.000000 0.000000     0.728871     0.705042 
59358.742567 0.000000 0.000000     0.854549     0.707496 
59358.780177 0.000000 0.000000     0.980110     0.709971 
59358.817787 0.000000 0.000000     1.105480     0.712466 
59358.855397 0.000000 0.000000     1.230585     0.714976 
59358.893007 0.000000 0.000000     1.355350     0.717500 
59358.930618 0.000000 0.000000     1.479703     0.720035 
59358.968228 0.000000 0.000000     1.603568     0.722579 
59359.005838 0.000000 0.000000     1.726873     0.725127 
59359.043448 0.000000 0.000000     1.849543     0.727679 
59359.081058 0.000000 0.000000     1.971505     0.730230 
59359.118668 0.000000 0.000000     2.092686     0.732779 
59359.156279 0.000000 0.000000     2.213013     0.735322 
59359.193889 0.000000 0.000000     2.332413     0.737857 
59359.231499 0.000000 0.000000     2.450814     0.740381 
59359.269109 0.000000 0.000000     2.568145     0.742892 
59359.306719 0.000000 0.000000     2.684335     0.745386 
59359.344329 0.000000 0.000000     2.799312     0.747862 
59359.381939 0.000000 0.000000     2.913008     0.750316 
59359.419550 0.000000 0.000000     3.025352     0.752746 
59359.457160 0.000000 0.000000     3.136277     0.755149 
59359.494770 0.000000 0.000000     3.245714     0.757524 
59359.532380 0.000000 0.000000     3.353597     0.759867 
59359.569990 0.000000 0.000000     3.459859     0.762177 
59359.607600 0.000000 0.000000     3.564435     0.764451 
59359.645211 0.000000 0.000000     3.667261     0.766686 
59359.682821 0.000000 0.000000     3.768274     0.768882 
59359.720431 0.000000 0.000000     3.867411     0.771034 
59359.758041 0.000000 0.000000     3.964611     0.773142 
59359.795651 0.000000 0.000000     4.059814     0.775204 
59359.833261 0.000000 0.000000     4.152962     0.777217 
59359.870871 0.000000 0.000000     4.243996     0.779180 
59359.908482 0.000000 0.000000     4.332860     0.781090 
59359.946092 0.000000 0.000000     4.419499     0.782947 
59359.983702 0.000000 0.000000     4.503859     0.784748 
59360.021312 0.000000 0.000000     4.585889     0.786492 
59360.058922 0.000000 0.000000     4.665535     0.788177 
59360.096532 0.000000 0.000000     4.742750     0.789803 
59360.134143 0.000000 0.000000     4.817485     0.791366 
59360.171753 0.000000 0.000000     4.889693     0.792867 
59360.209363 0.000000 0.000000     4.959330     0.794304 
59360.246973 0.000000 0.000000     5.026351     0.795676 
59360.284583 0.000000 0.000000     5.090715     0.796981 
59360.322193 0.000000 0.000000     5.152382     0.798219 
59360.359804 0.000000 0.000000     5.211313     0.799389 
59360.397414 0.000000 0.000000     5.267471     0.800490 
59360.435024 0.000000 0.000000     5.320820     0.801521 
59360.472634 0.000000 0.000000     5.371328     0.802481 
59360.510244 0.000000 0.000000     5.418963     0.803370 
59360.547854 0.000000 0.000000     5.463695     0.804187 
59360.585464 0.000000 0.000000     5.505496     0.804931 
59360.623075 0.000000 0.000000     5.544339     0.805603 
59360.660685 0.000000 0.000000     5.580201     0.806202 
59360.698295 0.000000 0.000000     5.613058     0.806727 
59360.735905 0.000000 0.000000     5.642891     0.807179 
59360.773515 0.000000 0.000000     5.669679     0.807557 
59360.811125 0.000000 0.000000     5.693408     0.807862 
59360.848736 0.000000 0.000000     5.714061     0.808093 
59360.886346 0.000000 0.000000     5.731625     0.808251 
59360.923956 0.000000 0.000000     5.746091     0.808336 
59360.961566 0.000000 0.000000     5.757448     0.808348 
59360.999176 0.000000 0.000000     5.765690     0.808287 
59361.036786 0.000000 0.000000     5.770811     0.808155 
59361.074396 0.000000 0.000000     5.772809     0.807951 
59361.112007 0.000000 0.000000     5.771682     0.807677 
59361.149617 0.000000 0.000000     5.767431     0.807333 
59361.187227 0.000000 0.000000     5.760060     0.806921 
59361.224837 0.000000 0.000000     5.749572     0.806440 
59361.262447 0.000000 0.000000     5.735975     0.805893 
59361.300057 0.000000 0.000000     5.719277     0.805280 
59361.337668 0.000000 0.000000     5.699489     0.804603 
59361.375278 0.000000 0.000000     5.676624     0.803862 
59361.412888 0.000000 0.000000     5.650697     0.803061 
59361.450498 0.000000 0.000000     5.621724     0.802199 
59361.488108 0.000000 0.000000     5.589723     0.801280 
59361.525718 0.000000 0.000000     5.554715     0.800304 
59361.563328 0.000000 0.000000     5.516722     0.799274 
59361.600939 0.000000 0.000000     5.475770     0.798192 
59361.638549 0.000000 0.000000     5.431882     0.797059 
59361.676159 0.000000 0.000000     5.385089     0.795879 
59361.713769 0.000000 0.000000     5.335419     0.794653 
59361.751379 0.000000 0.000000     5.282904     0.793384 
59361.788989 0.000000 0.000000     5.227578     0.792075 
59361.826600 0.000000 0.000000     5.169476     0.790729 
59361.864210 0.000000 0.000000     5.108634     0.789348 
59361.901820 0.000000 0.000000     5.045092     0.787935 
59361.939430 0.000000 0.000000     0.046479     0.037249 
