# time Tc_folded Tref_folded model 
59318.211098 0.589227 0.171935    -2.235596
59318.265916 0.644045 0.190869    -2.283756
59318.320735 0.698864 0.209803    -2.290561
59318.375553 0.753682 0.228736    -2.254342
59318.430372 0.808500 0.247670    -2.174838
59318.485190 0.863319 0.266603    -2.053313
59318.540009 0.918137 0.285537    -1.892548
59318.594827 0.972956 0.304470    -1.696714
59318.649645 1.027774 0.323404    -1.471121
59318.704464 1.082593 0.342338    -1.221892
59318.759282 1.137411 0.361271    -0.955585
59318.814101 1.192229 0.380205    -0.678837
59318.868919 1.247048 0.399138    -0.398033
59318.923738 1.301866 0.418072    -0.119060
59318.978556 1.356685 0.437006     0.152871
59319.033374 1.411503 0.455939     0.413319
59319.088193 -1.428979 0.474873     0.658638
59319.143011 -1.374161 0.493806     0.885949
59319.197830 -1.319342 0.512740     1.093081
59319.252648 -1.264524 0.531674     1.278486
59319.307467 -1.209705 0.550607     1.441141
59319.362285 -1.154887 0.569541     1.580463
59319.417103 -1.100069 0.588474     1.696216
59319.471922 -1.045250 0.607408     1.788437
59319.526740 -0.990432 0.626341     1.857367
59319.581559 -0.935613 0.645275     1.903398
59319.636377 -0.880795 0.664209     1.927032
59319.691196 -0.825976 0.683142     1.928839
59319.746014 -0.771158 0.702076     1.909441
59319.800832 -0.716340 0.721009     1.869491
59319.855651 -0.661521 0.739943     1.809660
59319.910469 -0.606703 0.758877     1.730639
59319.965288 -0.551884 0.777810     1.633135
59320.020106 -0.497066 0.796744     1.517876
59320.074925 -0.442247 0.815677     1.385629
59320.129743 -0.387429 0.834611     1.237204
59320.184561 -0.332611 0.853545     1.073481
59320.239380 -0.277792 0.872478     0.895433
59320.294198 -0.222974 0.891412     0.704149
59320.349017 -0.168155 0.910345     0.500871
59320.403835 -0.113337 0.929279     0.287028
59320.458654 -0.058518 0.948212     0.064276
59320.513472 -0.003700 0.967146    -0.165456
59320.568290 0.051118 0.986080    -0.399928
59320.623109 0.105937 0.005013    -0.636545
59320.677927 0.160755 0.023947    -0.872324
59320.732746 0.215574 0.042880    -1.103866
59320.787564 0.270392 0.061814    -1.327358
59320.842383 0.325211 0.080748    -1.538590
59320.897201 0.380029 0.099681    -1.733021
59320.952019 0.434847 0.118615    -1.905875
59321.006838 0.489666 0.137548    -2.052304
59321.061656 0.544484 0.156482    -2.167597
59321.116475 0.599303 0.175415    -2.247434
59321.171293 0.654121 0.194349    -2.288175
59321.226112 0.708939 0.213283    -2.287158
59321.280930 0.763758 0.232216    -2.242959
59321.335748 0.818576 0.251150    -2.155591
59321.390567 0.873395 0.270083    -2.026601
59321.445385 0.928213 0.289017    -1.859039
59321.500204 0.983032 0.307951    -1.657308
59321.555022 1.037850 0.326884    -1.426894
59321.609841 1.092668 0.345818    -1.174027
59321.664659 1.147487 0.364751    -0.905306
59321.719477 1.202305 0.383685    -0.627345
59321.774296 1.257124 0.402619    -0.346455
59321.829114 1.311942 0.421552    -0.068408
59321.883933 1.366761 0.440486     0.201723
59321.938751 1.421579 0.459419     0.459640
59321.993569 -1.418903 0.478353     0.701843
59322.048388 -1.364085 0.497286     0.925588
59322.103206 -1.309266 0.516220     1.128826
59322.158025 -1.254448 0.535154     1.310112
59322.212843 -1.199630 0.554087     1.468511
59322.267662 -1.144811 0.573021     1.603509
59322.322480 -1.089993 0.591954     1.714927
59322.377298 -1.035174 0.610888     1.802844
59322.432117 -0.980356 0.629822     1.867532
59322.486935 -0.925537 0.648755     1.909406
59322.541754 -0.870719 0.667689     1.928983
59322.596572 -0.815901 0.686622     1.926845
59322.651391 -0.761082 0.705556     1.903620
59322.706209 -0.706264 0.724489     1.859965
59322.761027 -0.651445 0.743423     1.796555
59322.815846 -0.596627 0.762357     1.714083
59322.870664 -0.541808 0.781290     1.613259
59322.925483 -0.486990 0.800224     1.494820
59322.980301 -0.432172 0.819157     1.359536
59323.035120 -0.377353 0.838091     1.208231
59323.089938 -0.322535 0.857025     1.041799
59323.144756 -0.267716 0.875958     0.861232
59323.199575 -0.212898 0.894892     0.667646
59323.254393 -0.158079 0.913825     0.462312
59323.309212 -0.103261 0.932759     0.246700
59323.364030 -0.048443 0.951693     0.022512
59323.418849 0.006376 0.970626    -0.208269
59323.473667 0.061194 0.989560    -0.443341
59323.528485 0.116013 0.008493    -0.680040
59323.583304 0.170831 0.027427    -0.915307
59323.638122 0.225650 0.046360    -1.145668
59323.692941 0.280468 0.065294    -1.367233
59323.747759 0.335286 0.084228    -1.575727
59323.802578 0.390105 0.103161    -1.766554
59323.857396 0.444923 0.122095    -1.934914
59323.912214 0.499742 0.141028    -2.075966
59323.967033 0.554560 0.159962    -2.185050
59324.021851 0.609379 0.178896    -2.257948
59324.076670 0.664197 0.197829    -2.291181
59324.131488 0.719015 0.216763    -2.282293
59324.186307 0.773834 0.235696    -2.230114
59324.241125 0.828652 0.254630    -2.134933
59324.295943 0.883471 0.273564    -1.998582
59324.350762 0.938289 0.292497    -1.824373
59324.405580 0.993108 0.311431    -1.616932
59324.460399 1.047926 0.330364    -1.381907
59324.515217 1.102744 0.349298    -1.125626
59324.570036 1.157563 0.368231    -0.854716
59324.624854 1.212381 0.387165    -0.575757
59324.679672 1.267200 0.406099    -0.294975
59324.734491 1.322018 0.425032    -0.018024
59324.789309 1.376837 0.443966     0.250160
59324.844128 1.431655 0.462899     0.505428
59324.898946 -1.408827 0.481833     0.744422
59324.953765 -1.354009 0.500767     0.964533
59325.008583 -1.299190 0.519700     1.163828
59325.063401 -1.244372 0.538634     1.340963
59325.118220 -1.189554 0.557567     1.495089
59325.173038 -1.134735 0.576501     1.625758
59325.227857 -1.079917 0.595434     1.732844
59325.282675 -1.025098 0.614368     1.816466
59325.337494 -0.970280 0.633302     1.876926
59325.392312 -0.915461 0.652235     1.914661
59325.447130 -0.860643 0.671169     1.930201
59325.501949 -0.805825 0.690102     1.924139
59325.556767 -0.751006 0.709036     1.897109
59325.611586 -0.696188 0.727970     1.849771
59325.666404 -0.641369 0.746903     1.782805
59325.721223 -0.586551 0.765837     1.696906
59325.776041 -0.531732 0.784770     1.592788
59325.830859 -0.476914 0.803704     1.471194
59325.885678 -0.422096 0.822638     1.332901
59325.940496 -0.367277 0.841571     1.178746
59325.995315 -0.312459 0.860505     1.009639
59326.050133 -0.257640 0.879438     0.826591
59326.104952 -0.202822 0.898372     0.630745
59326.159770 -0.148003 0.917305     0.423405
59326.214588 -0.093185 0.936239     0.206081
59326.269407 -0.038367 0.955173    -0.019476
59326.324225 0.016452 0.974106    -0.251229
59326.379044 0.071270 0.993040    -0.486811
59326.433862 0.126089 0.011973    -0.723488
59326.488681 0.180907 0.030907    -0.958127
59326.543499 0.235726 0.049841    -1.187175
59326.598317 0.290544 0.068774    -1.406668
59326.653136 0.345362 0.087708    -1.612268
59326.707954 0.400181 0.106641    -1.799329
59326.762773 0.454999 0.125575    -1.963030
59326.817591 0.509818 0.144508    -2.098547
59326.872410 0.564636 0.163442    -2.201278
59326.927228 0.619455 0.182376    -2.267120
59326.982046 0.674273 0.201309    -2.292760
59327.036865 0.729091 0.220243    -2.275961
59327.091683 0.783910 0.239176    -2.215811
59327.146502 0.838728 0.258110    -2.112881
59327.201320 0.893547 0.277044    -1.969280
59327.256139 0.948365 0.295977    -1.788582
59327.310957 1.003183 0.314911    -1.575622
59327.365775 1.058002 0.333844    -1.336202
59327.420594 1.112820 0.352778    -1.076731
59327.475412 1.167639 0.371712    -0.803855
59327.530231 1.222457 0.390645    -0.524108
59327.585049 1.277276 0.409579    -0.243626
59327.639868 1.332094 0.428512     0.032061
59327.694686 1.386912 0.447446     0.298158
59327.749504 1.441731 0.466379     0.550664
59327.804323 -1.398751 0.485313     0.786362
59327.859141 -1.343933 0.504247     1.002773
59327.913960 -1.289115 0.523180     1.198080
59327.968778 -1.234296 0.542114     1.371036
59328.023597 -1.179478 0.561047     1.520874
59328.078415 -1.124659 0.579981     1.647209
59328.133233 -1.069841 0.598915     1.749967
59328.188052 -1.015022 0.617848     1.829304
59328.242870 -0.960204 0.636782     1.885551
59328.297689 -0.905386 0.655715     1.919165
59328.352507 -0.850567 0.674649     1.930689
59328.407326 -0.795749 0.693583     1.920724
59328.462144 -0.740930 0.712516     1.889911
59328.516962 -0.686112 0.731450     1.838914
59328.571781 -0.631293 0.750383     1.768415
59328.626599 -0.576475 0.769317     1.679114
59328.681418 -0.521657 0.788250     1.571727
59328.736236 -0.466838 0.807184     1.447003
59328.791054 -0.412020 0.826118     1.305731
59328.845873 -0.357201 0.845051     1.148757
59328.900691 -0.302383 0.863985     0.977008
59328.955510 -0.247564 0.882918     0.791517
59329.010328 -0.192746 0.901852     0.593455
59329.065147 -0.137928 0.920786     0.384161
59329.119965 -0.083109 0.939719     0.165184
59329.174783 -0.028291 0.958653    -0.061674
59329.229602 0.026528 0.977586    -0.294318
59329.284420 0.081346 0.996520    -0.530319
59329.339239 0.136165 0.015453    -0.766869
59329.394057 0.190983 0.034387    -1.000758
59329.448876 0.245801 0.053321    -1.228359
59329.503694 0.300620 0.072254    -1.445635
59329.558512 0.355438 0.091188    -1.648182
59329.613331 0.410257 0.110121    -1.831314
59329.668149 0.465075 0.129055    -1.990194
59329.722968 0.519894 0.147989    -2.120018
59329.777786 0.574712 0.166922    -2.216258
59329.832605 0.629530 0.185856    -2.274931
59329.887423 0.684349 0.204789    -2.292902
59329.942241 0.739167 0.223723    -2.268161
59329.997060 0.793986 0.242657    -2.200059
59330.051878 0.848804 0.261590    -2.089450
59330.106697 0.903623 0.280524    -1.938722
59330.161515 0.958441 0.299457    -1.751698
59330.216334 1.013259 0.318391    -1.533416
59330.271152 1.068078 0.337324    -1.289818
59330.325970 1.122896 0.356258    -1.027384
59330.380789 1.177715 0.375192    -0.752763
59330.435607 1.232533 0.394125    -0.472436
59330.490426 1.287352 0.413059    -0.192441
59330.545244 1.342170 0.431992     0.081819
59330.600063 1.396988 0.450926     0.345695
59330.654881 -1.443494 0.469860     0.595330
59330.709699 -1.388675 0.488793     0.827649
59330.764518 -1.333857 0.507727     1.040299
59330.819336 -1.279039 0.526660     1.231575
59330.874155 -1.224220 0.545594     1.400328
59330.928973 -1.169402 0.564528     1.545864
59330.983792 -1.114583 0.583461     1.667864
59331.038610 -1.059765 0.602395     1.766299
59331.093428 -1.004946 0.621328     1.841363
59331.148247 -0.950128 0.640262     1.893412
59331.203065 -0.895310 0.659195     1.922923
59331.257884 -0.840491 0.678129     1.930450
59331.312702 -0.785673 0.697063     1.916605
59331.367521 -0.730854 0.715996     1.882032
59331.422339 -0.676036 0.734930     1.827399
59331.477157 -0.621217 0.753863     1.753391
59331.531976 -0.566399 0.772797     1.660710
59331.586794 -0.511581 0.791731     1.550080
59331.641613 -0.456762 0.810664     1.422254
59331.696431 -0.401944 0.829598     1.278030
59331.751250 -0.347125 0.848531     1.118268
59331.806068 -0.292307 0.867465     0.943912
59331.860886 -0.237488 0.886398     0.756018
59331.915705 -0.182670 0.905332     0.555785
59331.970523 -0.127852 0.924266     0.344588
59332.025342 -0.073033 0.943199     0.124020
59332.080160 -0.018215 0.962133    -0.104068
59332.134979 0.036604 0.981066    -0.337523
59332.189797 0.091422 0.000000    -0.573846
59332.244615 0.146241 0.018934    -0.810160
59332.299434 0.201059 0.037867    -1.043178
59332.354252 0.255877 0.056801    -1.269196
59332.409071 0.310696 0.075734    -1.484104
59332.463889 0.365514 0.094668    -1.683441
59332.518708 0.420333 0.113602    -1.862480
59332.573526 0.475151 0.132535    -2.016375
59332.628344 0.529970 0.151469    -2.140354
59332.683163 0.584788 0.170402    -2.229966
59332.737981 0.639606 0.189336    -2.281363
59332.792800 0.694425 0.208269    -2.291597
59332.847618 0.749243 0.227203    -2.258891
59332.902437 0.804062 0.246137    -2.182867
59332.957255 0.858880 0.265070    -2.064660
59333.012073 0.913698 0.284004    -1.906934
59333.066892 0.968517 0.302937    -1.713755
59333.121710 1.023335 0.321871    -1.490354
59333.176529 1.078154 0.340805    -1.242797
59333.231347 1.132972 0.359738    -0.977625
59333.286166 1.187791 0.378672    -0.701480
59333.340984 1.242609 0.397605    -0.420777
59333.395802 1.297427 0.416539    -0.141453
59333.450621 1.352246 0.435472     0.131225
59333.505439 1.407064 0.454406     0.392749
59333.560258 -1.433418 0.473340     0.639410
59333.615076 -1.378600 0.492273     0.868269
59333.669895 -1.323781 0.511207     1.077101
59333.724713 -1.268963 0.530140     1.264309
59333.779531 -1.214144 0.549074     1.428833
59333.834350 -1.159326 0.568008     1.570058
59333.889168 -1.104507 0.586941     1.687721
59333.943987 -1.049689 0.605875     1.781841
59333.998805 -0.994871 0.624808     1.852643
59334.053624 -0.940052 0.643742     1.900512
59334.108442 -0.885234 0.662676     1.925938
59334.163260 -0.830415 0.681609     1.929490
59334.218079 -0.775597 0.700543     1.911785
59334.272897 -0.720778 0.719476     1.873474
59334.327716 -0.665960 0.738410     1.815228
59334.382534 -0.611142 0.757343     1.737735
59334.437353 -0.556323 0.776277     1.641700
59334.492171 -0.501505 0.795211     1.527852
59334.546989 -0.446686 0.814144     1.396950
59334.601808 -0.391868 0.833078     1.249803
59334.656626 -0.337049 0.852011     1.087285
59334.711445 -0.282231 0.870945     0.910358
59334.766263 -0.227413 0.889879     0.720102
59334.821082 -0.172594 0.908812     0.517744
59334.875900 -0.117776 0.927746     0.304698
59334.930718 -0.062957 0.946679     0.082601
59334.985537 -0.008139 0.965613    -0.146645
59335.040355 0.046680 0.984547    -0.380825
59335.095174 0.101498 0.003480    -0.617374
59335.149992 0.156316 0.022414    -0.853341
59335.204811 0.211135 0.041347    -1.085363
59335.259629 0.265953 0.060281    -1.309658
59335.314447 0.320772 0.079214    -1.522049
59335.369266 0.375590 0.098148    -1.718015
59335.424084 0.430409 0.117082    -1.892797
59335.478903 0.485227 0.136015    -2.041545
59335.533721 0.540045 0.154949    -2.159527
59335.588540 0.594864 0.173882    -2.242381
59335.643358 0.649682 0.192816    -2.286402
59335.698176 0.704501 0.211750    -2.288837
59335.752995 0.759319 0.230683    -2.248154
59335.807813 0.814138 0.249617    -2.164245
59335.862632 0.868956 0.268550    -2.038531
59335.917450 0.923774 0.287484    -1.873945
59335.972268 0.978593 0.306417    -1.674790
59336.027087 1.033411 0.325351    -1.446474
59336.081905 1.088230 0.344285    -1.195181
59336.136724 1.143048 0.363218    -0.927497
59336.191542 1.197867 0.382152    -0.650043
59336.246361 1.252685 0.401085    -0.369167
59336.301179 1.307503 0.420019    -0.090690
59336.355997 1.362322 0.438953     0.180252
59336.410816 1.417140 0.457886     0.439299
59336.465634 -1.423342 0.476820     0.682886
59336.520453 -1.368524 0.495753     0.908211
59336.575271 -1.313705 0.514687     1.113171
59336.630090 -1.258887 0.533621     1.296274
59336.684908 -1.204068 0.552554     1.456551
59336.739726 -1.149250 0.571488     1.593455
59336.794545 -1.094431 0.590421     1.706783
59336.849363 -1.039613 0.609355     1.796594
59336.904182 -0.984795 0.628288     1.863149
59336.959000 -0.929976 0.647222     1.906853
59337.013819 -0.875158 0.666156     1.928214
59337.068637 -0.820339 0.685089     1.927811
59337.123455 -0.765521 0.704023     1.906270
59337.178274 -0.710702 0.722956     1.864244
59337.233092 -0.655884 0.741890     1.802408
59337.287911 -0.601066 0.760824     1.721453
59337.342729 -0.546247 0.779757     1.622089
59337.397548 -0.491429 0.798691     1.505047
59337.452366 -0.436610 0.817624     1.371098
59337.507184 -0.381792 0.836558     1.221058
59337.562003 -0.326973 0.855492     1.055816
59337.616821 -0.272155 0.874425     0.876354
59337.671640 -0.217337 0.893359     0.683776
59337.726458 -0.162518 0.912292     0.479342
59337.781277 -0.107700 0.931226     0.264502
59337.836095 -0.052881 0.950159     0.040939
59337.890913 0.001937 0.969093    -0.189389
59337.945732 0.056756 0.988027    -0.424208
59338.000550 0.111574 0.006960    -0.660884
59338.055369 0.166392 0.025894    -0.896391
59338.110187 0.221211 0.044827    -1.127288
59338.165006 0.276029 0.063761    -1.349719
59338.219824 0.330848 0.082695    -1.559439
59338.274642 0.385666 0.101628    -1.751873
59338.329461 0.440485 0.120562    -1.922233
59338.384279 0.495303 0.139495    -2.065674
59338.439098 0.550121 0.158429    -2.177511
59338.493916 0.604940 0.177362    -2.253481
59338.548735 0.659758 0.196296    -2.290032
59338.603553 0.714577 0.215230    -2.284617
59338.658371 0.769395 0.234163    -2.235952
59338.713190 0.824213 0.253097    -2.144207
59338.768008 0.879032 0.272030    -2.011085
59338.822827 0.933850 0.290964    -1.839785
59338.877645 0.988669 0.309898    -1.634836
59338.932464 1.043487 0.328831    -1.401817
59338.987282 1.098306 0.347765    -1.147011
59339.042100 1.153124 0.366698    -0.877039
59339.096919 1.207942 0.385632    -0.598493
59339.151737 1.262761 0.404566    -0.317639
59339.206556 1.317579 0.423499    -0.040185
59339.261374 1.372398 0.442433     0.228874
59339.316193 1.427216 0.461366     0.485324
59339.371011 -1.413266 0.480300     0.725743
59339.425829 -1.358448 0.499233     0.947463
59339.480648 -1.303629 0.518167     1.148501
59339.535466 -1.248811 0.537101     1.327468
59339.590285 -1.193992 0.556034     1.483478
59339.645103 -1.139174 0.574968     1.616055
59339.699922 -1.084356 0.593901     1.725049
59339.754740 -1.029537 0.612835     1.810561
59339.809558 -0.974719 0.631769     1.872882
59339.864377 -0.919900 0.650702     1.912439
59339.919195 -0.865082 0.669636     1.929754
59339.974014 -0.810263 0.688569     1.925418
59340.028832 -0.755445 0.707503     1.900062
59340.083651 -0.700627 0.726436     1.854344
59340.138469 -0.645808 0.745370     1.788941
59340.193287 -0.590990 0.764304     1.704549
59340.248106 -0.536171 0.783237     1.601880
59340.302924 -0.481353 0.802171     1.481672
59340.357743 -0.426534 0.821104     1.344701
59340.412561 -0.371716 0.840038     1.191798
59340.467380 -0.316898 0.858972     1.023865
59340.522198 -0.262079 0.877905     0.841906
59340.577016 -0.207261 0.896839     0.647049
59340.631835 -0.152442 0.915772     0.440587
59340.686653 -0.097624 0.934706     0.224010
59340.741472 -0.042805 0.953640    -0.000952
59340.796290 0.012013 0.972573    -0.232286
59340.851109 0.066831 0.991507    -0.467655
59340.905927 0.121650 0.010440    -0.704355
59340.960745 0.176468 0.029374    -0.939285
59341.015564 0.231287 0.048307    -1.168928
59341.070382 0.286105 0.067241    -1.389352
59341.125201 0.340924 0.086175    -1.596246
59341.180019 0.395742 0.105108    -1.784986
59341.234838 0.450560 0.124042    -1.950760
59341.289656 0.505379 0.142975    -2.088734
59341.344474 0.560197 0.161909    -2.194281
59341.399293 0.615016 0.180843    -2.263246
59341.454111 0.669834 0.199776    -2.292241
59341.508930 0.724653 0.218710    -2.278932
59341.563748 0.779471 0.237643    -2.222291
59341.618567 0.834289 0.256577    -2.122766
59341.673385 0.889108 0.275511    -1.982345
59341.728203 0.943926 0.294444    -1.804486
59341.783022 0.998745 0.313378    -1.593933
59341.837840 1.053563 0.332311    -1.356422
59341.892659 1.108382 0.351245    -1.098329
59341.947477 1.163200 0.370178    -0.826292
59342.002296 1.218018 0.389112    -0.546866
59342.057114 1.272837 0.408046    -0.266229
59342.111932 1.327655 0.426979     0.010035
59342.166751 1.382474 0.445913     0.277069
59342.221569 1.437292 0.464846     0.530805
59342.276388 -1.403190 0.483780     0.767966
59342.331206 -1.348372 0.502714     0.986015
59342.386025 -1.293553 0.521647     1.183084
59342.440843 -1.238735 0.540581     1.357884
59342.495661 -1.183916 0.559514     1.509612
59342.550480 -1.129098 0.578448     1.637858
59342.605298 -1.074280 0.597381     1.742522
59342.660117 -1.019461 0.616315     1.823745
59342.714935 -0.964643 0.635249     1.881846
59342.769753 -0.909824 0.654182     1.917273
59342.824572 -0.855006 0.673116     1.930563
59342.879390 -0.800187 0.692049     1.922315
59342.934209 -0.745369 0.710983     1.893166
59342.989027 -0.690551 0.729917     1.843778
59343.043846 -0.635732 0.748850     1.774833
59343.098664 -0.580914 0.767784     1.687027
59343.153482 -0.526095 0.786717     1.581078
59343.208301 -0.471277 0.805651     1.457729
59343.263119 -0.416458 0.824585     1.317766
59343.317938 -0.361640 0.843518     1.162030
59343.372756 -0.306822 0.862452     0.991441
59343.427575 -0.252003 0.881385     0.807022
59343.482393 -0.197185 0.900319     0.609930
59343.537211 -0.142366 0.919252     0.401490
59343.592030 -0.087548 0.938186     0.183234
59343.646848 -0.032729 0.957120    -0.043059
59343.701667 0.022089 0.976053    -0.275321
59343.756485 0.076907 0.994987    -0.511149
59343.811304 0.131726 0.013920    -0.747768
59343.866122 0.186544 0.032854    -0.982002
59343.920940 0.241363 0.051788    -1.210257
59343.975759 0.296181 0.070721    -1.428528
59344.030577 0.351000 0.089655    -1.632440
59344.085396 0.405818 0.108588    -1.817323
59344.140214 0.460636 0.127522    -1.978347
59344.195033 0.515455 0.146455    -2.110698
59344.249851 0.570273 0.165389    -2.209814
59344.304669 0.625092 0.184323    -2.271659
59344.359488 0.679910 0.203256    -2.293017
59344.414306 0.734728 0.222190    -2.271778
59344.469125 0.789547 0.241123    -2.207176
59344.523943 0.844365 0.260057    -2.099941
59344.578762 0.899184 0.278991    -1.952337
59344.633580 0.954002 0.297924    -1.768079
59344.688398 1.008821 0.316858    -1.552117
59344.743217 1.063639 0.335791    -1.310332
59344.798035 1.118457 0.354725    -1.049176
59344.852854 1.173276 0.373659    -0.775297
59344.907672 1.228094 0.392592    -0.495200
59344.962491 1.282913 0.411526    -0.214968
59345.017309 1.337731 0.430459     0.059941
59345.072127 1.392550 0.449393     0.324812
59345.126946 1.447368 0.468326     0.575725
59345.181764 -1.393114 0.487260     0.809542
59345.236583 -1.338296 0.506194     1.023856
59345.291401 -1.283477 0.525127     1.216913
59345.346220 -1.228659 0.544061     1.387520
59345.401038 -1.173841 0.562994     1.534953
59345.455856 -1.119022 0.581928     1.658863
59345.510675 -1.064204 0.600862     1.759202
59345.565493 -1.009385 0.619795     1.836147
59345.620312 -0.954567 0.638729     1.890043
59345.675130 -0.899748 0.657662     1.921359
59345.729949 -0.844930 0.676596     1.930645
59345.784767 -0.790112 0.695530     1.918506
59345.839585 -0.735293 0.714463     1.885587
59345.894404 -0.680475 0.733397     1.832552
59345.949222 -0.625656 0.752330     1.760088
59346.004041 -0.570838 0.771264     1.668893
59346.058859 -0.516019 0.790197     1.559688
59346.113678 -0.461201 0.809131     1.433226
59346.168496 -0.406383 0.828065     1.290298
59346.223314 -0.351564 0.846998     1.131760
59346.278133 -0.296746 0.865932     0.958549
59346.332951 -0.241927 0.884865     0.771709
59346.387770 -0.187109 0.903799     0.572426
59346.442588 -0.132290 0.922733     0.362061
59346.497407 -0.077472 0.941666     0.142186
59346.552225 -0.022654 0.960600    -0.085369
59346.607043 0.032165 0.979533    -0.318477
59346.661862 0.086983 0.998467    -0.554670
59346.716680 0.141802 0.017400    -0.791101
59346.771499 0.196620 0.036334    -1.024518
59346.826317 0.251439 0.055268    -1.251250
59346.881136 0.306257 0.074201    -1.467220
59346.935954 0.361075 0.093135    -1.667991
59346.990772 0.415894 0.112068    -1.848854
59347.045591 0.470712 0.131002    -2.004964
59347.100409 0.525531 0.149936    -2.131537
59347.155228 0.580349 0.168869    -2.224085
59347.210046 0.635168 0.187803    -2.278700
59347.264865 0.689986 0.206736    -2.292350
59347.319683 0.744804 0.225670    -2.263156
59347.374501 0.799623 0.244604    -2.190617
59347.429320 0.854441 0.263537    -2.075747
59347.484138 0.909260 0.282471    -1.921087
59347.538957 0.964078 0.301404    -1.730599
59347.593775 1.018897 0.320338    -1.509427
59347.648594 1.073715 0.339271    -1.263587
59347.703412 1.128533 0.358205    -0.999594
59347.758230 1.183352 0.377139    -0.724093
59347.813049 1.238170 0.396072    -0.443531
59347.867867 1.292989 0.415006    -0.163889
59347.922686 1.347807 0.433939     0.109505
59347.977504 1.402626 0.452873     0.372081
59348.032323 -1.437857 0.471807     0.620065
59348.087141 -1.383038 0.490740     0.850457
59348.141959 -1.328220 0.509674     1.060978
59348.196778 -1.273401 0.528607     1.249983
59348.251596 -1.218583 0.547541     1.416372
59348.306415 -1.163765 0.566475     1.559497
59348.361233 -1.108946 0.585408     1.679071
59348.416052 -1.054128 0.604342     1.775091
59348.470870 -0.999309 0.623275     1.847770
59348.525688 -0.944491 0.642209     1.897478
59348.580507 -0.889672 0.661142     1.924701
59348.635325 -0.834854 0.680076     1.930002
59348.690144 -0.780036 0.699010     1.913995
59348.744962 -0.725217 0.717943     1.877327
59348.799781 -0.670399 0.736877     1.820670
59348.854599 -0.615580 0.755810     1.744709
59348.909417 -0.560762 0.774744     1.650149
59348.964236 -0.505943 0.793678     1.537715
59349.019054 -0.451125 0.812611     1.408165
59349.073873 -0.396307 0.831545     1.262302
59349.128691 -0.341488 0.850478     1.100994
59349.183510 -0.286670 0.869412     0.925196
59349.238328 -0.231851 0.888345     0.735975
59349.293146 -0.177033 0.907279     0.534548
59349.347965 -0.122214 0.926213     0.322310
59349.402783 -0.067396 0.945146     0.100878
59349.457602 -0.012578 0.964080    -0.127867
59349.512420 0.042241 0.983013    -0.361738
59349.567239 0.097059 0.001947    -0.598200
59349.622057 0.151878 0.020881    -0.834334
59349.676875 0.206696 0.039814    -1.066810
59349.731694 0.261515 0.058748    -1.291881
59349.786512 0.316333 0.077681    -1.505400
59349.841331 0.371151 0.096615    -1.702871
59349.896149 0.425970 0.115549    -1.879548
59349.950967 0.480788 0.134482    -2.030583
59350.005786 0.535607 0.153416    -2.151225
59350.060604 0.590425 0.172349    -2.237072
59350.115423 0.645243 0.191283    -2.284355
59350.170241 0.700062 0.210216    -2.290233
59350.225060 0.754880 0.229150    -2.253065
59350.279878 0.809699 0.248084    -2.172624
59350.334696 0.864517 0.267017    -2.050205
59350.389515 0.919336 0.285951    -1.888624
59350.444333 0.974154 0.304884    -1.692079
59350.499152 1.028972 0.323818    -1.465902
59350.553970 1.083791 0.342752    -1.216228
59350.608789 1.138609 0.361685    -0.949623
59350.663607 1.193428 0.380619    -0.672719
59350.718425 1.248246 0.399552    -0.391895
59350.773244 1.303065 0.418486    -0.113023
59350.828062 1.357883 0.437419     0.158702
59350.882881 1.412701 0.456353     0.418856
59350.937699 -1.427781 0.475287     0.663808
59350.992518 -1.372962 0.494220     0.890699
59351.047336 -1.318144 0.513154     1.097371
59351.102154 -1.263326 0.532087     1.282287
59351.156973 -1.208507 0.551021     1.444438
59351.211791 -1.153689 0.569955     1.583246
59351.266610 -1.098870 0.588888     1.698483
59351.321428 -1.044052 0.607822     1.790192
59351.376247 -0.989233 0.626755     1.858616
59351.431065 -0.934415 0.645689     1.904153
59351.485883 -0.879597 0.664623     1.927302
59351.540702 -0.824778 0.683556     1.928639
59351.595520 -0.769960 0.702490     1.908785
59351.650339 -0.715141 0.721423     1.868393
59351.705157 -0.660323 0.740357     1.808135
59351.759976 -0.605504 0.759290     1.728703
59351.814794 -0.550686 0.778224     1.630802
59351.869612 -0.495868 0.797158     1.515164
59351.924431 -0.441049 0.816091     1.382554
59351.979249 -0.386231 0.835025     1.233785
59352.034068 -0.331412 0.853958     1.069739
59352.088886 -0.276594 0.872892     0.891389
59352.143705 -0.221775 0.891826     0.699829
59352.198523 -0.166957 0.910759     0.496303
59352.253341 -0.112139 0.929693     0.282247
59352.308160 -0.057320 0.948626     0.059321
59352.362978 -0.002502 0.967560    -0.170539
59352.417797 0.052317 0.986494    -0.405088
59352.472615 0.107135 0.005427    -0.641720
59352.527434 0.161954 0.024361    -0.877444
59352.582252 0.216772 0.043294    -1.108852
59352.637070 0.271590 0.062228    -1.332122
59352.691889 0.326409 0.081161    -1.543037
59352.746707 0.381227 0.100095    -1.737048
59352.801526 0.436046 0.119029    -1.909376
59352.856344 0.490864 0.137962    -2.055174
59352.911163 0.545683 0.156896    -2.169736
59352.965981 0.600501 0.175829    -2.248754
59353.020799 0.655319 0.194763    -2.288607
59353.075618 0.710138 0.213697    -2.286656
59353.130436 0.764956 0.232630    -2.241508
59353.185255 0.819775 0.251564    -2.153208
59353.240073 0.874593 0.270497    -2.023336
59353.294892 0.929412 0.289431    -1.854976
59353.349710 0.984230 0.308364    -1.652556
59353.404528 1.039048 0.327298    -1.421583
59353.459347 1.093867 0.346232    -1.168297
59353.514165 1.148685 0.365165    -0.899305
59353.568984 1.203504 0.384099    -0.621214
59353.623802 1.258322 0.403032    -0.340327
59353.678621 1.313141 0.421966    -0.062401
59353.733439 1.367959 0.440900     0.207506
59353.788257 1.422777 0.459833     0.465114
59353.843076 -1.417705 0.478767     0.706940
59353.897894 -1.362886 0.497700     0.930257
59353.952713 -1.308068 0.516634     1.133028
59354.007531 -1.253250 0.535568     1.313821
59354.062350 -1.198431 0.554501     1.471713
59354.117168 -1.143613 0.573435     1.606197
59354.171986 -1.088794 0.592368     1.717100
59354.226805 -1.033976 0.611302     1.804505
59354.281623 -0.979157 0.630235     1.868689
59354.336442 -0.924339 0.649169     1.910071
59354.391260 -0.869521 0.668103     1.929166
59354.446079 -0.814702 0.687036     1.926560
59354.500897 -0.759884 0.705970     1.902882
59354.555715 -0.705065 0.724903     1.858787
59354.610534 -0.650247 0.743837     1.794953
59354.665352 -0.595428 0.762771     1.712072
59354.720171 -0.540610 0.781704     1.610856
59354.774989 -0.485792 0.800638     1.492040
59354.829808 -0.430973 0.819571     1.356396
59354.884626 -0.376155 0.838505     1.204751
59354.939444 -0.321336 0.857438     1.037999
59354.994263 -0.266518 0.876372     0.857135
59355.049081 -0.211699 0.895306     0.663277
59355.103900 -0.156881 0.914239     0.457703
59355.158718 -0.102063 0.933173     0.241884
59355.213537 -0.047244 0.952106     0.017530
59355.268355 0.007574 0.971040    -0.213371
59355.323173 0.062393 0.989974    -0.448509
59355.377992 0.117211 0.008907    -0.685211
59355.432810 0.172030 0.027841    -0.920409
59355.487629 0.226848 0.046774    -1.150621
59355.542447 0.281666 0.065708    -1.371947
59355.597266 0.336485 0.084642    -1.580105
59355.652084 0.391303 0.103575    -1.770493
59355.706902 0.446122 0.122509    -1.938307
59355.761721 0.500940 0.141442    -2.078709
59355.816539 0.555758 0.160376    -2.187045
59355.871358 0.610577 0.179309    -2.259110
59355.926176 0.665395 0.198243    -2.291444
59355.980995 0.720214 0.217177    -2.281617
59356.035813 0.775032 0.236110    -2.228489
59356.090631 0.829851 0.255044    -2.132383
59356.145450 0.884669 0.273977    -1.995164
59356.200268 0.939487 0.292911    -1.820175
59356.255087 0.994306 0.311845    -1.612067
59356.309905 1.049124 0.330778    -1.376508
59356.364724 1.103943 0.349712    -1.119836
59356.419542 1.158761 0.368645    -0.848681
59356.474360 1.213580 0.387579    -0.569616
59356.529179 1.268398 0.406513    -0.288860
59356.583997 1.323216 0.425446    -0.012051
59356.638816 1.378035 0.444380     0.255892
59356.693634 1.432853 0.463313     0.510837
59356.748452 -1.407629 0.482247     0.749444
59356.803271 -1.352811 0.501180     0.969118
59356.858089 -1.297992 0.520114     1.167941
59356.912908 -1.243174 0.539048     1.344581
59356.967726 -1.188355 0.557981     1.498197
59357.022545 -1.133537 0.576915     1.628351
59357.077363 -1.078718 0.595848     1.734922
59357.132181 -1.023900 0.614782     1.818033
59357.187000 -0.969082 0.633716     1.877992
59357.241818 -0.914263 0.652649     1.915236
59357.296637 -0.859445 0.671583     1.930297
59357.351455 -0.804626 0.690516     1.923770
59357.406274 -0.749808 0.709450     1.896288
59357.461092 -0.694989 0.728383     1.848514
59357.515910 -0.640171 0.747317     1.781127
59357.570729 -0.585353 0.766251     1.694822
59357.625547 -0.530534 0.785184     1.590314
59357.680366 -0.475716 0.804118     1.468346
59357.735184 -0.420897 0.823051     1.329698
59357.790003 -0.366079 0.841985     1.175206
59357.844821 -0.311260 0.860919     1.005783
59357.899639 -0.256442 0.879852     0.822442
59357.954458 -0.201624 0.898786     0.626330
59358.009276 -0.146805 0.917719     0.418755
59358.064095 -0.091987 0.936653     0.201232
59358.118913 -0.037168 0.955587    -0.024484
59358.173732 0.017650 0.974520    -0.256347
59358.228550 0.072469 0.993454    -0.491984
59358.283368 0.127287 0.012387    -0.728652
59358.338187 0.182105 0.031321    -0.963207
59358.393005 0.236924 0.050254    -1.192090
59358.447824 0.291742 0.069188    -1.411328
59358.502642 0.346561 0.088122    -1.616572
59358.557461 0.401379 0.107055    -1.803175
59358.612279 0.456198 0.125989    -1.966311
59358.667097 0.511016 0.144922    -2.101159
59358.721916 0.565834 0.163856    -2.203125
59358.776734 0.620653 0.182790    -2.268121
59358.831553 0.675471 0.201723    -2.292852
59358.886371 0.730290 0.220657    -2.275111
59358.941190 0.785108 0.239590    -2.214013
59358.996008 0.839927 0.258524    -2.110166
59359.050826 0.894745 0.277458    -1.965711
59359.105645 0.949563 0.296391    -1.784252
59359.160463 1.004382 0.315325    -1.570648
59359.215282 1.059200 0.334258    -1.330720
59359.270100 1.114019 0.353192    -1.070885
59359.324919 1.168837 0.372125    -0.797790
59359.379737 1.223656 0.391059    -0.517963
59359.434555 1.278474 0.409993    -0.237529
59359.489374 1.333292 0.428926     0.037996
59359.544192 1.388111 0.447860     0.303837
59359.599011 1.442929 0.466793     0.556007
59359.653829 -1.397553 0.485727     0.791307
59359.708648 -1.342735 0.504661     1.007274
59359.763466 -1.287916 0.523594     1.202103
59359.818284 -1.233098 0.542528     1.374561
59359.873103 -1.178279 0.561461     1.523887
59359.927921 -1.123461 0.580395     1.649708
59359.982740 -1.068642 0.599328     1.751951
59360.037558 -1.013824 0.618262     1.830779
59360.092377 -0.959006 0.637196     1.886526
59360.147195 -0.904187 0.656129     1.919651
59360.202013 -0.849369 0.675063     1.930698
59360.256832 -0.794550 0.693996     1.920271
59360.311650 -0.739732 0.712930     1.889010
59360.366469 -0.684913 0.731864     1.837579
59360.421287 -0.630095 0.750797     1.766662
59360.476106 -0.575277 0.769731     1.676957
59360.530924 -0.520458 0.788664     1.569183
59360.585742 -0.465640 0.807598     1.444089
59360.640561 -0.410821 0.826532     1.302464
59360.695379 -0.356003 0.845465     1.145157
59360.750198 -0.301184 0.864399     0.973096
59360.805016 -0.246366 0.883332     0.787318
59360.859835 -0.191548 0.902266     0.588994
59360.914653 -0.136729 0.921199     0.379471
59360.969471 -0.081911 0.940133     0.160302
59361.024290 -0.027092 0.959067    -0.066706
59361.079108 0.027726 0.978000    -0.299451
59361.133927 0.082545 0.996934    -0.535495
59361.188745 0.137363 0.015867    -0.772022
59361.243564 0.192181 0.034801    -1.005815
59361.298382 0.247000 0.053735    -1.233235
59361.353200 0.301818 0.072668    -1.450237
59361.408019 0.356637 0.091602    -1.652411
59361.462837 0.411455 0.110535    -1.835065
59361.517656 0.466273 0.129469    -1.993360
59361.572474 0.521092 0.148402    -2.122497
59361.627293 0.575910 0.167336    -2.217955
59361.682111 0.630729 0.186270    -2.275768
59361.736929 0.685547 0.205203    -2.292822
59361.791748 0.740366 0.224137    -2.267136
59361.846566 0.795184 0.243070    -2.198089
59361.901385 0.850002 0.262004    -2.086572
59361.956203 0.904821 0.280938    -1.935005
59362.011022 0.959639 0.299871    -1.747240
59362.065840 1.014458 0.318805    -1.528339
59362.120658 1.069276 0.337738    -1.284258
59362.175477 1.124095 0.356672    -1.021487
59362.230295 1.178913 0.375606    -0.746673
59362.285114 1.233731 0.394539    -0.466291
59362.339932 1.288550 0.413473    -0.186366
59362.394751 1.343368 0.432406     0.087714
59362.449569 1.398187 0.451340     0.351317
59362.504387 -1.442296 0.470273     0.600604
59362.559206 -1.387477 0.489207     0.832515
59362.614024 -1.332659 0.508141     1.044714
59362.668843 -1.277840 0.527074     1.235509
59362.723661 -1.223022 0.546008     1.403759
59362.778480 -1.168203 0.564941     1.548783
59362.833298 -1.113385 0.583875     1.670267
59362.888116 -1.058567 0.602809     1.768189
59362.942935 -1.003748 0.621742     1.842745
59362.997753 -0.948930 0.640676     1.894297
59363.052572 -0.894111 0.659609     1.923320
59363.107390 -0.839293 0.678543     1.930374
59363.162209 -0.784474 0.697477     1.916068
59363.217027 -0.729656 0.716410     1.881049
59363.271845 -0.674838 0.735344     1.825985
59363.326664 -0.620019 0.754277     1.751562
59363.381482 -0.565201 0.773211     1.658481
59363.436301 -0.510382 0.792144     1.547467
59363.491119 -0.455564 0.811078     1.419273
59363.545938 -0.400745 0.830012     1.274700
59363.600756 -0.345927 0.848945     1.114609
59363.655574 -0.291109 0.867879     0.939945
59363.710393 -0.236290 0.886812     0.751768
59363.765211 -0.181472 0.905746     0.551280
59363.820030 -0.126653 0.924680     0.339860
59363.874848 -0.071835 0.943613     0.119107
59363.929666 -0.017016 0.962547    -0.109123
59363.984485 0.037802 0.981480    -0.342668
59364.039303 0.092620 0.000414    -0.579023
59364.094122 0.147439 0.019347    -0.815302
59364.148940 0.202257 0.038281    -1.048208
59364.203759 0.257076 0.057215    -1.274028
59364.258577 0.311894 0.076148    -1.488645
59364.313395 0.366713 0.095082    -1.687590
59364.368214 0.421531 0.114015    -1.866131
59364.423032 0.476349 0.132949    -2.019422
59364.477851 0.531168 0.151883    -2.142696
59364.532669 0.585986 0.170816    -2.231511
59364.587488 0.640805 0.189750    -2.282036
59364.642306 0.695623 0.208683    -2.291345
59364.697124 0.750442 0.227617    -2.257691
59364.751943 0.805260 0.246551    -2.180726
59364.806761 0.860078 0.265484    -2.061622
59364.861580 0.914897 0.284418    -1.903073
59364.916398 0.969715 0.303351    -1.709174
59364.971217 1.024534 0.322285    -1.485177
59365.026035 1.079352 0.341218    -1.237164
59365.080853 1.134171 0.360152    -0.971682
59365.135672 1.188989 0.379086    -0.695369
59365.190490 1.243807 0.398019    -0.414636
59365.245309 1.298626 0.416953    -0.135403
59365.300127 1.353444 0.435886     0.137076
59365.354946 1.408263 0.454820     0.398312
59365.409764 -1.432220 0.473754     0.644612
59365.464582 -1.377401 0.492687     0.873055
59365.519401 -1.322583 0.511621     1.081429
59365.574219 -1.267764 0.530554     1.268151
59365.629038 -1.212946 0.549488     1.432171
59365.683856 -1.158127 0.568421     1.572882
59365.738675 -1.103309 0.587355     1.690030
59365.793493 -1.048491 0.606289     1.783636
59365.848311 -0.993672 0.625222     1.853933
59365.903130 -0.938854 0.644156     1.901306
59365.957948 -0.884035 0.663089     1.926247
59366.012767 -0.829217 0.682023     1.929328
59366.067585 -0.774398 0.700957     1.911166
59366.122404 -0.719580 0.719890     1.872412
59366.177222 -0.664762 0.738824     1.813737
59366.232040 -0.609943 0.757757     1.735831
59366.286859 -0.555125 0.776691     1.639399
59366.341677 -0.500306 0.795625     1.525170
59366.396496 -0.445488 0.814558     1.393904
59366.451314 -0.390669 0.833492     1.246412
59366.506133 -0.335851 0.852425     1.083568
59366.560951 -0.281033 0.871359     0.906337
59366.615769 -0.226214 0.890292     0.715803
59366.670588 -0.171396 0.909226     0.513196
59366.725406 -0.116577 0.928160     0.299934
59366.780225 -0.061759 0.947093     0.077658
59366.835043 -0.006940 0.966027    -0.151720
59366.889862 0.047878 0.984960    -0.385981
59366.944680 0.102696 0.003894    -0.622550
59366.999498 0.157515 0.022828    -0.858469
59367.054317 0.212333 0.041761    -1.090363
59367.109135 0.267152 0.060695    -1.314444
59367.163954 0.321970 0.079628    -1.526525
59367.218772 0.376789 0.098562    -1.722080
59367.273591 0.431607 0.117496    -1.896344
59367.328409 0.486425 0.136429    -2.044469
59367.383227 0.541244 0.155363    -2.161728
59367.438046 0.596062 0.174296    -2.243770
59367.492864 0.650881 0.193230    -2.286908
59367.547683 0.705699 0.212163    -2.288412
59367.602501 0.760517 0.231097    -2.246780
59367.657320 0.815336 0.250031    -2.161936
59367.712138 0.870154 0.268964    -2.035335
59367.766956 0.924973 0.287898    -1.869943
59367.821775 0.979791 0.306831    -1.670089
59367.876593 1.034610 0.325765    -1.441203
59367.931412 1.089428 0.344699    -1.189480
59367.986230 1.144246 0.363632    -0.921512
59368.041049 1.199065 0.382566    -0.643918
59368.095867 1.253883 0.401499    -0.363034
59368.150685 1.308702 0.420433    -0.084670
59368.205504 1.363520 0.439366     0.186056
59368.260322 1.418339 0.458300     0.444800
59368.315141 -1.422144 0.477234     0.688015
59368.369959 -1.367325 0.496167     0.912915
59368.424778 -1.312507 0.515101     1.117411
59368.479596 -1.257688 0.534034     1.300025
59368.534414 -1.202870 0.552968     1.459795
59368.589233 -1.148052 0.571902     1.596185
59368.644051 -1.093233 0.590835     1.708997
59368.698870 -1.038415 0.609769     1.798296
59368.753688 -0.983596 0.628702     1.864347
59368.808507 -0.928778 0.647636     1.907557
59368.863325 -0.873959 0.666570     1.928436
59368.918143 -0.819141 0.685503     1.927564
59368.972962 -0.764323 0.704437     1.905568
59369.027780 -0.709504 0.723370     1.863101
59369.082599 -0.654686 0.742304     1.800840
59369.137417 -0.599867 0.761237     1.719475
59369.192236 -0.545049 0.780171     1.619716
59369.247054 -0.490230 0.799105     1.502297
59369.301872 -0.435412 0.818038     1.367987
59369.356691 -0.380594 0.836972     1.217604
59369.411509 -0.325775 0.855905     1.052041
59369.466328 -0.270957 0.874839     0.872280
59369.521146 -0.216138 0.893773     0.679429
59369.575965 -0.161320 0.912706     0.474751
59369.630783 -0.106501 0.931640     0.259701
59369.685601 -0.051683 0.950573     0.035969
59369.740420 0.003135 0.969507    -0.194483
59369.795238 0.057954 0.988441    -0.429373
59369.850057 0.112772 0.007374    -0.666057
59369.904875 0.167591 0.026308    -0.901501
59369.959694 0.222409 0.045241    -1.132256
59370.014512 0.277228 0.064175    -1.354456
59370.069330 0.332046 0.083108    -1.563848
59370.124149 0.386864 0.102042    -1.755851
59370.178967 0.441683 0.120976    -1.925674
59370.233786 0.496501 0.139909    -2.068473
59370.288604 0.551320 0.158843    -2.179569
59370.343423 0.606138 0.177776    -2.254713
59370.398241 0.660957 0.196710    -2.290369
59370.453059 0.715775 0.215644    -2.284018
59370.507878 0.770593 0.234577    -2.234404
59370.562696 0.825412 0.253511    -2.141730
59370.617515 0.880230 0.272444    -2.007734
59370.672333 0.935049 0.291378    -1.835646
59370.727151 0.989867 0.310311    -1.630021
59370.781970 1.044686 0.329245    -1.396456
59370.836788 1.099504 0.348179    -1.141247
59370.891607 1.154322 0.367112    -0.871018
59370.946425 1.209141 0.386046    -0.592356
59371.001244 1.263959 0.404979    -0.311518
59371.056062 1.318778 0.423913    -0.034196
59371.110880 1.373596 0.442847     0.234629
59371.165699 1.428415 0.461780     0.490762
59371.220517 -1.412068 0.480714     0.730798
59371.275336 -1.357249 0.499647     0.952085
59371.330154 -1.302431 0.518581     1.152653
59371.384973 -1.247612 0.537515     1.331126
59371.439791 -1.192794 0.556448     1.486628
59371.494609 -1.137976 0.575382     1.618690
59371.549428 -1.083157 0.594315     1.727169
59371.604246 -1.028339 0.613249     1.812170
59371.659065 -0.973520 0.632182     1.873988
59371.713883 -0.918702 0.651116     1.913053
59371.768702 -0.863883 0.670050     1.929889
59371.823520 -0.809065 0.688983     1.925087
59371.878338 -0.754247 0.707917     1.899278
59371.933157 -0.699428 0.726850     1.853122
59371.987975 -0.644610 0.745784     1.787297
59372.042794 -0.589791 0.764718     1.702497
59372.097612 -0.534973 0.783651     1.599437
59372.152431 -0.480154 0.802585     1.478854
59372.207249 -0.425336 0.821518     1.341526
59372.262067 -0.370518 0.840452     1.188284
59372.316886 -0.315699 0.859385     1.020034
59372.371704 -0.260881 0.878319     0.837780
59372.426523 -0.206062 0.897253     0.642655
59372.481341 -0.151244 0.916186     0.435955
59372.536160 -0.096425 0.935120     0.219175
59372.590978 -0.041607 0.954053    -0.005949
59372.645796 0.013211 0.972987    -0.237398
59372.700615 0.068030 0.991921    -0.472826
59372.755433 0.122848 0.010854    -0.709522
59372.810252 0.177667 0.029788    -0.944375
59372.865070 0.232485 0.048721    -1.173860
59372.919889 0.287304 0.067655    -1.394036
59372.974707 0.342122 0.086589    -1.600583
59373.029525 0.396940 0.105522    -1.788873
59373.084344 0.451759 0.124456    -1.954091
59373.139162 0.506577 0.143389    -2.091404
59373.193981 0.561396 0.162323    -2.196194
59373.248799 0.616214 0.181256    -2.264318
59373.303618 0.671032 0.200190    -2.292409
59373.358436 0.725851 0.219124    -2.278158
59373.413254 0.780669 0.238057    -2.220569
59373.468073 0.835488 0.256991    -2.120124
59373.522891 0.890306 0.275924    -1.978842
59373.577710 0.945125 0.294858    -1.800213
59373.632528 0.999943 0.313792    -1.589007
59373.687347 1.054761 0.332725    -1.350977
59373.742165 1.109580 0.351659    -1.092507
59373.796983 1.164398 0.370592    -0.820239
59373.851802 1.219217 0.389526    -0.540723
59373.906620 1.274035 0.408460    -0.260124
59373.961439 1.328854 0.427393     0.015987
59374.016257 1.383672 0.446327     0.282771
59374.071076 1.438490 0.465260     0.536178
59374.125894 -1.401992 0.484194     0.772945
