# time Tc_folded Tref_folded model model_err 
59318.211098 0.000000 0.000000    -6.143790     0.800900 
59318.265916 0.000000 0.000000    -6.163340     0.801099 
59318.320735 0.000000 0.000000    -6.182783     0.801308 
59318.375553 0.000000 0.000000    -6.202062     0.801528 
59318.430372 0.000000 0.000000    -6.221123     0.801758 
59318.485190 0.000000 0.000000    -6.239906     0.801997 
59318.540009 0.000000 0.000000    -6.258355     0.802246 
59318.594827 0.000000 0.000000    -6.276411     0.802504 
59318.649645 0.000000 0.000000    -6.294016     0.802772 
59318.704464 0.000000 0.000000    -6.311113     0.803048 
59318.759282 0.000000 0.000000    -6.327642     0.803332 
59318.814101 0.000000 0.000000    -6.343546     0.803624 
59318.868919 0.000000 0.000000    -6.358766     0.803924 
59318.923738 0.000000 0.000000    -6.373245     0.804230 
59318.978556 0.000000 0.000000    -6.386926     0.804542 
59319.033374 0.000000 0.000000    -6.399751     0.804860 
59319.088193 0.000000 0.000000    -6.411666     0.805183 
59319.143011 0.000000 0.000000    -6.422615     0.805510 
59319.197830 0.000000 0.000000    -6.432544     0.805841 
59319.252648 0.000000 0.000000    -6.441398     0.806175 
59319.307467 0.000000 0.000000    -6.449127     0.806510 
59319.362285 0.000000 0.000000    -6.455679     0.806848 
59319.417103 0.000000 0.000000    -6.461004     0.807185 
59319.471922 0.000000 0.000000    -6.465054     0.807523 
59319.526740 0.000000 0.000000    -6.467782     0.807859 
59319.581559 0.000000 0.000000    -6.469143     0.808194 
59319.636377 0.000000 0.000000    -6.469093     0.808526 
59319.691196 0.000000 0.000000    -6.467591     0.808855 
59319.746014 0.000000 0.000000    -6.464597     0.809179 
59319.800832 0.000000 0.000000    -6.460073     0.809498 
59319.855651 0.000000 0.000000    -6.453984     0.809811 
59319.910469 0.000000 0.000000    -6.446295     0.810118 
59319.965288 0.000000 0.000000    -6.436976     0.810417 
59320.020106 0.000000 0.000000    -6.425997     0.810708 
59320.074925 0.000000 0.000000    -6.413332     0.810990 
59320.129743 0.000000 0.000000    -6.398956     0.811262 
59320.184561 0.000000 0.000000    -6.382849     0.811524 
59320.239380 0.000000 0.000000    -6.364991     0.811775 
59320.294198 0.000000 0.000000    -6.345365     0.812014 
59320.349017 0.000000 0.000000    -6.323958     0.812241 
59320.403835 0.000000 0.000000    -6.300759     0.812456 
59320.458654 0.000000 0.000000    -6.275760     0.812657 
59320.513472 0.000000 0.000000    -6.248956     0.812844 
59320.568290 0.000000 0.000000    -6.220344     0.813017 
59320.623109 0.000000 0.000000    -6.189924     0.813176 
59320.677927 0.000000 0.000000    -6.157702     0.813320 
59320.732746 0.000000 0.000000    -6.123682     0.813449 
59320.787564 0.000000 0.000000    -6.087874     0.813562 
59320.842383 0.000000 0.000000    -6.050292     0.813660 
59320.897201 0.000000 0.000000    -6.010950     0.813742 
59320.952019 0.000000 0.000000    -5.969868     0.813808 
59321.006838 0.000000 0.000000    -5.927066     0.813858 
59321.061656 0.000000 0.000000    -5.882570     0.813893 
59321.116475 0.000000 0.000000    -5.836408     0.813911 
59321.171293 0.000000 0.000000    -5.788609     0.813914 
59321.226112 0.000000 0.000000    -5.739208     0.813901 
59321.280930 0.000000 0.000000    -5.688242     0.813873 
59321.335748 0.000000 0.000000    -5.635749     0.813830 
59321.390567 0.000000 0.000000    -5.581773     0.813771 
59321.445385 0.000000 0.000000    -5.526359     0.813698 
59321.500204 0.000000 0.000000    -5.469555     0.813611 
59321.555022 0.000000 0.000000    -5.411413     0.813510 
59321.609841 0.000000 0.000000    -5.351985     0.813395 
59321.664659 0.000000 0.000000    -5.291329     0.813267 
59321.719477 0.000000 0.000000    -5.229503     0.813127 
59321.774296 0.000000 0.000000    -5.166568     0.812974 
59321.829114 0.000000 0.000000    -5.102590     0.812810 
59321.883933 0.000000 0.000000    -5.037634     0.812634 
59321.938751 0.000000 0.000000    -4.971769     0.812448 
59321.993569 0.000000 0.000000    -4.905066     0.812252 
59322.048388 0.000000 0.000000    -4.837597     0.812047 
59322.103206 0.000000 0.000000    -4.769439     0.811832 
59322.158025 0.000000 0.000000    -4.700668     0.811609 
59322.212843 0.000000 0.000000    -4.631363     0.811378 
59322.267662 0.000000 0.000000    -4.561605     0.811140 
59322.322480 0.000000 0.000000    -4.491475     0.810896 
59322.377298 0.000000 0.000000    -4.421059     0.810645 
59322.432117 0.000000 0.000000    -4.350440     0.810388 
59322.486935 0.000000 0.000000    -4.279707     0.810127 
59322.541754 0.000000 0.000000    -4.208945     0.809861 
59322.596572 0.000000 0.000000    -4.138245     0.809590 
59322.651391 0.000000 0.000000    -4.067696     0.809317 
59322.706209 0.000000 0.000000    -3.997389     0.809040 
59322.761027 0.000000 0.000000    -3.927415     0.808760 
59322.815846 0.000000 0.000000    -3.857865     0.808478 
59322.870664 0.000000 0.000000    -3.788833     0.808194 
59322.925483 0.000000 0.000000    -3.720410     0.807909 
59322.980301 0.000000 0.000000    -3.652690     0.807622 
59323.035120 0.000000 0.000000    -3.585764     0.807334 
59323.089938 0.000000 0.000000    -3.519727     0.807045 
59323.144756 0.000000 0.000000    -3.454670     0.806756 
59323.199575 0.000000 0.000000    -3.390686     0.806467 
59323.254393 0.000000 0.000000    -3.327865     0.806178 
59323.309212 0.000000 0.000000    -3.266300     0.805888 
59323.364030 0.000000 0.000000    -3.206080     0.805599 
59323.418849 0.000000 0.000000    -3.147294     0.805311 
59323.473667 0.000000 0.000000    -3.090031     0.805023 
59323.528485 0.000000 0.000000    -3.034377     0.804735 
59323.583304 0.000000 0.000000    -2.980419     0.804448 
59323.638122 0.000000 0.000000    -2.928241     0.804162 
59323.692941 0.000000 0.000000    -2.877924     0.803877 
59323.747759 0.000000 0.000000    -2.829552     0.803592 
59323.802578 0.000000 0.000000    -2.783202     0.803309 
59323.857396 0.000000 0.000000    -2.738951     0.803026 
59323.912214 0.000000 0.000000    -2.696876     0.802745 
59323.967033 0.000000 0.000000    -2.657049     0.802465 
59324.021851 0.000000 0.000000    -2.619540     0.802186 
59324.076670 0.000000 0.000000    -2.584419     0.801908 
59324.131488 0.000000 0.000000    -2.551750     0.801632 
59324.186307 0.000000 0.000000    -2.521597     0.801357 
59324.241125 0.000000 0.000000    -2.494020     0.801084 
59324.295943 0.000000 0.000000    -2.469076     0.800813 
59324.350762 0.000000 0.000000    -2.446821     0.800545 
59324.405580 0.000000 0.000000    -2.427306     0.800279 
59324.460399 0.000000 0.000000    -2.410580     0.800016 
59324.515217 0.000000 0.000000    -2.396686     0.799756 
59324.570036 0.000000 0.000000    -2.385669     0.799500 
59324.624854 0.000000 0.000000    -2.377566     0.799248 
59324.679672 0.000000 0.000000    -2.372413     0.799000 
59324.734491 0.000000 0.000000    -2.370240     0.798757 
59324.789309 0.000000 0.000000    -2.371078     0.798521 
59324.844128 0.000000 0.000000    -2.374949     0.798290 
59324.898946 0.000000 0.000000    -2.381876     0.798067 
59324.953765 0.000000 0.000000    -2.391875     0.797851 
59325.008583 0.000000 0.000000    -2.404960     0.797644 
59325.063401 0.000000 0.000000    -2.421141     0.797446 
59325.118220 0.000000 0.000000    -2.440424     0.797259 
59325.173038 0.000000 0.000000    -2.462810     0.797083 
59325.227857 0.000000 0.000000    -2.488299     0.796919 
59325.282675 0.000000 0.000000    -2.516885     0.796769 
59325.337494 0.000000 0.000000    -2.548557     0.796632 
59325.392312 0.000000 0.000000    -2.583304     0.796511 
59325.447130 0.000000 0.000000    -2.621108     0.796406 
59325.501949 0.000000 0.000000    -2.661948     0.796319 
59325.556767 0.000000 0.000000    -2.705799     0.796250 
59325.611586 0.000000 0.000000    -2.752632     0.796202 
59325.666404 0.000000 0.000000    -2.802416     0.796173 
59325.721223 0.000000 0.000000    -2.855114     0.796167 
59325.776041 0.000000 0.000000    -2.910686     0.796184 
59325.830859 0.000000 0.000000    -2.969090     0.796225 
59325.885678 0.000000 0.000000    -3.030276     0.796291 
59325.940496 0.000000 0.000000    -3.094196     0.796383 
59325.995315 0.000000 0.000000    -3.160795     0.796502 
59326.050133 0.000000 0.000000    -3.230014     0.796649 
59326.104952 0.000000 0.000000    -3.301794     0.796825 
59326.159770 0.000000 0.000000    -3.376070     0.797031 
59326.214588 0.000000 0.000000    -3.452773     0.797266 
59326.269407 0.000000 0.000000    -3.531835     0.797532 
59326.324225 0.000000 0.000000    -3.613180     0.797830 
59326.379044 0.000000 0.000000    -3.696732     0.798159 
59326.433862 0.000000 0.000000    -3.782412     0.798519 
59326.488681 0.000000 0.000000    -3.870137     0.798912 
59326.543499 0.000000 0.000000    -3.959822     0.799337 
59326.598317 0.000000 0.000000    -4.051380     0.799793 
59326.653136 0.000000 0.000000    -4.144721     0.800281 
59326.707954 0.000000 0.000000    -4.239753     0.800800 
59326.762773 0.000000 0.000000    -4.336380     0.801350 
59326.817591 0.000000 0.000000    -4.434508     0.801930 
59326.872410 0.000000 0.000000    -4.534037     0.802539 
59326.927228 0.000000 0.000000    -4.634867     0.803176 
59326.982046 0.000000 0.000000    -4.736897     0.803840 
59327.036865 0.000000 0.000000    -4.840022     0.804530 
59327.091683 0.000000 0.000000    -4.944138     0.805244 
59327.146502 0.000000 0.000000    -5.049139     0.805981 
59327.201320 0.000000 0.000000    -5.154918     0.806739 
59327.256139 0.000000 0.000000    -5.261367     0.807516 
59327.310957 0.000000 0.000000    -5.368376     0.808310 
59327.365775 0.000000 0.000000    -5.475837     0.809119 
59327.420594 0.000000 0.000000    -5.583638     0.809942 
59327.475412 0.000000 0.000000    -5.691669     0.810774 
59327.530231 0.000000 0.000000    -5.799820     0.811615 
59327.585049 0.000000 0.000000    -5.907979     0.812461 
59327.639868 0.000000 0.000000    -6.016036     0.813310 
59327.694686 0.000000 0.000000    -6.123881     0.814159 
59327.749504 0.000000 0.000000    -6.231402     0.815006 
59327.804323 0.000000 0.000000    -6.338490     0.815847 
59327.859141 0.000000 0.000000    -6.445037     0.816679 
59327.913960 0.000000 0.000000    -6.550933     0.817499 
59327.968778 0.000000 0.000000    -6.656072     0.818305 
59328.023597 0.000000 0.000000    -6.760348     0.819093 
59328.078415 0.000000 0.000000    -6.863655     0.819861 
59328.133233 0.000000 0.000000    -6.965890     0.820604 
59328.188052 0.000000 0.000000    -7.066951     0.821320 
59328.242870 0.000000 0.000000    -7.166738     0.822006 
59328.297689 0.000000 0.000000    -7.265152     0.822658 
59328.352507 0.000000 0.000000    -7.362096     0.823274 
59328.407326 0.000000 0.000000    -7.457477     0.823850 
59328.462144 0.000000 0.000000    -7.551201     0.824384 
59328.516962 0.000000 0.000000    -7.643178     0.824871 
59328.571781 0.000000 0.000000    -7.733321     0.825310 
59328.626599 0.000000 0.000000    -7.821546     0.825697 
59328.681418 0.000000 0.000000    -7.907768     0.826029 
59328.736236 0.000000 0.000000    -7.991910     0.826304 
59328.791054 0.000000 0.000000    -8.073893     0.826518 
59328.845873 0.000000 0.000000    -8.153644     0.826670 
59328.900691 0.000000 0.000000    -8.231093     0.826755 
59328.955510 0.000000 0.000000    -8.306172     0.826772 
59329.010328 0.000000 0.000000    -8.378817     0.826719 
59329.065147 0.000000 0.000000    -8.448966     0.826592 
59329.119965 0.000000 0.000000    -8.516561     0.826390 
59329.174783 0.000000 0.000000    -8.581550     0.826111 
59329.229602 0.000000 0.000000    -8.643881     0.825751 
59329.284420 0.000000 0.000000    -8.703507     0.825310 
59329.339239 0.000000 0.000000    -8.760386     0.824785 
59329.394057 0.000000 0.000000    -8.814476     0.824175 
59329.448876 0.000000 0.000000    -8.865744     0.823478 
59329.503694 0.000000 0.000000    -8.914155     0.822691 
59329.558512 0.000000 0.000000    -8.959683     0.821815 
59329.613331 0.000000 0.000000    -9.002303     0.820847 
59329.668149 0.000000 0.000000    -9.041994     0.819786 
59329.722968 0.000000 0.000000    -9.078741     0.818631 
59329.777786 0.000000 0.000000    -9.112529     0.817381 
59329.832605 0.000000 0.000000    -9.143351     0.816036 
59329.887423 0.000000 0.000000    -9.171202     0.814594 
59329.942241 0.000000 0.000000    -9.196080     0.813054 
59329.997060 0.000000 0.000000    -9.217989     0.811416 
59330.051878 0.000000 0.000000    -9.236936     0.809681 
59330.106697 0.000000 0.000000    -9.252931     0.807847 
59330.161515 0.000000 0.000000    -9.265989     0.805914 
59330.216334 0.000000 0.000000    -9.276128     0.803882 
59330.271152 0.000000 0.000000    -9.283371     0.801752 
59330.325970 0.000000 0.000000    -9.287742     0.799523 
59330.380789 0.000000 0.000000    -9.289273     0.797197 
59330.435607 0.000000 0.000000    -9.287995     0.794772 
59330.490426 0.000000 0.000000    -9.283945     0.792251 
59330.545244 0.000000 0.000000    -9.277165     0.789634 
59330.600063 0.000000 0.000000    -9.267696     0.786921 
59330.654881 0.000000 0.000000    -9.255586     0.784114 
59330.709699 0.000000 0.000000    -9.240885     0.781214 
59330.764518 0.000000 0.000000    -9.223646     0.778221 
59330.819336 0.000000 0.000000    -9.203926     0.775138 
59330.874155 0.000000 0.000000    -9.181784     0.771966 
59330.928973 0.000000 0.000000    -9.157283     0.768707 
59330.983792 0.000000 0.000000    -9.130486     0.765362 
59331.038610 0.000000 0.000000    -9.101463     0.761934 
59331.093428 0.000000 0.000000    -9.070282     0.758424 
59331.148247 0.000000 0.000000    -9.037018     0.754835 
59331.203065 0.000000 0.000000    -9.001745     0.751169 
59331.257884 0.000000 0.000000    -8.964539     0.747428 
59331.312702 0.000000 0.000000    -8.925482     0.743616 
59331.367521 0.000000 0.000000    -8.884653     0.739734 
59331.422339 0.000000 0.000000    -8.842136     0.735787 
59331.477157 0.000000 0.000000    -8.798017     0.731776 
59331.531976 0.000000 0.000000    -8.752380     0.727705 
59331.586794 0.000000 0.000000    -8.705315     0.723578 
59331.641613 0.000000 0.000000    -8.656911     0.719398 
59331.696431 0.000000 0.000000    -8.607257     0.715168 
59331.751250 0.000000 0.000000    -8.556446     0.710893 
59331.806068 0.000000 0.000000    -8.504569     0.706575 
59331.860886 0.000000 0.000000    -8.451720     0.702220 
59331.915705 0.000000 0.000000    -8.397992     0.697831 
59331.970523 0.000000 0.000000    -8.343479     0.693412 
59332.025342 0.000000 0.000000    -8.288276     0.688968 
59332.080160 0.000000 0.000000    -8.232477     0.684503 
59332.134979 0.000000 0.000000    -8.176178     0.680022 
59332.189797 0.000000 0.000000    -8.119471     0.675529 
59332.244615 0.000000 0.000000    -8.062453     0.671030 
59332.299434 0.000000 0.000000    -8.005216     0.666528 
59332.354252 0.000000 0.000000    -7.947854     0.662030 
59332.409071 0.000000 0.000000    -7.890460     0.657539 
59332.463889 0.000000 0.000000    -7.833126     0.653061 
59332.518708 0.000000 0.000000    -7.775941     0.648601 
59332.573526 0.000000 0.000000    -7.718997     0.644163 
59332.628344 0.000000 0.000000    -7.662382     0.639753 
59332.683163 0.000000 0.000000    -7.606184     0.635377 
59332.737981 0.000000 0.000000    -7.550487     0.631037 
59332.792800 0.000000 0.000000    -7.495377     0.626741 
59332.847618 0.000000 0.000000    -7.440935     0.622492 
59332.902437 0.000000 0.000000    -7.387244     0.618295 
59332.957255 0.000000 0.000000    -7.334381     0.614155 
59333.012073 0.000000 0.000000    -7.282423     0.610076 
59333.066892 0.000000 0.000000    -7.231445     0.606062 
59333.121710 0.000000 0.000000    -7.181519     0.602118 
59333.176529 0.000000 0.000000    -7.132715     0.598247 
59333.231347 0.000000 0.000000    -7.085101     0.594453 
59333.286166 0.000000 0.000000    -7.038741     0.590739 
59333.340984 0.000000 0.000000    -6.993699     0.587108 
59333.395802 0.000000 0.000000    -6.950033     0.583562 
59333.450621 0.000000 0.000000    -6.907800     0.580105 
59333.505439 0.000000 0.000000    -6.867055     0.576737 
59333.560258 0.000000 0.000000    -6.827848     0.573462 
59333.615076 0.000000 0.000000    -6.790228     0.570279 
59333.669895 0.000000 0.000000    -6.754239     0.567189 
59333.724713 0.000000 0.000000    -6.719923     0.564194 
59333.779531 0.000000 0.000000    -6.687319     0.561293 
59333.834350 0.000000 0.000000    -6.656463     0.558487 
59333.889168 0.000000 0.000000    -6.627386     0.555773 
59333.943987 0.000000 0.000000    -6.600117     0.553152 
59333.998805 0.000000 0.000000    -6.574683     0.550621 
59334.053624 0.000000 0.000000    -6.551105     0.548180 
59334.108442 0.000000 0.000000    -6.529402     0.545825 
59334.163260 0.000000 0.000000    -6.509590     0.543555 
59334.218079 0.000000 0.000000    -6.491682     0.541367 
59334.272897 0.000000 0.000000    -6.475685     0.539258 
59334.327716 0.000000 0.000000    -6.461605     0.537225 
59334.382534 0.000000 0.000000    -6.449446     0.535265 
59334.437353 0.000000 0.000000    -6.439204     0.533374 
59334.492171 0.000000 0.000000    -6.430877     0.531548 
59334.546989 0.000000 0.000000    -6.424455     0.529784 
59334.601808 0.000000 0.000000    -6.419928     0.528078 
59334.656626 0.000000 0.000000    -6.417282     0.526427 
59334.711445 0.000000 0.000000    -6.416498     0.524826 
59334.766263 0.000000 0.000000    -6.417557     0.523272 
59334.821082 0.000000 0.000000    -6.420435     0.521761 
59334.875900 0.000000 0.000000    -6.425104     0.520289 
59334.930718 0.000000 0.000000    -6.431535     0.518854 
59334.985537 0.000000 0.000000    -6.439695     0.517450 
59335.040355 0.000000 0.000000    -6.449549     0.516076 
59335.095174 0.000000 0.000000    -6.461058     0.514727 
59335.149992 0.000000 0.000000    -6.474181     0.513401 
59335.204811 0.000000 0.000000    -6.488875     0.512096 
59335.259629 0.000000 0.000000    -6.505094     0.510808 
59335.314447 0.000000 0.000000    -6.522788     0.509534 
59335.369266 0.000000 0.000000    -6.541906     0.508274 
59335.424084 0.000000 0.000000    -6.562397     0.507024 
59335.478903 0.000000 0.000000    -6.584203     0.505783 
59335.533721 0.000000 0.000000    -6.607269     0.504549 
59335.588540 0.000000 0.000000    -6.631533     0.503321 
59335.643358 0.000000 0.000000    -6.656936     0.502097 
59335.698176 0.000000 0.000000    -6.683413     0.500877 
59335.752995 0.000000 0.000000    -6.710901     0.499660 
59335.807813 0.000000 0.000000    -6.739334     0.498445 
59335.862632 0.000000 0.000000    -6.768643     0.497231 
59335.917450 0.000000 0.000000    -6.798760     0.496019 
59335.972268 0.000000 0.000000    -6.829616     0.494808 
59336.027087 0.000000 0.000000    -6.861139     0.493599 
59336.081905 0.000000 0.000000    -6.893258     0.492391 
59336.136724 0.000000 0.000000    -6.925899     0.491185 
59336.191542 0.000000 0.000000    -6.958990     0.489982 
59336.246361 0.000000 0.000000    -6.992456     0.488782 
59336.301179 0.000000 0.000000    -7.026225     0.487586 
59336.355997 0.000000 0.000000    -7.060220     0.486394 
59336.410816 0.000000 0.000000    -7.094368     0.485208 
59336.465634 0.000000 0.000000    -7.128594     0.484029 
59336.520453 0.000000 0.000000    -7.162824     0.482857 
59336.575271 0.000000 0.000000    -7.196982     0.481695 
59336.630090 0.000000 0.000000    -7.230996     0.480542 
59336.684908 0.000000 0.000000    -7.264791     0.479401 
59336.739726 0.000000 0.000000    -7.298295     0.478272 
59336.794545 0.000000 0.000000    -7.331435     0.477156 
59336.849363 0.000000 0.000000    -7.364141     0.476055 
59336.904182 0.000000 0.000000    -7.396341     0.474971 
59336.959000 0.000000 0.000000    -7.427967     0.473903 
59337.013819 0.000000 0.000000    -7.458950     0.472854 
59337.068637 0.000000 0.000000    -7.489224     0.471824 
59337.123455 0.000000 0.000000    -7.518722     0.470815 
59337.178274 0.000000 0.000000    -7.547382     0.469828 
59337.233092 0.000000 0.000000    -7.575140     0.468862 
59337.287911 0.000000 0.000000    -7.601936     0.467920 
59337.342729 0.000000 0.000000    -7.627712     0.467003 
59337.397548 0.000000 0.000000    -7.652409     0.466110 
59337.452366 0.000000 0.000000    -7.675974     0.465242 
59337.507184 0.000000 0.000000    -7.698353     0.464401 
59337.562003 0.000000 0.000000    -7.719495     0.463586 
59337.616821 0.000000 0.000000    -7.739353     0.462799 
59337.671640 0.000000 0.000000    -7.757879     0.462038 
59337.726458 0.000000 0.000000    -7.775030     0.461305 
59337.781277 0.000000 0.000000    -7.790764     0.460600 
59337.836095 0.000000 0.000000    -7.805043     0.459923 
59337.890913 0.000000 0.000000    -7.817830     0.459274 
59337.945732 0.000000 0.000000    -7.829091     0.458653 
59338.000550 0.000000 0.000000    -7.838796     0.458060 
59338.055369 0.000000 0.000000    -7.846915     0.457494 
59338.110187 0.000000 0.000000    -7.853423     0.456956 
59338.165006 0.000000 0.000000    -7.858297     0.456446 
59338.219824 0.000000 0.000000    -7.861518     0.455962 
59338.274642 0.000000 0.000000    -7.863067     0.455505 
59338.329461 0.000000 0.000000    -7.862931     0.455075 
59338.384279 0.000000 0.000000    -7.861097     0.454671 
59338.439098 0.000000 0.000000    -7.857558     0.454292 
59338.493916 0.000000 0.000000    -7.852307     0.453939 
59338.548735 0.000000 0.000000    -7.845342     0.453612 
59338.603553 0.000000 0.000000    -7.836662     0.453309 
59338.658371 0.000000 0.000000    -7.826270     0.453030 
59338.713190 0.000000 0.000000    -7.814172     0.452775 
59338.768008 0.000000 0.000000    -7.800376     0.452544 
59338.822827 0.000000 0.000000    -7.784894     0.452336 
59338.877645 0.000000 0.000000    -7.767740     0.452152 
59338.932464 0.000000 0.000000    -7.748931     0.451990 
59338.987282 0.000000 0.000000    -7.728486     0.451851 
59339.042100 0.000000 0.000000    -7.706428     0.451734 
59339.096919 0.000000 0.000000    -7.682780     0.451639 
59339.151737 0.000000 0.000000    -7.657572     0.451566 
59339.206556 0.000000 0.000000    -7.630833     0.451514 
59339.261374 0.000000 0.000000    -7.602595     0.451484 
59339.316193 0.000000 0.000000    -7.572893     0.451476 
59339.371011 0.000000 0.000000    -7.541765     0.451488 
59339.425829 0.000000 0.000000    -7.509250     0.451522 
59339.480648 0.000000 0.000000    -7.475389     0.451577 
59339.535466 0.000000 0.000000    -7.440226     0.451652 
59339.590285 0.000000 0.000000    -7.403808     0.451748 
59339.645103 0.000000 0.000000    -7.366181     0.451865 
59339.699922 0.000000 0.000000    -7.327396     0.452002 
59339.754740 0.000000 0.000000    -7.287505     0.452159 
59339.809558 0.000000 0.000000    -7.246559     0.452336 
59339.864377 0.000000 0.000000    -7.204615     0.452533 
59339.919195 0.000000 0.000000    -7.161728     0.452750 
59339.974014 0.000000 0.000000    -7.117955     0.452986 
59340.028832 0.000000 0.000000    -7.073357     0.453241 
59340.083651 0.000000 0.000000    -7.027992     0.453514 
59340.138469 0.000000 0.000000    -6.981923     0.453806 
59340.193287 0.000000 0.000000    -6.935211     0.454116 
59340.248106 0.000000 0.000000    -6.887920     0.454444 
59340.302924 0.000000 0.000000    -6.840113     0.454788 
59340.357743 0.000000 0.000000    -6.791855     0.455149 
59340.412561 0.000000 0.000000    -6.743211     0.455526 
59340.467380 0.000000 0.000000    -6.694247     0.455918 
59340.522198 0.000000 0.000000    -6.645029     0.456324 
59340.577016 0.000000 0.000000    -6.595622     0.456745 
59340.631835 0.000000 0.000000    -6.546094     0.457178 
59340.686653 0.000000 0.000000    -6.496509     0.457624 
59340.741472 0.000000 0.000000    -6.446935     0.458082 
59340.796290 0.000000 0.000000    -6.397437     0.458550 
59340.851109 0.000000 0.000000    -6.348081     0.459028 
59340.905927 0.000000 0.000000    -6.298932     0.459515 
59340.960745 0.000000 0.000000    -6.250054     0.460010 
59341.015564 0.000000 0.000000    -6.201512     0.460512 
59341.070382 0.000000 0.000000    -6.153368     0.461021 
59341.125201 0.000000 0.000000    -6.105686     0.461535 
59341.180019 0.000000 0.000000    -6.058526     0.462053 
59341.234838 0.000000 0.000000    -6.011949     0.462575 
59341.289656 0.000000 0.000000    -5.966013     0.463099 
59341.344474 0.000000 0.000000    -5.920778     0.463626 
59341.399293 0.000000 0.000000    -5.876299     0.464153 
59341.454111 0.000000 0.000000    -5.832632     0.464680 
59341.508930 0.000000 0.000000    -5.789829     0.465206 
59341.563748 0.000000 0.000000    -5.747945     0.465732 
59341.618567 0.000000 0.000000    -5.707027     0.466255 
59341.673385 0.000000 0.000000    -5.667126     0.466775 
59341.728203 0.000000 0.000000    -5.628289     0.467292 
59341.783022 0.000000 0.000000    -5.590559     0.467806 
59341.837840 0.000000 0.000000    -5.553980     0.468315 
59341.892659 0.000000 0.000000    -5.518593     0.468819 
59341.947477 0.000000 0.000000    -5.484436     0.469319 
59342.002296 0.000000 0.000000    -5.451546     0.469813 
59342.057114 0.000000 0.000000    -5.419958     0.470303 
59342.111932 0.000000 0.000000    -5.389704     0.470786 
59342.166751 0.000000 0.000000    -5.360813     0.471265 
59342.221569 0.000000 0.000000    -5.333313     0.471738 
59342.276388 0.000000 0.000000    -5.307230     0.472206 
59342.331206 0.000000 0.000000    -5.282586     0.472669 
59342.386025 0.000000 0.000000    -5.259401     0.473128 
59342.440843 0.000000 0.000000    -5.237694     0.473583 
59342.495661 0.000000 0.000000    -5.217480     0.474033 
59342.550480 0.000000 0.000000    -5.198771     0.474481 
59342.605298 0.000000 0.000000    -5.181578     0.474926 
59342.660117 0.000000 0.000000    -5.165909     0.475369 
59342.714935 0.000000 0.000000    -5.151769     0.475811 
59342.769753 0.000000 0.000000    -5.139162     0.476253 
59342.824572 0.000000 0.000000    -5.128088     0.476695 
59342.879390 0.000000 0.000000    -5.118544     0.477139 
59342.934209 0.000000 0.000000    -5.110527     0.477584 
59342.989027 0.000000 0.000000    -5.104028     0.478033 
59343.043846 0.000000 0.000000    -5.099039     0.478487 
59343.098664 0.000000 0.000000    -5.095549     0.478945 
59343.153482 0.000000 0.000000    -5.093542     0.479409 
59343.208301 0.000000 0.000000    -5.093002     0.479881 
59343.263119 0.000000 0.000000    -5.093910     0.480361 
59343.317938 0.000000 0.000000    -5.096246     0.480850 
59343.372756 0.000000 0.000000    -5.099986     0.481349 
59343.427575 0.000000 0.000000    -5.105105     0.481858 
59343.482393 0.000000 0.000000    -5.111576     0.482380 
59343.537211 0.000000 0.000000    -5.119368     0.482914 
59343.592030 0.000000 0.000000    -5.128451     0.483462 
59343.646848 0.000000 0.000000    -5.138790     0.484024 
59343.701667 0.000000 0.000000    -5.150352     0.484600 
59343.756485 0.000000 0.000000    -5.163098     0.485192 
59343.811304 0.000000 0.000000    -5.176991     0.485799 
59343.866122 0.000000 0.000000    -5.191989     0.486422 
59343.920940 0.000000 0.000000    -5.208052     0.487062 
59343.975759 0.000000 0.000000    -5.225136     0.487718 
59344.030577 0.000000 0.000000    -5.243196     0.488391 
59344.085396 0.000000 0.000000    -5.262187     0.489080 
59344.140214 0.000000 0.000000    -5.282061     0.489785 
59344.195033 0.000000 0.000000    -5.302770     0.490506 
59344.249851 0.000000 0.000000    -5.324265     0.491243 
59344.304669 0.000000 0.000000    -5.346496     0.491995 
59344.359488 0.000000 0.000000    -5.369412     0.492762 
59344.414306 0.000000 0.000000    -5.392962     0.493542 
59344.469125 0.000000 0.000000    -5.417093     0.494335 
59344.523943 0.000000 0.000000    -5.441752     0.495141 
59344.578762 0.000000 0.000000    -5.466885     0.495957 
59344.633580 0.000000 0.000000    -5.492441     0.496783 
59344.688398 0.000000 0.000000    -5.518364     0.497618 
59344.743217 0.000000 0.000000    -5.544601     0.498461 
59344.798035 0.000000 0.000000    -5.571097     0.499309 
59344.852854 0.000000 0.000000    -5.597799     0.500162 
59344.907672 0.000000 0.000000    -5.624654     0.501019 
59344.962491 0.000000 0.000000    -5.651606     0.501876 
59345.017309 0.000000 0.000000    -5.678604     0.502734 
59345.072127 0.000000 0.000000    -5.705595     0.503591 
59345.126946 0.000000 0.000000    -5.732525     0.504444 
59345.181764 0.000000 0.000000    -5.759345     0.505292 
59345.236583 0.000000 0.000000    -5.786003     0.506133 
59345.291401 0.000000 0.000000    -5.812449     0.506966 
59345.346220 0.000000 0.000000    -5.838633     0.507789 
59345.401038 0.000000 0.000000    -5.864508     0.508600 
59345.455856 0.000000 0.000000    -5.890028     0.509398 
59345.510675 0.000000 0.000000    -5.915144     0.510181 
59345.565493 0.000000 0.000000    -5.939815     0.510948 
59345.620312 0.000000 0.000000    -5.963994     0.511696 
59345.675130 0.000000 0.000000    -5.987642     0.512424 
59345.729949 0.000000 0.000000    -6.010718     0.513131 
59345.784767 0.000000 0.000000    -6.033181     0.513816 
59345.839585 0.000000 0.000000    -6.054996     0.514476 
59345.894404 0.000000 0.000000    -6.076126     0.515112 
59345.949222 0.000000 0.000000    -6.096537     0.515720 
59346.004041 0.000000 0.000000    -6.116198     0.516301 
59346.058859 0.000000 0.000000    -6.135077     0.516854 
59346.113678 0.000000 0.000000    -6.153146     0.517376 
59346.168496 0.000000 0.000000    -6.170379     0.517868 
59346.223314 0.000000 0.000000    -6.186751     0.518328 
59346.278133 0.000000 0.000000    -6.202238     0.518757 
59346.332951 0.000000 0.000000    -6.216821     0.519152 
59346.387770 0.000000 0.000000    -6.230482     0.519514 
59346.442588 0.000000 0.000000    -6.243202     0.519842 
59346.497407 0.000000 0.000000    -6.254968     0.520136 
59346.552225 0.000000 0.000000    -6.265768     0.520395 
59346.607043 0.000000 0.000000    -6.275592     0.520619 
59346.661862 0.000000 0.000000    -6.284431     0.520809 
59346.716680 0.000000 0.000000    -6.292280     0.520964 
59346.771499 0.000000 0.000000    -6.299135     0.521084 
59346.826317 0.000000 0.000000    -6.304994     0.521170 
59346.881136 0.000000 0.000000    -6.309858     0.521222 
59346.935954 0.000000 0.000000    -6.313730     0.521239 
59346.990772 0.000000 0.000000    -6.316614     0.521223 
59347.045591 0.000000 0.000000    -6.318519     0.521174 
59347.100409 0.000000 0.000000    -6.319451     0.521093 
59347.155228 0.000000 0.000000    -6.319424     0.520981 
59347.210046 0.000000 0.000000    -6.318449     0.520837 
59347.264865 0.000000 0.000000    -6.316542     0.520663 
59347.319683 0.000000 0.000000    -6.313719     0.520460 
59347.374501 0.000000 0.000000    -6.310001     0.520229 
59347.429320 0.000000 0.000000    -6.305407     0.519970 
59347.484138 0.000000 0.000000    -6.299960     0.519685 
59347.538957 0.000000 0.000000    -6.293685     0.519375 
59347.593775 0.000000 0.000000    -6.286607     0.519041 
59347.648594 0.000000 0.000000    -6.278755     0.518684 
59347.703412 0.000000 0.000000    -6.270157     0.518305 
59347.758230 0.000000 0.000000    -6.260844     0.517906 
59347.813049 0.000000 0.000000    -6.250849     0.517488 
59347.867867 0.000000 0.000000    -6.240204     0.517051 
59347.922686 0.000000 0.000000    -6.228946     0.516598 
59347.977504 0.000000 0.000000    -6.217110     0.516130 
59348.032323 0.000000 0.000000    -6.204733     0.515647 
59348.087141 0.000000 0.000000    -6.191854     0.515151 
59348.141959 0.000000 0.000000    -6.178511     0.514644 
59348.196778 0.000000 0.000000    -6.164746     0.514126 
59348.251596 0.000000 0.000000    -6.150599     0.513599 
59348.306415 0.000000 0.000000    -6.136112     0.513063 
59348.361233 0.000000 0.000000    -6.121327     0.512521 
59348.416052 0.000000 0.000000    -6.106287     0.511973 
59348.470870 0.000000 0.000000    -6.091036     0.511420 
59348.525688 0.000000 0.000000    -6.075616     0.510864 
59348.580507 0.000000 0.000000    -6.060073     0.510305 
59348.635325 0.000000 0.000000    -6.044450     0.509744 
59348.690144 0.000000 0.000000    -6.028792     0.509182 
59348.744962 0.000000 0.000000    -6.013142     0.508620 
59348.799781 0.000000 0.000000    -5.997545     0.508059 
59348.854599 0.000000 0.000000    -5.982044     0.507500 
59348.909417 0.000000 0.000000    -5.966683     0.506943 
59348.964236 0.000000 0.000000    -5.951506     0.506389 
59349.019054 0.000000 0.000000    -5.936554     0.505838 
59349.073873 0.000000 0.000000    -5.921870     0.505292 
59349.128691 0.000000 0.000000    -5.907495     0.504751 
59349.183510 0.000000 0.000000    -5.893470     0.504214 
59349.238328 0.000000 0.000000    -5.879834     0.503684 
59349.293146 0.000000 0.000000    -5.866627     0.503160 
59349.347965 0.000000 0.000000    -5.853886     0.502642 
59349.402783 0.000000 0.000000    -5.841647     0.502131 
59349.457602 0.000000 0.000000    -5.829946     0.501628 
59349.512420 0.000000 0.000000    -5.818818     0.501133 
59349.567239 0.000000 0.000000    -5.808295     0.500646 
59349.622057 0.000000 0.000000    -5.798408     0.500167 
59349.676875 0.000000 0.000000    -5.789187     0.499698 
59349.731694 0.000000 0.000000    -5.780660     0.499238 
59349.786512 0.000000 0.000000    -5.772855     0.498788 
59349.841331 0.000000 0.000000    -5.765795     0.498349 
59349.896149 0.000000 0.000000    -5.759505     0.497920 
59349.950967 0.000000 0.000000    -5.754005     0.497503 
59350.005786 0.000000 0.000000    -5.749314     0.497098 
59350.060604 0.000000 0.000000    -5.745451     0.496706 
59350.115423 0.000000 0.000000    -5.742430     0.496327 
59350.170241 0.000000 0.000000    -5.740266     0.495962 
59350.225060 0.000000 0.000000    -5.738969     0.495612 
59350.279878 0.000000 0.000000    -5.738549     0.495279 
59350.334696 0.000000 0.000000    -5.739013     0.494962 
59350.389515 0.000000 0.000000    -5.740366     0.494663 
59350.444333 0.000000 0.000000    -5.742611     0.494383 
59350.499152 0.000000 0.000000    -5.745748     0.494124 
59350.553970 0.000000 0.000000    -5.749776     0.493886 
59350.608789 0.000000 0.000000    -5.754690     0.493671 
59350.663607 0.000000 0.000000    -5.760485     0.493480 
59350.718425 0.000000 0.000000    -5.767153     0.493314 
59350.773244 0.000000 0.000000    -5.774682     0.493175 
59350.828062 0.000000 0.000000    -5.783060     0.493065 
59350.882881 0.000000 0.000000    -5.792272     0.492985 
59350.937699 0.000000 0.000000    -5.802299     0.492937 
59350.992518 0.000000 0.000000    -5.813124     0.492922 
59351.047336 0.000000 0.000000    -5.824724     0.492942 
59351.102154 0.000000 0.000000    -5.837075     0.492998 
59351.156973 0.000000 0.000000    -5.850151     0.493092 
59351.211791 0.000000 0.000000    -5.863925     0.493226 
59351.266610 0.000000 0.000000    -5.878365     0.493401 
59351.321428 0.000000 0.000000    -5.893440     0.493618 
59351.376247 0.000000 0.000000    -5.909116     0.493880 
59351.431065 0.000000 0.000000    -5.925357     0.494186 
59351.485883 0.000000 0.000000    -5.942124     0.494539 
59351.540702 0.000000 0.000000    -5.959379     0.494939 
59351.595520 0.000000 0.000000    -5.977079     0.495388 
59351.650339 0.000000 0.000000    -5.995182     0.495886 
59351.705157 0.000000 0.000000    -6.013644     0.496434 
59351.759976 0.000000 0.000000    -6.032417     0.497032 
59351.814794 0.000000 0.000000    -6.051455     0.497681 
59351.869612 0.000000 0.000000    -6.070708     0.498381 
59351.924431 0.000000 0.000000    -6.090126     0.499132 
59351.979249 0.000000 0.000000    -6.109657     0.499933 
59352.034068 0.000000 0.000000    -6.129250     0.500785 
59352.088886 0.000000 0.000000    -6.148850     0.501687 
59352.143705 0.000000 0.000000    -6.168402     0.502637 
59352.198523 0.000000 0.000000    -6.187853     0.503635 
59352.253341 0.000000 0.000000    -6.207144     0.504680 
59352.308160 0.000000 0.000000    -6.226220     0.505770 
59352.362978 0.000000 0.000000    -6.245024     0.506903 
59352.417797 0.000000 0.000000    -6.263497     0.508078 
59352.472615 0.000000 0.000000    -6.281582     0.509294 
59352.527434 0.000000 0.000000    -6.299221     0.510546 
59352.582252 0.000000 0.000000    -6.316354     0.511835 
59352.637070 0.000000 0.000000    -6.332924     0.513156 
59352.691889 0.000000 0.000000    -6.348873     0.514508 
59352.746707 0.000000 0.000000    -6.364142     0.515887 
59352.801526 0.000000 0.000000    -6.378674     0.517291 
59352.856344 0.000000 0.000000    -6.392411     0.518718 
59352.911163 0.000000 0.000000    -6.405297     0.520163 
59352.965981 0.000000 0.000000    -6.417276     0.521625 
59353.020799 0.000000 0.000000    -6.428292     0.523099 
59353.075618 0.000000 0.000000    -6.438291     0.524583 
59353.130436 0.000000 0.000000    -6.447219     0.526074 
59353.185255 0.000000 0.000000    -6.455025     0.527568 
59353.240073 0.000000 0.000000    -6.461656     0.529062 
59353.294892 0.000000 0.000000    -6.467064     0.530554 
59353.349710 0.000000 0.000000    -6.471198     0.532039 
59353.404528 0.000000 0.000000    -6.474014     0.533515 
59353.459347 0.000000 0.000000    -6.475465     0.534979 
59353.514165 0.000000 0.000000    -6.475507     0.536428 
59353.568984 0.000000 0.000000    -6.474099     0.537858 
59353.623802 0.000000 0.000000    -6.471200     0.539266 
59353.678621 0.000000 0.000000    -6.466774     0.540651 
59353.733439 0.000000 0.000000    -6.460783     0.542009 
59353.788257 0.000000 0.000000    -6.453194     0.543337 
59353.843076 0.000000 0.000000    -6.443976     0.544633 
59353.897894 0.000000 0.000000    -6.433099     0.545895 
59353.952713 0.000000 0.000000    -6.420536     0.547120 
59354.007531 0.000000 0.000000    -6.406263     0.548305 
59354.062350 0.000000 0.000000    -6.390259     0.549449 
59354.117168 0.000000 0.000000    -6.372503     0.550550 
59354.171986 0.000000 0.000000    -6.352980     0.551605 
59354.226805 0.000000 0.000000    -6.331676     0.552613 
59354.281623 0.000000 0.000000    -6.308578     0.553572 
59354.336442 0.000000 0.000000    -6.283680     0.554480 
59354.391260 0.000000 0.000000    -6.256976     0.555337 
59354.446079 0.000000 0.000000    -6.228462     0.556140 
59354.500897 0.000000 0.000000    -6.198140     0.556888 
59354.555715 0.000000 0.000000    -6.166012     0.557581 
59354.610534 0.000000 0.000000    -6.132086     0.558217 
59354.665352 0.000000 0.000000    -6.096370     0.558796 
59354.720171 0.000000 0.000000    -6.058877     0.559316 
59354.774989 0.000000 0.000000    -6.019621     0.559777 
59354.829808 0.000000 0.000000    -5.978623     0.560179 
59354.884626 0.000000 0.000000    -5.935902     0.560520 
59354.939444 0.000000 0.000000    -5.891484     0.560802 
59354.994263 0.000000 0.000000    -5.845396     0.561022 
59355.049081 0.000000 0.000000    -5.797668     0.561182 
59355.103900 0.000000 0.000000    -5.748334     0.561282 
59355.158718 0.000000 0.000000    -5.697431     0.561320 
59355.213537 0.000000 0.000000    -5.644998     0.561298 
59355.268355 0.000000 0.000000    -5.591077     0.561216 
59355.323173 0.000000 0.000000    -5.535715     0.561074 
59355.377992 0.000000 0.000000    -5.478957     0.560873 
59355.432810 0.000000 0.000000    -5.420857     0.560612 
59355.487629 0.000000 0.000000    -5.361466     0.560293 
59355.542447 0.000000 0.000000    -5.300843     0.559917 
59355.597266 0.000000 0.000000    -5.239044     0.559483 
59355.652084 0.000000 0.000000    -5.176132     0.558994 
59355.706902 0.000000 0.000000    -5.112171     0.558448 
59355.761721 0.000000 0.000000    -5.047227     0.557849 
59355.816539 0.000000 0.000000    -4.981369     0.557196 
59355.871358 0.000000 0.000000    -4.914666     0.556490 
59355.926176 0.000000 0.000000    -4.847194     0.555733 
59355.980995 0.000000 0.000000    -4.779026     0.554925 
59356.035813 0.000000 0.000000    -4.710239     0.554069 
59356.090631 0.000000 0.000000    -4.640913     0.553164 
59356.145450 0.000000 0.000000    -4.571128     0.552212 
59356.200268 0.000000 0.000000    -4.500966     0.551215 
59356.255087 0.000000 0.000000    -4.430512     0.550173 
59356.309905 0.000000 0.000000    -4.359849     0.549088 
59356.364724 0.000000 0.000000    -4.289066     0.547962 
59356.419542 0.000000 0.000000    -4.218250     0.546795 
59356.474360 0.000000 0.000000    -4.147490     0.545588 
59356.529179 0.000000 0.000000    -4.076875     0.544344 
59356.583997 0.000000 0.000000    -4.006496     0.543064 
59356.638816 0.000000 0.000000    -3.936445     0.541748 
59356.693634 0.000000 0.000000    -3.866813     0.540399 
59356.748452 0.000000 0.000000    -3.797693     0.539018 
59356.803271 0.000000 0.000000    -3.729178     0.537606 
59356.858089 0.000000 0.000000    -3.661360     0.536165 
59356.912908 0.000000 0.000000    -3.594333     0.534697 
59356.967726 0.000000 0.000000    -3.528188     0.533203 
59357.022545 0.000000 0.000000    -3.463020     0.531684 
59357.077363 0.000000 0.000000    -3.398919     0.530142 
59357.132181 0.000000 0.000000    -3.335979     0.528580 
59357.187000 0.000000 0.000000    -3.274289     0.526999 
59357.241818 0.000000 0.000000    -3.213941     0.525400 
59357.296637 0.000000 0.000000    -3.155023     0.523787 
59357.351455 0.000000 0.000000    -3.097624     0.522161 
59357.406274 0.000000 0.000000    -3.041832     0.520524 
59357.461092 0.000000 0.000000    -2.987732     0.518879 
59357.515910 0.000000 0.000000    -2.935410     0.517229 
59357.570729 0.000000 0.000000    -2.884947     0.515576 
59357.625547 0.000000 0.000000    -2.836425     0.513923 
59357.680366 0.000000 0.000000    -2.789923     0.512274 
59357.735184 0.000000 0.000000    -2.745520     0.510633 
59357.790003 0.000000 0.000000    -2.703290     0.509002 
59357.844821 0.000000 0.000000    -2.663307     0.507386 
59357.899639 0.000000 0.000000    -2.625642     0.505790 
59357.954458 0.000000 0.000000    -2.590363     0.504217 
59358.009276 0.000000 0.000000    -2.557537     0.502674 
59358.064095 0.000000 0.000000    -2.527226     0.501166 
59358.118913 0.000000 0.000000    -2.499492     0.499698 
59358.173732 0.000000 0.000000    -2.474392     0.498276 
59358.228550 0.000000 0.000000    -2.451982     0.496908 
59358.283368 0.000000 0.000000    -2.432313     0.495600 
59358.338187 0.000000 0.000000    -2.415433     0.494360 
59358.393005 0.000000 0.000000    -2.401389     0.493196 
59358.447824 0.000000 0.000000    -2.390224     0.492115 
59358.502642 0.000000 0.000000    -2.381975     0.491127 
59358.557461 0.000000 0.000000    -2.376678     0.490241 
59358.612279 0.000000 0.000000    -2.374367     0.489464 
59358.667097 0.000000 0.000000    -2.375068     0.488808 
59358.721916 0.000000 0.000000    -2.378808     0.488281 
59358.776734 0.000000 0.000000    -2.385607     0.487894 
59358.831553 0.000000 0.000000    -2.395483     0.487655 
59358.886371 0.000000 0.000000    -2.408450     0.487575 
59358.941190 0.000000 0.000000    -2.424518     0.487663 
59358.996008 0.000000 0.000000    -2.443694     0.487927 
59359.050826 0.000000 0.000000    -2.465979     0.488378 
59359.105645 0.000000 0.000000    -2.491373     0.489021 
59359.160463 0.000000 0.000000    -2.519870     0.489866 
59359.215282 0.000000 0.000000    -2.551462     0.490919 
59359.270100 0.000000 0.000000    -2.586135     0.492185 
59359.324919 0.000000 0.000000    -2.623872     0.493670 
59359.379737 0.000000 0.000000    -2.664653     0.495377 
59359.434555 0.000000 0.000000    -2.708454     0.497310 
59359.489374 0.000000 0.000000    -2.755246     0.499469 
59359.544192 0.000000 0.000000    -2.804997     0.501855 
59359.599011 0.000000 0.000000    -2.857671     0.504467 
59359.653829 0.000000 0.000000    -2.913228     0.507304 
59359.708648 0.000000 0.000000    -2.971626     0.510362 
59359.763466 0.000000 0.000000    -3.032818     0.513637 
59359.818284 0.000000 0.000000    -3.096752     0.517124 
59359.873103 0.000000 0.000000    -3.163376     0.520818 
59359.927921 0.000000 0.000000    -3.232631     0.524709 
59359.982740 0.000000 0.000000    -3.304457     0.528793 
59360.037558 0.000000 0.000000    -3.378789     0.533059 
59360.092377 0.000000 0.000000    -3.455561     0.537498 
59360.147195 0.000000 0.000000    -3.534702     0.542103 
59360.202013 0.000000 0.000000    -3.616138     0.546862 
59360.256832 0.000000 0.000000    -3.699792     0.551766 
59360.311650 0.000000 0.000000    -3.785586     0.556805 
59360.366469 0.000000 0.000000    -3.873437     0.561969 
59360.421287 0.000000 0.000000    -3.963260     0.567246 
59360.476106 0.000000 0.000000    -4.054968     0.572628 
59360.530924 0.000000 0.000000    -4.148471     0.578104 
59360.585742 0.000000 0.000000    -4.243677     0.583664 
59360.640561 0.000000 0.000000    -4.340491     0.589298 
59360.695379 0.000000 0.000000    -4.438818     0.594998 
59360.750198 0.000000 0.000000    -4.538558     0.600753 
59360.805016 0.000000 0.000000    -4.639611     0.606554 
59360.859835 0.000000 0.000000    -4.741877     0.612394 
59360.914653 0.000000 0.000000    -4.845250     0.618263 
59360.969471 0.000000 0.000000    -4.949627     0.624153 
59361.024290 0.000000 0.000000    -5.054901     0.630057 
59361.079108 0.000000 0.000000    -5.160965     0.635968 
59361.133927 0.000000 0.000000    -5.267711     0.641877 
59361.188745 0.000000 0.000000    -5.375029     0.647779 
59361.243564 0.000000 0.000000    -5.482811     0.653666 
59361.298382 0.000000 0.000000    -5.590945     0.659533 
59361.353200 0.000000 0.000000    -5.699321     0.665373 
59361.408019 0.000000 0.000000    -5.807828     0.671180 
59361.462837 0.000000 0.000000    -5.916355     0.676950 
59361.517656 0.000000 0.000000    -6.024791     0.682677 
59361.572474 0.000000 0.000000    -6.133025     0.688356 
59361.627293 0.000000 0.000000    -6.240946     0.693983 
59361.682111 0.000000 0.000000    -6.348446     0.699552 
59361.736929 0.000000 0.000000    -6.455414     0.705060 
59361.791748 0.000000 0.000000    -6.561742     0.710503 
59361.846566 0.000000 0.000000    -6.667323     0.715876 
59361.901385 0.000000 0.000000    -6.772049     0.721177 
59361.956203 0.000000 0.000000    -6.875817     0.726401 
59362.011022 0.000000 0.000000    -6.978521     0.731547 
59362.065840 0.000000 0.000000    -7.080061     0.736609 
59362.120658 0.000000 0.000000    -7.180334     0.741586 
59362.175477 0.000000 0.000000    -7.279242     0.746475 
59362.230295 0.000000 0.000000    -7.376688     0.751274 
59362.285114 0.000000 0.000000    -7.472578     0.755979 
59362.339932 0.000000 0.000000    -7.566818     0.760589 
59362.394751 0.000000 0.000000    -7.659319     0.765102 
59362.449569 0.000000 0.000000    -7.749991     0.769515 
59362.504387 0.000000 0.000000    -7.838750     0.773827 
59362.559206 0.000000 0.000000    -7.925513     0.778036 
59362.614024 0.000000 0.000000    -8.010199     0.782141 
59362.668843 0.000000 0.000000    -8.092732     0.786140 
59362.723661 0.000000 0.000000    -8.173038     0.790032 
59362.778480 0.000000 0.000000    -8.251044     0.793816 
59362.833298 0.000000 0.000000    -8.326684     0.797490 
59362.888116 0.000000 0.000000    -8.399892     0.801055 
59362.942935 0.000000 0.000000    -8.470607     0.804508 
59362.997753 0.000000 0.000000    -8.538770     0.807850 
59363.052572 0.000000 0.000000    -8.604328     0.811080 
59363.107390 0.000000 0.000000    -8.667230     0.814197 
59363.162209 0.000000 0.000000    -8.727427     0.817201 
59363.217027 0.000000 0.000000    -8.784876     0.820092 
59363.271845 0.000000 0.000000    -8.839537     0.822870 
59363.326664 0.000000 0.000000    -8.891373     0.825535 
59363.381482 0.000000 0.000000    -8.940353     0.828086 
59363.436301 0.000000 0.000000    -8.986447     0.830525 
59363.491119 0.000000 0.000000    -9.029630     0.832852 
59363.545938 0.000000 0.000000    -9.069883     0.835066 
59363.600756 0.000000 0.000000    -9.107187     0.837169 
59363.655574 0.000000 0.000000    -9.141529     0.839161 
59363.710393 0.000000 0.000000    -9.172900     0.841043 
59363.765211 0.000000 0.000000    -9.201296     0.842816 
59363.820030 0.000000 0.000000    -9.226714     0.844481 
59363.874848 0.000000 0.000000    -9.249157     0.846039 
59363.929666 0.000000 0.000000    -9.268632     0.847490 
59363.984485 0.000000 0.000000    -9.285149     0.848837 
59364.039303 0.000000 0.000000    -9.298721     0.850081 
59364.094122 0.000000 0.000000    -9.309368     0.851222 
59364.148940 0.000000 0.000000    -9.317110     0.852263 
59364.203759 0.000000 0.000000    -9.321972     0.853205 
59364.258577 0.000000 0.000000    -9.323985     0.854050 
59364.313395 0.000000 0.000000    -9.323181     0.854800 
59364.368214 0.000000 0.000000    -9.319595     0.855457 
59364.423032 0.000000 0.000000    -9.313269     0.856022 
59364.477851 0.000000 0.000000    -9.304244     0.856498 
59364.532669 0.000000 0.000000    -9.292567     0.856886 
59364.587488 0.000000 0.000000    -9.278288     0.857190 
59364.642306 0.000000 0.000000    -9.261461     0.857411 
59364.697124 0.000000 0.000000    -9.242140     0.857551 
59364.751943 0.000000 0.000000    -9.220386     0.857613 
59364.806761 0.000000 0.000000    -9.196259     0.857600 
59364.861580 0.000000 0.000000    -9.169826     0.857514 
59364.916398 0.000000 0.000000    -9.141152     0.857358 
59364.971217 0.000000 0.000000    -9.110308     0.857133 
59365.026035 0.000000 0.000000    -9.077367     0.856844 
59365.080853 0.000000 0.000000    -9.042404     0.856492 
59365.135672 0.000000 0.000000    -9.005495     0.856081 
59365.190490 0.000000 0.000000    -8.966719     0.855613 
59365.245309 0.000000 0.000000    -8.926158     0.855091 
59365.300127 0.000000 0.000000    -8.883894     0.854518 
59365.354946 0.000000 0.000000    -8.840013     0.853897 
59365.409764 0.000000 0.000000    -8.794601     0.853230 
59365.464582 0.000000 0.000000    -8.747745     0.852521 
59365.519401 0.000000 0.000000    -8.699534     0.851772 
59365.574219 0.000000 0.000000    -8.650059     0.850987 
59365.629038 0.000000 0.000000    -8.599411     0.850167 
59365.683856 0.000000 0.000000    -8.547683     0.849317 
59365.738675 0.000000 0.000000    -8.494967     0.848439 
59365.793493 0.000000 0.000000    -8.441356     0.847535 
59365.848311 0.000000 0.000000    -8.386945     0.846608 
59365.903130 0.000000 0.000000    -8.331829     0.845662 
59365.957948 0.000000 0.000000    -8.276102     0.844698 
59366.012767 0.000000 0.000000    -8.219858     0.843719 
59366.067585 0.000000 0.000000    -8.163192     0.842728 
59366.122404 0.000000 0.000000    -8.106199     0.841728 
59366.177222 0.000000 0.000000    -8.048971     0.840720 
59366.232040 0.000000 0.000000    -7.991604     0.839707 
59366.286859 0.000000 0.000000    -7.934189     0.838691 
59366.341677 0.000000 0.000000    -7.876819     0.837674 
59366.396496 0.000000 0.000000    -7.819584     0.836658 
59366.451314 0.000000 0.000000    -7.762575     0.835646 
59366.506133 0.000000 0.000000    -7.705880     0.834638 
59366.560951 0.000000 0.000000    -7.649587     0.833638 
59366.615769 0.000000 0.000000    -7.593782     0.832645 
59366.670588 0.000000 0.000000    -7.538549     0.831662 
59366.725406 0.000000 0.000000    -7.483971     0.830691 
59366.780225 0.000000 0.000000    -7.430129     0.829732 
59366.835043 0.000000 0.000000    -7.377103     0.828786 
59366.889862 0.000000 0.000000    -7.324968     0.827855 
59366.944680 0.000000 0.000000    -7.273801     0.826939 
59366.999498 0.000000 0.000000    -7.223673     0.826039 
59367.054317 0.000000 0.000000    -7.174654     0.825156 
59367.109135 0.000000 0.000000    -7.126813     0.824291 
59367.163954 0.000000 0.000000    -7.080216     0.823443 
59367.218772 0.000000 0.000000    -7.034923     0.822614 
59367.273591 0.000000 0.000000    -6.990997     0.821803 
59367.328409 0.000000 0.000000    -6.948492     0.821010 
59367.383227 0.000000 0.000000    -6.907465     0.820236 
59367.438046 0.000000 0.000000    -6.867966     0.819481 
59367.492864 0.000000 0.000000    -6.830044     0.818744 
59367.547683 0.000000 0.000000    -6.793743     0.818025 
59367.602501 0.000000 0.000000    -6.759107     0.817324 
59367.657320 0.000000 0.000000    -6.726174     0.816641 
59367.712138 0.000000 0.000000    -6.694980     0.815975 
59367.766956 0.000000 0.000000    -6.665557     0.815325 
59367.821775 0.000000 0.000000    -6.637936     0.814692 
59367.876593 0.000000 0.000000    -6.612141     0.814074 
59367.931412 0.000000 0.000000    -6.588196     0.813472 
59367.986230 0.000000 0.000000    -6.566120     0.812884 
59368.041049 0.000000 0.000000    -6.545930     0.812309 
59368.095867 0.000000 0.000000    -6.527636     0.811748 
59368.150685 0.000000 0.000000    -6.511250     0.811199 
59368.205504 0.000000 0.000000    -6.496776     0.810661 
59368.260322 0.000000 0.000000    -6.484217     0.810135 
59368.315141 0.000000 0.000000    -6.473573     0.809619 
59368.369959 0.000000 0.000000    -6.464839     0.809113 
59368.424778 0.000000 0.000000    -6.458008     0.808616 
59368.479596 0.000000 0.000000    -6.453069     0.808128 
59368.534414 0.000000 0.000000    -6.450008     0.807647 
59368.589233 0.000000 0.000000    -6.448808     0.807174 
59368.644051 0.000000 0.000000    -6.449449     0.806708 
59368.698870 0.000000 0.000000    -6.451908     0.806248 
59368.753688 0.000000 0.000000    -6.456157     0.805793 
59368.808507 0.000000 0.000000    -6.462168     0.805345 
59368.863325 0.000000 0.000000    -6.469908     0.804901 
59368.918143 0.000000 0.000000    -6.479341     0.804462 
59368.972962 0.000000 0.000000    -6.490431     0.804027 
59369.027780 0.000000 0.000000    -6.503136     0.803596 
59369.082599 0.000000 0.000000    -6.517414     0.803169 
59369.137417 0.000000 0.000000    -6.533217     0.802746 
59369.192236 0.000000 0.000000    -6.550498     0.802327 
59369.247054 0.000000 0.000000    -6.569207     0.801911 
59369.301872 0.000000 0.000000    -6.589289     0.801498 
59369.356691 0.000000 0.000000    -6.610691     0.801089 
59369.411509 0.000000 0.000000    -6.633355     0.800684 
59369.466328 0.000000 0.000000    -6.657222     0.800282 
59369.521146 0.000000 0.000000    -6.682230     0.799883 
59369.575965 0.000000 0.000000    -6.708318     0.799489 
59369.630783 0.000000 0.000000    -6.735421     0.799098 
59369.685601 0.000000 0.000000    -6.763473     0.798712 
59369.740420 0.000000 0.000000    -6.792407     0.798330 
59369.795238 0.000000 0.000000    -6.822154     0.797952 
59369.850057 0.000000 0.000000    -6.852645     0.797580 
59369.904875 0.000000 0.000000    -6.883809     0.797212 
59369.959694 0.000000 0.000000    -6.915574     0.796850 
59370.014512 0.000000 0.000000    -6.947867     0.796494 
59370.069330 0.000000 0.000000    -6.980617     0.796144 
59370.124149 0.000000 0.000000    -7.013748     0.795800 
59370.178967 0.000000 0.000000    -7.047188     0.795463 
59370.233786 0.000000 0.000000    -7.080861     0.795133 
59370.288604 0.000000 0.000000    -7.114694     0.794810 
59370.343423 0.000000 0.000000    -7.148612     0.794495 
59370.398241 0.000000 0.000000    -7.182539     0.794187 
59370.453059 0.000000 0.000000    -7.216403     0.793888 
59370.507878 0.000000 0.000000    -7.250129     0.793597 
59370.562696 0.000000 0.000000    -7.283644     0.793315 
59370.617515 0.000000 0.000000    -7.316874     0.793041 
59370.672333 0.000000 0.000000    -7.349749     0.792777 
59370.727151 0.000000 0.000000    -7.382196     0.792522 
59370.781970 0.000000 0.000000    -7.414145     0.792276 
59370.836788 0.000000 0.000000    -7.445526     0.792040 
59370.891607 0.000000 0.000000    -7.476272     0.791814 
59370.946425 0.000000 0.000000    -7.506316     0.791597 
59371.001244 0.000000 0.000000    -7.535593     0.791390 
59371.056062 0.000000 0.000000    -7.564037     0.791194 
59371.110880 0.000000 0.000000    -7.591587     0.791007 
59371.165699 0.000000 0.000000    -7.618182     0.790830 
59371.220517 0.000000 0.000000    -7.643764     0.790663 
59371.275336 0.000000 0.000000    -7.668274     0.790505 
59371.330154 0.000000 0.000000    -7.691658     0.790358 
59371.384973 0.000000 0.000000    -7.713864     0.790220 
59371.439791 0.000000 0.000000    -7.734839     0.790091 
59371.494609 0.000000 0.000000    -7.754536     0.789972 
59371.549428 0.000000 0.000000    -7.772908     0.789862 
59371.604246 0.000000 0.000000    -7.789911     0.789761 
59371.659065 0.000000 0.000000    -7.805503     0.789669 
59371.713883 0.000000 0.000000    -7.819646     0.789585 
59371.768702 0.000000 0.000000    -7.832303     0.789510 
59371.823520 0.000000 0.000000    -7.843439     0.789443 
59371.878338 0.000000 0.000000    -7.853024     0.789384 
59371.933157 0.000000 0.000000    -7.861030     0.789332 
59371.987975 0.000000 0.000000    -7.867429     0.789288 
59372.042794 0.000000 0.000000    -7.872199     0.789250 
59372.097612 0.000000 0.000000    -7.875320     0.789220 
59372.152431 0.000000 0.000000    -7.876774     0.789196 
59372.207249 0.000000 0.000000    -7.876547     0.789178 
59372.262067 0.000000 0.000000    -7.874627     0.789166 
59372.316886 0.000000 0.000000    -7.871004     0.789160 
59372.371704 0.000000 0.000000    -7.865674     0.789159 
59372.426523 0.000000 0.000000    -7.858632     0.789164 
59372.481341 0.000000 0.000000    -7.849879     0.789173 
59372.536160 0.000000 0.000000    -7.839418     0.789187 
59372.590978 0.000000 0.000000    -7.827252     0.789205 
59372.645796 0.000000 0.000000    -7.813392     0.789228 
59372.700615 0.000000 0.000000    -7.797848     0.789255 
59372.755433 0.000000 0.000000    -7.780633     0.789285 
59372.810252 0.000000 0.000000    -7.761765     0.789319 
59372.865070 0.000000 0.000000    -7.741263     0.789356 
59372.919889 0.000000 0.000000    -7.719148     0.789397 
59372.974707 0.000000 0.000000    -7.695447     0.789440 
59373.029525 0.000000 0.000000    -7.670185     0.789486 
59373.084344 0.000000 0.000000    -7.643392     0.789536 
59373.139162 0.000000 0.000000    -7.615102     0.789587 
59373.193981 0.000000 0.000000    -7.585347     0.789641 
59373.248799 0.000000 0.000000    -7.554167     0.789698 
59373.303618 0.000000 0.000000    -7.521599     0.789757 
59373.358436 0.000000 0.000000    -7.487685     0.789818 
59373.413254 0.000000 0.000000    -7.452469     0.789881 
59373.468073 0.000000 0.000000    -7.415996     0.789946 
59373.522891 0.000000 0.000000    -7.378314     0.790012 
59373.577710 0.000000 0.000000    -7.339473     0.790081 
59373.632528 0.000000 0.000000    -7.299523     0.790151 
59373.687347 0.000000 0.000000    -7.258519     0.790224 
59373.742165 0.000000 0.000000    -7.216513     0.790297 
59373.796983 0.000000 0.000000    -7.173563     0.790373 
59373.851802 0.000000 0.000000    -7.129726     0.790450 
59373.906620 0.000000 0.000000    -7.085061     0.790528 
59373.961439 0.000000 0.000000    -7.039627     0.790608 
59374.016257 0.000000 0.000000    -6.993486     0.790689 
59374.071076 0.000000 0.000000    -6.946700     0.790771 
59374.125894 0.000000 0.000000    -0.619398          nan 
