# time Tc_folded Tref_folded value value_err offset model full_model val_compare val_compare_err residuals residuals_err jitter jitter_flag offset_flag subset_flag 
59332.836022 0.737647 0.223198 -1.370000 0.162000 4.583662 -2.269432 -2.563672 -1.075760 0.162000 1.193672 0.162000 1.102054  -1  -1  -1 
59332.840022 0.741647 0.224579 -2.074000 0.160000 4.583662 -2.266016 -2.557951 -1.782065 0.160000 0.483951 0.160000 1.102054  -1  -1  -1 
59332.847022 0.748647 0.226997 -0.987000 0.162000 4.583662 -2.259481 -2.547393 -0.699088 0.162000 1.560393 0.162000 1.102054  -1  -1  -1 
59334.861022 -0.132654 0.922607 0.284000 0.170000 4.583662 0.363488 0.423094 0.224394 0.170000 -0.139094 0.170000 1.102054  -1  -1  -1 
59334.868022 -0.125654 0.925025 -0.167000 0.170000 4.583662 0.335913 0.393872 -0.224959 0.170000 -0.560872 0.170000 1.102054  -1  -1  -1 
59334.872022 -0.121654 0.926406 -0.809000 0.170000 4.583662 0.320088 0.377099 -0.866011 0.170000 -1.186099 0.170000 1.102054  -1  -1  -1 
59336.947022 -0.941954 0.643085 -1.691000 0.172000 4.583662 1.899230 1.173627 -0.965397 0.172000 -2.864627 0.172000 1.102054  -1  -1  -1 
59336.958022 -0.930954 0.646884 0.141000 0.172000 4.583662 1.906270 1.177338 0.869933 0.172000 -1.036338 0.172000 1.102054  -1  -1  -1 
59336.962022 -0.926954 0.648266 1.028000 0.172000 4.583662 1.908607 1.178471 1.758136 0.172000 -0.150471 0.172000 1.102054  -1  -1  -1 
59337.837022 -0.051954 0.950480 -1.373000 0.168000 4.583662 0.037095 -0.833092 -0.502813 0.168000 -0.539908 0.168000 1.102054  -1  -1  -1 
59337.844022 -0.044954 0.952897 -1.391000 0.169000 4.583662 0.008001 -0.862188 -0.520811 0.169000 -0.528812 0.169000 1.102054  -1  -1  -1 
59337.852022 -0.036954 0.955660 -1.425000 0.170000 4.583662 -0.025378 -0.895547 -0.554831 0.170000 -0.529453 0.170000 1.102054  -1  -1  -1 
59338.901022 1.012046 0.317972 -4.251000 0.172000 4.583662 -1.538547 -2.191185 -3.598362 0.172000 -2.059815 0.172000 1.102054  -1  -1  -1 
59338.908022 1.019046 0.320389 -2.152000 0.172000 4.583662 -1.508789 -2.158630 -1.502159 0.172000 0.006630 0.172000 1.102054  -1  -1  -1 
59338.912022 1.023046 0.321771 -2.065000 0.172000 4.583662 -1.491603 -2.139839 -1.416765 0.172000 0.074839 0.172000 1.102054  -1  -1  -1 
59339.831022 -0.953255 0.639182 2.413000 0.166000 4.583662 1.891054 1.721324 2.582731 0.166000 0.691676 0.166000 1.102054  -1  -1  -1 
59339.835022 -0.949255 0.640563 2.587000 0.167000 4.583662 1.894058 1.726754 2.754304 0.167000 0.860246 0.167000 1.102054  -1  -1  -1 
59339.839022 -0.945255 0.641945 2.260000 0.167000 4.583662 1.896941 1.732066 2.424875 0.167000 0.527934 0.167000 1.102054  -1  -1  -1 
59341.879022 1.094745 0.346535 -0.825000 0.171000 4.583662 -1.164095 -0.242356 -1.746738 0.171000 -0.582644 0.171000 1.102054  -1  -1  -1 
59341.883022 1.098745 0.347916 -0.282000 0.171000 4.583662 -1.144899 -0.221959 -1.204941 0.171000 -0.060041 0.171000 1.102054  -1  -1  -1 
59341.886022 1.101745 0.348953 -2.256000 0.171000 4.583662 -1.130450 -0.206611 -3.179839 0.171000 -2.049389 0.171000 1.102054  -1  -1  -1 
59342.827022 -0.852556 0.673962 2.969000 0.166000 4.583662 1.930650 2.981468 1.918182 0.166000 -0.012468 0.166000 1.102054  -1  -1  -1 
59342.835022 -0.844556 0.676725 3.508000 0.167000 4.583662 1.930634 2.981222 2.457412 0.167000 0.526778 0.167000 1.102054  -1  -1  -1 
59342.838022 -0.841556 0.677761 2.157000 0.168000 4.583662 1.930510 2.981006 1.106504 0.168000 -0.824006 0.168000 1.102054  -1  -1  -1 
59343.864022 0.184444 0.032129 -1.467000 0.171000 4.583662 -0.973115 -0.101807 -2.338308 0.171000 -1.365193 0.171000 1.102054  -1  -1  -1 
59343.872022 0.192444 0.034892 -0.375000 0.171000 4.583662 -1.006923 -0.137929 -1.243994 0.171000 -0.237071 0.171000 1.102054  -1  -1  -1 
59343.875022 0.195444 0.035928 0.238000 0.172000 4.583662 -1.019567 -0.151443 -0.630124 0.172000 0.389443 0.172000 1.102054  -1  -1  -1 
59348.951022 -0.519157 0.789114 1.144000 0.157000 4.583662 1.566412 2.098505 0.611907 0.157000 -0.954505 0.157000 1.102054  -1  -1  -1 
59348.959022 -0.511157 0.791877 2.201000 0.157000 4.583662 1.549158 2.082457 1.667701 0.157000 0.118543 0.157000 1.102054  -1  -1  -1 
59348.970022 -0.500157 0.795676 1.220000 0.157000 4.583662 1.524836 2.059780 0.685056 0.157000 -0.839780 0.157000 1.102054  -1  -1  -1 
59351.925022 -0.440458 0.816295 2.105000 0.154000 4.583662 1.381034 1.629608 1.856426 0.154000 0.475392 0.154000 1.102054  -1  -1  -1 
59351.929022 -0.436458 0.817677 2.686000 0.154000 4.583662 1.370703 1.618341 2.438362 0.154000 1.067659 0.154000 1.102054  -1  -1  -1 
59351.933022 -0.432458 0.819058 2.909000 0.154000 4.583662 1.360285 1.606989 2.662296 0.154000 1.302011 0.154000 1.102054  -1  -1  -1 
59352.840022 0.474542 0.132325 -1.399000 0.167000 4.583662 -2.014821 -1.915721 -1.498099 0.167000 0.516721 0.167000 1.102054  -1  -1  -1 
59352.851022 0.485542 0.136124 -1.424000 0.168000 4.583662 -2.042315 -1.943855 -1.522460 0.168000 0.519855 0.168000 1.102054  -1  -1  -1 
59352.855022 0.489542 0.137506 -2.927000 0.169000 4.583662 -2.052007 -1.953771 -3.025236 0.169000 -0.973229 0.169000 1.102054  -1  -1  -1 
59354.913022 -0.347759 0.848313 3.573000 0.171000 4.583662 1.120199 1.898598 2.794601 0.171000 1.674402 0.171000 1.102054  -1  -1  -1 
59354.921022 -0.339759 0.851076 2.322000 0.171000 4.583662 1.095664 1.879865 1.537799 0.171000 0.442135 0.171000 1.102054  -1  -1  -1 
59354.928022 -0.332759 0.853493 2.579000 0.171000 4.583662 1.073943 1.863236 1.789707 0.171000 0.715764 0.171000 1.102054  -1  -1  -1 
59356.918022 -1.238059 0.540814 3.625000 0.169000 4.583662 1.359895 3.811770 1.173126 0.169000 -0.186770 0.169000 1.102054  -1  -1  -1 
59356.929022 -1.227059 0.544613 3.251000 0.169000 4.583662 1.392153 3.851782 0.791371 0.169000 -0.600782 0.169000 1.102054  -1  -1  -1 
59356.933022 -1.223059 0.545995 4.605000 0.169000 4.583662 1.403651 3.866089 2.142563 0.169000 0.738911 0.169000 1.102054  -1  -1  -1 
59357.975022 -0.181059 0.905888 5.077000 0.172000 4.583662 0.549729 3.473084 2.153645 0.172000 1.603916 0.172000 1.102054  -1  -1  -1 
59357.982022 -0.174059 0.908306 3.576000 0.172000 4.583662 0.523299 3.447570 0.651730 0.172000 0.128430 0.172000 1.102054  -1  -1  -1 
59357.990022 -0.166059 0.911069 3.288000 0.172000 4.583662 0.492879 3.418156 0.362723 0.172000 -0.130156 0.172000 1.102054  -1  -1  -1 
59358.889022 0.732941 0.221572 0.254000 0.170000 4.583662 -2.273155 0.479213 -2.498368 0.170000 -0.225213 0.170000 1.102054  -1  -1  -1 
59358.893022 0.736941 0.222954 -0.296000 0.170000 4.583662 -2.270011 0.480303 -3.046314 0.170000 -0.776303 0.170000 1.102054  -1  -1  -1 
59358.897022 0.740941 0.224335 0.553000 0.170000 4.583662 -2.266636 0.481614 -2.195250 0.170000 0.071386 0.170000 1.102054  -1  -1  -1 
59359.898022 -1.153360 0.570068 2.500000 0.171000 4.583662 1.584007 3.492786 0.591221 0.171000 -0.992786 0.171000 1.102054  -1  -1  -1 
59359.901022 -1.150360 0.571104 3.774000 0.171000 4.583662 1.590916 3.496335 1.868581 0.171000 0.277665 0.171000 1.102054  -1  -1  -1 
59359.913022 -1.138360 0.575249 3.551000 0.171000 4.583662 1.617845 3.509783 1.659063 0.171000 0.041217 0.171000 1.102054  -1  -1  -1 
