# time Tc_folded Tref_folded model model_err 
59330.571122 0.000000 0.000000     5.452128     0.618417 
59330.605774 0.000000 0.000000     5.454284     0.617377 
59330.640426 0.000000 0.000000     5.455735     0.616305 
59330.675078 0.000000 0.000000     5.456486     0.615203 
59330.709730 0.000000 0.000000     5.456541     0.614069 
59330.744382 0.000000 0.000000     5.455906     0.612904 
59330.779034 0.000000 0.000000     5.454586     0.611709 
59330.813686 0.000000 0.000000     5.452588     0.610483 
59330.848338 0.000000 0.000000     5.449917     0.609226 
59330.882990 0.000000 0.000000     5.446581     0.607939 
59330.917642 0.000000 0.000000     5.442585     0.606622 
59330.952294 0.000000 0.000000     5.437939     0.605275 
59330.986946 0.000000 0.000000     5.432648     0.603898 
59331.021598 0.000000 0.000000     5.426722     0.602491 
59331.056250 0.000000 0.000000     5.420168     0.601055 
59331.090902 0.000000 0.000000     5.412995     0.599590 
59331.125554 0.000000 0.000000     5.405212     0.598097 
59331.160206 0.000000 0.000000     5.396828     0.596575 
59331.194858 0.000000 0.000000     5.387852     0.595024 
59331.229510 0.000000 0.000000     5.378295     0.593446 
59331.264162 0.000000 0.000000     5.368166     0.591841 
59331.298814 0.000000 0.000000     5.357476     0.590209 
59331.333466 0.000000 0.000000     5.346235     0.588550 
59331.368118 0.000000 0.000000     5.334454     0.586865 
59331.402770 0.000000 0.000000     5.322144     0.585153 
59331.437422 0.000000 0.000000     5.309316     0.583417 
59331.472074 0.000000 0.000000     5.295983     0.581656 
59331.506726 0.000000 0.000000     5.282155     0.579870 
59331.541378 0.000000 0.000000     5.267844     0.578060 
59331.576030 0.000000 0.000000     5.253064     0.576227 
59331.610682 0.000000 0.000000     5.237826     0.574371 
59331.645334 0.000000 0.000000     5.222143     0.572493 
59331.679986 0.000000 0.000000     5.206028     0.570593 
59331.714638 0.000000 0.000000     5.189494     0.568672 
59331.749290 0.000000 0.000000     5.172553     0.566730 
59331.783942 0.000000 0.000000     5.155220     0.564768 
59331.818594 0.000000 0.000000     5.137507     0.562787 
59331.853246 0.000000 0.000000     5.119429     0.560788 
59331.887898 0.000000 0.000000     5.100999     0.558770 
59331.922550 0.000000 0.000000     5.082232     0.556735 
59331.957202 0.000000 0.000000     5.063140     0.554684 
59331.991854 0.000000 0.000000     5.043738     0.552617 
59332.026506 0.000000 0.000000     5.024041     0.550535 
59332.061158 0.000000 0.000000     5.004063     0.548438 
59332.095810 0.000000 0.000000     4.983818     0.546328 
59332.130462 0.000000 0.000000     4.963321     0.544206 
59332.165114 0.000000 0.000000     4.942587     0.542071 
59332.199766 0.000000 0.000000     4.921629     0.539925 
59332.234418 0.000000 0.000000     4.900463     0.537769 
59332.269070 0.000000 0.000000     4.879104     0.535604 
59332.303722 0.000000 0.000000     4.857565     0.533430 
59332.338374 0.000000 0.000000     4.835863     0.531249 
59332.373026 0.000000 0.000000     4.814012     0.529061 
59332.407678 0.000000 0.000000     4.792026     0.526867 
59332.442330 0.000000 0.000000     4.769921     0.524668 
59332.476982 0.000000 0.000000     4.747711     0.522466 
59332.511634 0.000000 0.000000     4.725412     0.520260 
59332.546286 0.000000 0.000000     4.703037     0.518053 
59332.580938 0.000000 0.000000     4.680602     0.515845 
59332.615590 0.000000 0.000000     4.658121     0.513636 
59332.650242 0.000000 0.000000     4.635609     0.511429 
59332.684894 0.000000 0.000000     4.613080     0.509224 
59332.719546 0.000000 0.000000     4.590550     0.507021 
59332.754198 0.000000 0.000000     4.568032     0.504823 
59332.788850 0.000000 0.000000     4.545540     0.502630 
59332.823502 0.000000 0.000000     4.523090     0.500443 
59332.858154 0.000000 0.000000     4.500694     0.498263 
59332.892806 0.000000 0.000000     4.478368     0.496091 
59332.927458 0.000000 0.000000     4.456125     0.493928 
59332.962110 0.000000 0.000000     4.433978     0.491775 
59332.996762 0.000000 0.000000     4.411942     0.489634 
59333.031414 0.000000 0.000000     4.390029     0.487504 
59333.066066 0.000000 0.000000     4.368254     0.485388 
59333.100718 0.000000 0.000000     4.346629     0.483286 
59333.135370 0.000000 0.000000     4.325167     0.481200 
59333.170022 0.000000 0.000000     4.303882     0.479129 
59333.204674 0.000000 0.000000     4.282784     0.477075 
59333.239326 0.000000 0.000000     4.261889     0.475040 
59333.273978 0.000000 0.000000     4.241206     0.473023 
59333.308630 0.000000 0.000000     4.220749     0.471026 
59333.343282 0.000000 0.000000     4.200529     0.469050 
59333.377934 0.000000 0.000000     4.180558     0.467095 
59333.412586 0.000000 0.000000     4.160847     0.465162 
59333.447238 0.000000 0.000000     4.141408     0.463253 
59333.481890 0.000000 0.000000     4.122250     0.461367 
59333.516542 0.000000 0.000000     4.103386     0.459506 
59333.551194 0.000000 0.000000     4.084825     0.457670 
59333.585846 0.000000 0.000000     4.066577     0.455860 
59333.620498 0.000000 0.000000     4.048653     0.454077 
59333.655150 0.000000 0.000000     4.031062     0.452320 
59333.689802 0.000000 0.000000     4.013813     0.450591 
59333.724454 0.000000 0.000000     3.996916     0.448890 
59333.759106 0.000000 0.000000     3.980379     0.447218 
59333.793758 0.000000 0.000000     3.964211     0.445574 
59333.828410 0.000000 0.000000     3.948420     0.443959 
59333.863062 0.000000 0.000000     3.933014     0.442374 
59333.897714 0.000000 0.000000     3.918000     0.440818 
59333.932366 0.000000 0.000000     3.903387     0.439293 
59333.967018 0.000000 0.000000     3.889180     0.437797 
59334.001670 0.000000 0.000000     3.875387     0.436331 
59334.036322 0.000000 0.000000     3.862015     0.434895 
59334.070974 0.000000 0.000000     3.849068     0.433490 
59334.105626 0.000000 0.000000     3.836554     0.432114 
59334.140278 0.000000 0.000000     3.824477     0.430768 
59334.174930 0.000000 0.000000     3.812842     0.429452 
59334.209582 0.000000 0.000000     3.801655     0.428165 
59334.244234 0.000000 0.000000     3.790920     0.426907 
59334.278886 0.000000 0.000000     3.780641     0.425679 
59334.313538 0.000000 0.000000     3.770822     0.424478 
59334.348190 0.000000 0.000000     3.761466     0.423306 
59334.382842 0.000000 0.000000     3.752577     0.422161 
59334.417494 0.000000 0.000000     3.744157     0.421044 
59334.452146 0.000000 0.000000     3.736209     0.419953 
59334.486798 0.000000 0.000000     3.728736     0.418888 
59334.521450 0.000000 0.000000     3.721738     0.417849 
59334.556102 0.000000 0.000000     3.715217     0.416835 
59334.590754 0.000000 0.000000     3.709175     0.415844 
59334.625406 0.000000 0.000000     3.703612     0.414878 
59334.660058 0.000000 0.000000     3.698530     0.413934 
59334.694710 0.000000 0.000000     3.693927     0.413012 
59334.729362 0.000000 0.000000     3.689804     0.412111 
59334.764014 0.000000 0.000000     3.686160     0.411232 
59334.798666 0.000000 0.000000     3.682995     0.410372 
59334.833318 0.000000 0.000000     3.680307     0.409531 
59334.867970 0.000000 0.000000     3.678095     0.408708 
59334.902622 0.000000 0.000000     3.676357     0.407903 
59334.937274 0.000000 0.000000     3.675090     0.407115 
59334.971926 0.000000 0.000000     3.674293     0.406343 
59335.006578 0.000000 0.000000     3.673963     0.405585 
59335.041230 0.000000 0.000000     3.674097     0.404842 
59335.075882 0.000000 0.000000     3.674690     0.404113 
59335.110534 0.000000 0.000000     3.675740     0.403397 
59335.145186 0.000000 0.000000     3.677242     0.402693 
59335.179838 0.000000 0.000000     3.679193     0.402000 
59335.214490 0.000000 0.000000     3.681587     0.401317 
59335.249142 0.000000 0.000000     3.684420     0.400645 
59335.283794 0.000000 0.000000     3.687686     0.399982 
59335.318446 0.000000 0.000000     3.691380     0.399327 
59335.353098 0.000000 0.000000     3.695496     0.398680 
59335.387750 0.000000 0.000000     3.700029     0.398041 
59335.422402 0.000000 0.000000     3.704971     0.397408 
59335.457054 0.000000 0.000000     3.710317     0.396781 
59335.491706 0.000000 0.000000     3.716059     0.396160 
59335.526358 0.000000 0.000000     3.722190     0.395543 
59335.561010 0.000000 0.000000     3.728704     0.394931 
59335.595662 0.000000 0.000000     3.735592     0.394323 
59335.630314 0.000000 0.000000     3.742847     0.393719 
59335.664966 0.000000 0.000000     3.750460     0.393118 
59335.699618 0.000000 0.000000     3.758424     0.392519 
59335.734270 0.000000 0.000000     3.766730     0.391923 
59335.768922 0.000000 0.000000     3.775368     0.391328 
59335.803574 0.000000 0.000000     3.784332     0.390736 
59335.838226 0.000000 0.000000     3.793610     0.390144 
59335.872878 0.000000 0.000000     3.803194     0.389554 
59335.907530 0.000000 0.000000     3.813074     0.388964 
59335.942182 0.000000 0.000000     3.823241     0.388375 
59335.976834 0.000000 0.000000     3.833685     0.387787 
59336.011486 0.000000 0.000000     3.844396     0.387199 
59336.046138 0.000000 0.000000     3.855363     0.386611 
59336.080790 0.000000 0.000000     3.866577     0.386023 
59336.115442 0.000000 0.000000     3.878026     0.385435 
59336.150094 0.000000 0.000000     3.889700     0.384846 
59336.184746 0.000000 0.000000     3.901589     0.384258 
59336.219398 0.000000 0.000000     3.913682     0.383670 
59336.254050 0.000000 0.000000     3.925967     0.383081 
59336.288702 0.000000 0.000000     3.938433     0.382492 
59336.323354 0.000000 0.000000     3.951070     0.381903 
59336.358006 0.000000 0.000000     3.963866     0.381315 
59336.392658 0.000000 0.000000     3.976809     0.380726 
59336.427310 0.000000 0.000000     3.989889     0.380137 
59336.461962 0.000000 0.000000     4.003093     0.379549 
59336.496614 0.000000 0.000000     4.016411     0.378961 
59336.531266 0.000000 0.000000     4.029829     0.378374 
59336.565918 0.000000 0.000000     4.043338     0.377787 
59336.600570 0.000000 0.000000     4.056925     0.377201 
59336.635222 0.000000 0.000000     4.070578     0.376617 
59336.669874 0.000000 0.000000     4.084286     0.376034 
59336.704526 0.000000 0.000000     4.098036     0.375452 
59336.739178 0.000000 0.000000     4.111818     0.374872 
59336.773830 0.000000 0.000000     4.125619     0.374294 
59336.808482 0.000000 0.000000     4.139427     0.373718 
59336.843134 0.000000 0.000000     4.153231     0.373145 
59336.877786 0.000000 0.000000     4.167019     0.372574 
59336.912438 0.000000 0.000000     4.180780     0.372007 
59336.947090 0.000000 0.000000     4.194501     0.371442 
59336.981742 0.000000 0.000000     4.208171     0.370881 
59337.016394 0.000000 0.000000     4.221779     0.370324 
59337.051046 0.000000 0.000000     4.235313     0.369771 
59337.085698 0.000000 0.000000     4.248761     0.369222 
59337.120350 0.000000 0.000000     4.262113     0.368677 
59337.155002 0.000000 0.000000     4.275357     0.368137 
59337.189654 0.000000 0.000000     4.288482     0.367603 
59337.224306 0.000000 0.000000     4.301477     0.367073 
59337.258958 0.000000 0.000000     4.314330     0.366549 
59337.293610 0.000000 0.000000     4.327032     0.366031 
59337.328262 0.000000 0.000000     4.339572     0.365518 
59337.362914 0.000000 0.000000     4.351938     0.365012 
59337.397566 0.000000 0.000000     4.364121     0.364512 
59337.432218 0.000000 0.000000     4.376110     0.364019 
59337.466870 0.000000 0.000000     4.387896     0.363533 
59337.501522 0.000000 0.000000     4.399467     0.363053 
59337.536174 0.000000 0.000000     4.410815     0.362581 
59337.570826 0.000000 0.000000     4.421929     0.362116 
59337.605478 0.000000 0.000000     4.432800     0.361659 
59337.640130 0.000000 0.000000     4.443420     0.361209 
59337.674782 0.000000 0.000000     4.453778     0.360768 
59337.709434 0.000000 0.000000     4.463866     0.360334 
59337.744086 0.000000 0.000000     4.473675     0.359908 
59337.778738 0.000000 0.000000     4.483197     0.359490 
59337.813390 0.000000 0.000000     4.492423     0.359081 
59337.848042 0.000000 0.000000     4.501346     0.358680 
59337.882694 0.000000 0.000000     4.509956     0.358287 
59337.917346 0.000000 0.000000     4.518248     0.357903 
59337.951998 0.000000 0.000000     4.526213     0.357528 
59337.986650 0.000000 0.000000     4.533844     0.357161 
59338.021302 0.000000 0.000000     4.541135     0.356803 
59338.055954 0.000000 0.000000     4.548078     0.356453 
59338.090606 0.000000 0.000000     4.554667     0.356112 
59338.125258 0.000000 0.000000     4.560896     0.355780 
59338.159910 0.000000 0.000000     4.566759     0.355457 
59338.194562 0.000000 0.000000     4.572250     0.355142 
59338.229214 0.000000 0.000000     4.577364     0.354836 
59338.263866 0.000000 0.000000     4.582096     0.354538 
59338.298518 0.000000 0.000000     4.586440     0.354249 
59338.333170 0.000000 0.000000     4.590392     0.353969 
59338.367822 0.000000 0.000000     4.593948     0.353697 
59338.402474 0.000000 0.000000     4.597104     0.353433 
59338.437126 0.000000 0.000000     4.599856     0.353178 
59338.471778 0.000000 0.000000     4.602199     0.352931 
59338.506430 0.000000 0.000000     4.604132     0.352693 
59338.541082 0.000000 0.000000     4.605651     0.352463 
59338.575734 0.000000 0.000000     4.606753     0.352240 
59338.610386 0.000000 0.000000     4.607436     0.352026 
59338.645038 0.000000 0.000000     4.607698     0.351820 
59338.679690 0.000000 0.000000     4.607537     0.351621 
59338.714342 0.000000 0.000000     4.606951     0.351431 
59338.748994 0.000000 0.000000     4.605939     0.351248 
59338.783646 0.000000 0.000000     4.604501     0.351073 
59338.818298 0.000000 0.000000     4.602635     0.350905 
59338.852950 0.000000 0.000000     4.600341     0.350745 
59338.887602 0.000000 0.000000     4.597619     0.350592 
59338.922254 0.000000 0.000000     4.594468     0.350446 
59338.956906 0.000000 0.000000     4.590891     0.350308 
59338.991558 0.000000 0.000000     4.586887     0.350177 
59339.026210 0.000000 0.000000     4.582457     0.350053 
59339.060862 0.000000 0.000000     4.577602     0.349936 
59339.095514 0.000000 0.000000     4.572325     0.349826 
59339.130166 0.000000 0.000000     4.566627     0.349722 
59339.164818 0.000000 0.000000     4.560510     0.349626 
59339.199470 0.000000 0.000000     4.553977     0.349536 
59339.234122 0.000000 0.000000     4.547030     0.349453 
59339.268774 0.000000 0.000000     4.539672     0.349377 
59339.303426 0.000000 0.000000     4.531907     0.349308 
59339.338078 0.000000 0.000000     4.523738     0.349245 
59339.372730 0.000000 0.000000     4.515168     0.349188 
59339.407382 0.000000 0.000000     4.506203     0.349138 
59339.442034 0.000000 0.000000     4.496845     0.349095 
59339.476686 0.000000 0.000000     4.487100     0.349058 
59339.511338 0.000000 0.000000     4.476973     0.349028 
59339.545990 0.000000 0.000000     4.466468     0.349004 
59339.580642 0.000000 0.000000     4.455590     0.348986 
59339.615294 0.000000 0.000000     4.444346     0.348975 
59339.649946 0.000000 0.000000     4.432740     0.348970 
59339.684598 0.000000 0.000000     4.420780     0.348971 
59339.719250 0.000000 0.000000     4.408471     0.348979 
59339.753902 0.000000 0.000000     4.395819     0.348994 
59339.788554 0.000000 0.000000     4.382831     0.349014 
59339.823206 0.000000 0.000000     4.369515     0.349041 
59339.857858 0.000000 0.000000     4.355876     0.349074 
59339.892510 0.000000 0.000000     4.341923     0.349114 
59339.927162 0.000000 0.000000     4.327663     0.349160 
59339.961814 0.000000 0.000000     4.313103     0.349212 
59339.996466 0.000000 0.000000     4.298252     0.349270 
59340.031118 0.000000 0.000000     4.283116     0.349335 
59340.065770 0.000000 0.000000     4.267705     0.349406 
59340.100422 0.000000 0.000000     4.252027     0.349483 
59340.135074 0.000000 0.000000     4.236091     0.349567 
59340.169726 0.000000 0.000000     4.219904     0.349656 
59340.204378 0.000000 0.000000     4.203476     0.349752 
59340.239030 0.000000 0.000000     4.186816     0.349854 
59340.273682 0.000000 0.000000     4.169933     0.349962 
59340.308334 0.000000 0.000000     4.152836     0.350077 
59340.342986 0.000000 0.000000     4.135535     0.350197 
59340.377638 0.000000 0.000000     4.118038     0.350323 
59340.412290 0.000000 0.000000     4.100357     0.350455 
59340.446942 0.000000 0.000000     4.082499     0.350593 
59340.481594 0.000000 0.000000     4.064475     0.350737 
59340.516246 0.000000 0.000000     4.046296     0.350886 
59340.550898 0.000000 0.000000     4.027970     0.351041 
59340.585550 0.000000 0.000000     4.009508     0.351202 
59340.620202 0.000000 0.000000     3.990920     0.351368 
59340.654854 0.000000 0.000000     3.972217     0.351539 
59340.689506 0.000000 0.000000     3.953408     0.351716 
59340.724158 0.000000 0.000000     3.934504     0.351898 
59340.758810 0.000000 0.000000     3.915515     0.352085 
59340.793462 0.000000 0.000000     3.896451     0.352276 
59340.828114 0.000000 0.000000     3.877323     0.352473 
59340.862766 0.000000 0.000000     3.858142     0.352674 
59340.897418 0.000000 0.000000     3.838918     0.352879 
59340.932070 0.000000 0.000000     3.819660     0.353089 
59340.966722 0.000000 0.000000     3.800380     0.353303 
59341.001374 0.000000 0.000000     3.781089     0.353521 
59341.036026 0.000000 0.000000     3.761796     0.353743 
59341.070678 0.000000 0.000000     3.742512     0.353969 
59341.105330 0.000000 0.000000     3.723247     0.354198 
59341.139982 0.000000 0.000000     3.704012     0.354430 
59341.174634 0.000000 0.000000     3.684816     0.354666 
59341.209286 0.000000 0.000000     3.665672     0.354904 
59341.243938 0.000000 0.000000     3.646587     0.355145 
59341.278590 0.000000 0.000000     3.627573     0.355389 
59341.313242 0.000000 0.000000     3.608640     0.355635 
59341.347894 0.000000 0.000000     3.589798     0.355884 
59341.382546 0.000000 0.000000     3.571056     0.356134 
59341.417198 0.000000 0.000000     3.552424     0.356386 
59341.451850 0.000000 0.000000     3.533913     0.356640 
59341.486502 0.000000 0.000000     3.515532     0.356895 
59341.521154 0.000000 0.000000     3.497290     0.357151 
59341.555806 0.000000 0.000000     3.479197     0.357408 
59341.590458 0.000000 0.000000     3.461263     0.357666 
59341.625110 0.000000 0.000000     3.443495     0.357925 
59341.659762 0.000000 0.000000     3.425904     0.358184 
59341.694414 0.000000 0.000000     3.408499     0.358443 
59341.729066 0.000000 0.000000     3.391287     0.358703 
59341.763718 0.000000 0.000000     3.374278     0.358962 
59341.798370 0.000000 0.000000     3.357481     0.359221 
59341.833022 0.000000 0.000000     3.340903     0.359479 
59341.867674 0.000000 0.000000     3.324553     0.359737 
59341.902326 0.000000 0.000000     3.308439     0.359994 
59341.936978 0.000000 0.000000     3.292568     0.360250 
59341.971630 0.000000 0.000000     3.276949     0.360505 
59342.006282 0.000000 0.000000     3.261588     0.360759 
59342.040934 0.000000 0.000000     3.246493     0.361012 
59342.075586 0.000000 0.000000     3.231671     0.361263 
59342.110238 0.000000 0.000000     3.217130     0.361512 
59342.144890 0.000000 0.000000     3.202875     0.361760 
59342.179542 0.000000 0.000000     3.188913     0.362006 
59342.214194 0.000000 0.000000     3.175251     0.362250 
59342.248846 0.000000 0.000000     3.161894     0.362493 
59342.283498 0.000000 0.000000     3.148848     0.362733 
59342.318150 0.000000 0.000000     3.136120     0.362972 
59342.352802 0.000000 0.000000     3.123714     0.363208 
59342.387454 0.000000 0.000000     3.111636     0.363442 
59342.422106 0.000000 0.000000     3.099890     0.363674 
59342.456758 0.000000 0.000000     3.088482     0.363904 
59342.491410 0.000000 0.000000     3.077416     0.364132 
59342.526062 0.000000 0.000000     3.066695     0.364358 
59342.560714 0.000000 0.000000     3.056325     0.364581 
59342.595366 0.000000 0.000000     3.046309     0.364803 
59342.630018 0.000000 0.000000     3.036651     0.365022 
59342.664670 0.000000 0.000000     3.027353     0.365240 
59342.699322 0.000000 0.000000     3.018419     0.365456 
59342.733974 0.000000 0.000000     3.009853     0.365670 
59342.768626 0.000000 0.000000     3.001655     0.365882 
59342.803278 0.000000 0.000000     2.993829     0.366092 
59342.837930 0.000000 0.000000     2.986377     0.366301 
59342.872582 0.000000 0.000000     2.979300     0.366509 
59342.907234 0.000000 0.000000     2.972600     0.366715 
59342.941886 0.000000 0.000000     2.966279     0.366921 
59342.976538 0.000000 0.000000     2.960338     0.367125 
59343.011190 0.000000 0.000000     2.954777     0.367328 
59343.045842 0.000000 0.000000     2.949596     0.367531 
59343.080494 0.000000 0.000000     2.944798     0.367733 
59343.115146 0.000000 0.000000     2.940380     0.367935 
59343.149798 0.000000 0.000000     2.936344     0.368137 
59343.184450 0.000000 0.000000     2.932688     0.368339 
59343.219102 0.000000 0.000000     2.929413     0.368541 
59343.253754 0.000000 0.000000     2.926516     0.368744 
59343.288406 0.000000 0.000000     2.923998     0.368947 
59343.323058 0.000000 0.000000     2.921857     0.369151 
59343.357710 0.000000 0.000000     2.920090     0.369356 
59343.392362 0.000000 0.000000     2.918696     0.369563 
59343.427014 0.000000 0.000000     2.917674     0.369771 
59343.461666 0.000000 0.000000     2.917020     0.369980 
59343.496318 0.000000 0.000000     2.916732     0.370192 
59343.530970 0.000000 0.000000     2.916808     0.370406 
59343.565622 0.000000 0.000000     2.917244     0.370622 
59343.600274 0.000000 0.000000     2.918036     0.370841 
59343.634926 0.000000 0.000000     2.919182     0.371063 
59343.669578 0.000000 0.000000     2.920678     0.371288 
59343.704230 0.000000 0.000000     2.922520     0.371516 
59343.738882 0.000000 0.000000     2.924703     0.371747 
59343.773534 0.000000 0.000000     2.927224     0.371982 
59343.808186 0.000000 0.000000     2.930077     0.372221 
59343.842838 0.000000 0.000000     2.933259     0.372464 
59343.877490 0.000000 0.000000     2.936763     0.372711 
59343.912142 0.000000 0.000000     2.940586     0.372963 
59343.946794 0.000000 0.000000     2.944721     0.373219 
59343.981446 0.000000 0.000000     2.949163     0.373480 
59344.016098 0.000000 0.000000     2.953907     0.373745 
59344.050750 0.000000 0.000000     2.958947     0.374016 
59344.085402 0.000000 0.000000     2.964275     0.374291 
59344.120054 0.000000 0.000000     2.969888     0.374572 
59344.154706 0.000000 0.000000     2.975777     0.374859 
59344.189358 0.000000 0.000000     2.981936     0.375150 
59344.224010 0.000000 0.000000     2.988360     0.375447 
59344.258662 0.000000 0.000000     2.995040     0.375750 
59344.293314 0.000000 0.000000     3.001970     0.376058 
59344.327966 0.000000 0.000000     3.009143     0.376372 
59344.362618 0.000000 0.000000     3.016552     0.376691 
59344.397270 0.000000 0.000000     3.024189     0.377016 
59344.431922 0.000000 0.000000     3.032048     0.377347 
59344.466574 0.000000 0.000000     3.040119     0.377683 
59344.501226 0.000000 0.000000     3.048396     0.378024 
59344.535878 0.000000 0.000000     3.056871     0.378372 
59344.570530 0.000000 0.000000     3.065536     0.378724 
59344.605182 0.000000 0.000000     3.074382     0.379082 
59344.639834 0.000000 0.000000     3.083403     0.379445 
59344.674486 0.000000 0.000000     3.092590     0.379813 
59344.709138 0.000000 0.000000     3.101934     0.380186 
59344.743790 0.000000 0.000000     3.111428     0.380564 
59344.778442 0.000000 0.000000     3.121062     0.380946 
59344.813094 0.000000 0.000000     3.130829     0.381333 
59344.847746 0.000000 0.000000     3.140721     0.381724 
59344.882398 0.000000 0.000000     3.150728     0.382119 
59344.917050 0.000000 0.000000     3.160843     0.382518 
59344.951702 0.000000 0.000000     3.171056     0.382921 
59344.986354 0.000000 0.000000     3.181360     0.383327 
59345.021006 0.000000 0.000000     3.191745     0.383736 
59345.055658 0.000000 0.000000     3.202203     0.384147 
59345.090310 0.000000 0.000000     3.212726     0.384562 
59345.124962 0.000000 0.000000     3.223305     0.384978 
59345.159614 0.000000 0.000000     3.233931     0.385397 
59345.194266 0.000000 0.000000     3.244597     0.385817 
59345.228918 0.000000 0.000000     3.255292     0.386239 
59345.263570 0.000000 0.000000     3.266009     0.386662 
59345.298222 0.000000 0.000000     3.276740     0.387085 
59345.332874 0.000000 0.000000     3.287476     0.387509 
59345.367526 0.000000 0.000000     3.298209     0.387932 
59345.402178 0.000000 0.000000     3.308929     0.388356 
59345.436830 0.000000 0.000000     3.319630     0.388779 
59345.471482 0.000000 0.000000     3.330303     0.389200 
59345.506134 0.000000 0.000000     3.340940     0.389621 
59345.540786 0.000000 0.000000     3.351532     0.390040 
59345.575438 0.000000 0.000000     3.362072     0.390456 
59345.610090 0.000000 0.000000     3.372552     0.390870 
59345.644742 0.000000 0.000000     3.382964     0.391282 
59345.679394 0.000000 0.000000     3.393300     0.391690 
59345.714046 0.000000 0.000000     3.403554     0.392095 
59345.748698 0.000000 0.000000     3.413716     0.392496 
59345.783350 0.000000 0.000000     3.423781     0.392893 
59345.818002 0.000000 0.000000     3.433741     0.393285 
59345.852654 0.000000 0.000000     3.443588     0.393673 
59345.887306 0.000000 0.000000     3.453316     0.394055 
59345.921958 0.000000 0.000000     3.462917     0.394432 
59345.956610 0.000000 0.000000     3.472386     0.394803 
59345.991262 0.000000 0.000000     3.481716     0.395168 
59346.025914 0.000000 0.000000     3.490899     0.395526 
59346.060566 0.000000 0.000000     3.499931     0.395878 
59346.095218 0.000000 0.000000     3.508804     0.396222 
59346.129870 0.000000 0.000000     3.517513     0.396559 
59346.164522 0.000000 0.000000     3.526053     0.396888 
59346.199174 0.000000 0.000000     3.534416     0.397210 
59346.233826 0.000000 0.000000     3.542599     0.397523 
59346.268478 0.000000 0.000000     3.550596     0.397828 
59346.303130 0.000000 0.000000     3.558401     0.398124 
59346.337782 0.000000 0.000000     3.566010     0.398412 
59346.372434 0.000000 0.000000     3.573418     0.398690 
59346.407086 0.000000 0.000000     3.580620     0.398959 
59346.441738 0.000000 0.000000     3.587613     0.399218 
59346.476390 0.000000 0.000000     3.594391     0.399467 
59346.511042 0.000000 0.000000     3.600952     0.399707 
59346.545694 0.000000 0.000000     3.607291     0.399937 
59346.580346 0.000000 0.000000     3.613405     0.400156 
59346.614998 0.000000 0.000000     3.619291     0.400365 
59346.649650 0.000000 0.000000     3.624945     0.400564 
59346.684302 0.000000 0.000000     3.630364     0.400752 
59346.718954 0.000000 0.000000     3.635546     0.400929 
59346.753606 0.000000 0.000000     3.640488     0.401095 
59346.788258 0.000000 0.000000     3.645188     0.401251 
59346.822910 0.000000 0.000000     3.649644     0.401395 
59346.857562 0.000000 0.000000     3.653854     0.401529 
59346.892214 0.000000 0.000000     3.657816     0.401651 
59346.926866 0.000000 0.000000     3.661529     0.401763 
59346.961518 0.000000 0.000000     3.664992     0.401863 
59346.996170 0.000000 0.000000     3.668204     0.401952 
59347.030822 0.000000 0.000000     3.671163     0.402030 
59347.065474 0.000000 0.000000     3.673870     0.402097 
59347.100126 0.000000 0.000000     3.676324     0.402153 
59347.134778 0.000000 0.000000     3.678524     0.402199 
59347.169430 0.000000 0.000000     3.680472     0.402233 
59347.204082 0.000000 0.000000     3.682167     0.402256 
59347.238734 0.000000 0.000000     3.683609     0.402268 
59347.273386 0.000000 0.000000     3.684801     0.402270 
59347.308038 0.000000 0.000000     3.685741     0.402261 
59347.342690 0.000000 0.000000     3.686432     0.402242 
59347.377342 0.000000 0.000000     3.686875     0.402212 
59347.411994 0.000000 0.000000     3.687072     0.402172 
59347.446646 0.000000 0.000000     3.687024     0.402122 
59347.481298 0.000000 0.000000     3.686733     0.402062 
59347.515950 0.000000 0.000000     3.686202     0.401992 
59347.550602 0.000000 0.000000     3.685433     0.401912 
59347.585254 0.000000 0.000000     3.684428     0.401823 
59347.619906 0.000000 0.000000     3.683190     0.401725 
59347.654558 0.000000 0.000000     3.681723     0.401618 
59347.689210 0.000000 0.000000     3.680029     0.401502 
59347.723862 0.000000 0.000000     3.678112     0.401377 
59347.758514 0.000000 0.000000     3.675975     0.401244 
59347.793166 0.000000 0.000000     3.673622     0.401102 
59347.827818 0.000000 0.000000     3.671057     0.400953 
59347.862470 0.000000 0.000000     3.668283     0.400796 
59347.897122 0.000000 0.000000     3.665306     0.400631 
59347.931774 0.000000 0.000000     3.662130     0.400459 
59347.966426 0.000000 0.000000     3.658759     0.400280 
59348.001078 0.000000 0.000000     3.655198     0.400094 
59348.035730 0.000000 0.000000     3.651451     0.399902 
59348.070382 0.000000 0.000000     3.647524     0.399703 
59348.105034 0.000000 0.000000     3.643422     0.399499 
59348.139686 0.000000 0.000000     3.639151     0.399288 
59348.174338 0.000000 0.000000     3.634715     0.399072 
59348.208990 0.000000 0.000000     3.630120     0.398851 
59348.243642 0.000000 0.000000     3.625373     0.398625 
59348.278294 0.000000 0.000000     3.620478     0.398395 
59348.312946 0.000000 0.000000     3.615443     0.398159 
59348.347598 0.000000 0.000000     3.610272     0.397920 
59348.382250 0.000000 0.000000     3.604972     0.397677 
59348.416902 0.000000 0.000000     3.599549     0.397430 
59348.451554 0.000000 0.000000     3.594011     0.397180 
59348.486206 0.000000 0.000000     3.588362     0.396926 
59348.520858 0.000000 0.000000     3.582610     0.396670 
59348.555510 0.000000 0.000000     3.576761     0.396411 
59348.590162 0.000000 0.000000     3.570822     0.396149 
59348.624814 0.000000 0.000000     3.564801     0.395886 
59348.659466 0.000000 0.000000     3.558702     0.395620 
59348.694118 0.000000 0.000000     3.552535     0.395353 
59348.728770 0.000000 0.000000     3.546304     0.395084 
59348.763422 0.000000 0.000000     3.540018     0.394814 
59348.798074 0.000000 0.000000     3.533684     0.394543 
59348.832726 0.000000 0.000000     3.527308     0.394271 
59348.867378 0.000000 0.000000     3.520897     0.393999 
59348.902030 0.000000 0.000000     3.514460     0.393726 
59348.936682 0.000000 0.000000     3.508002     0.393452 
59348.971334 0.000000 0.000000     3.501531     0.393179 
59349.005986 0.000000 0.000000     3.495054     0.392906 
59349.040638 0.000000 0.000000     3.488578     0.392633 
59349.075290 0.000000 0.000000     3.482111     0.392360 
59349.109942 0.000000 0.000000     3.475659     0.392088 
59349.144594 0.000000 0.000000     3.469229     0.391816 
59349.179246 0.000000 0.000000     3.462829     0.391545 
59349.213898 0.000000 0.000000     3.456466     0.391276 
59349.248550 0.000000 0.000000     3.450146     0.391007 
59349.283202 0.000000 0.000000     3.443877     0.390740 
59349.317854 0.000000 0.000000     3.437665     0.390473 
59349.352506 0.000000 0.000000     3.431518     0.390209 
59349.387158 0.000000 0.000000     3.425441     0.389945 
59349.421810 0.000000 0.000000     3.419442     0.389684 
59349.456462 0.000000 0.000000     3.413528     0.389424 
59349.491114 0.000000 0.000000     3.407704     0.389165 
59349.525766 0.000000 0.000000     3.401978     0.388909 
59349.560418 0.000000 0.000000     3.396356     0.388654 
59349.595070 0.000000 0.000000     3.390843     0.388401 
59349.629722 0.000000 0.000000     3.385447     0.388151 
59349.664374 0.000000 0.000000     3.380173     0.387902 
59349.699026 0.000000 0.000000     3.375027     0.387656 
59349.733678 0.000000 0.000000     3.370016     0.387411 
59349.768330 0.000000 0.000000     3.365144     0.387169 
59349.802982 0.000000 0.000000     3.360417     0.386930 
59349.837634 0.000000 0.000000     3.355841     0.386692 
59349.872286 0.000000 0.000000     3.351421     0.386457 
59349.906938 0.000000 0.000000     3.347163     0.386224 
59349.941590 0.000000 0.000000     3.343070     0.385994 
59349.976242 0.000000 0.000000     3.339149     0.385767 
59350.010894 0.000000 0.000000     3.335404     0.385541 
59350.045546 0.000000 0.000000     3.331839     0.385319 
59350.080198 0.000000 0.000000     3.328459     0.385099 
59350.114850 0.000000 0.000000     3.325267     0.384882 
59350.149502 0.000000 0.000000     3.322269     0.384668 
59350.184154 0.000000 0.000000     3.319468     0.384457 
59350.218806 0.000000 0.000000     3.316867     0.384248 
59350.253458 0.000000 0.000000     3.314470     0.384043 
59350.288110 0.000000 0.000000     3.312280     0.383841 
59350.322762 0.000000 0.000000     3.310301     0.383642 
59350.357414 0.000000 0.000000     3.308535     0.383447 
59350.392066 0.000000 0.000000     3.306986     0.383255 
59350.426718 0.000000 0.000000     3.305654     0.383066 
59350.461370 0.000000 0.000000     3.304544     0.382881 
59350.496022 0.000000 0.000000     3.303656     0.382700 
59350.530674 0.000000 0.000000     3.302994     0.382524 
59350.565326 0.000000 0.000000     3.302558     0.382351 
59350.599978 0.000000 0.000000     3.302350     0.382182 
59350.634630 0.000000 0.000000     3.302371     0.382018 
59350.669282 0.000000 0.000000     3.302622     0.381859 
59350.703934 0.000000 0.000000     3.303105     0.381705 
59350.738586 0.000000 0.000000     3.303819     0.381555 
59350.773238 0.000000 0.000000     3.304765     0.381411 
59350.807890 0.000000 0.000000     3.305943     0.381273 
59350.842542 0.000000 0.000000     3.307354     0.381140 
59350.877194 0.000000 0.000000     3.308996     0.381013 
59350.911846 0.000000 0.000000     3.310869     0.380893 
59350.946498 0.000000 0.000000     3.312973     0.380779 
59350.981150 0.000000 0.000000     3.315307     0.380672 
59351.015802 0.000000 0.000000     3.317868     0.380572 
59351.050454 0.000000 0.000000     3.320657     0.380479 
59351.085106 0.000000 0.000000     3.323670     0.380394 
59351.119758 0.000000 0.000000     3.326907     0.380318 
59351.154410 0.000000 0.000000     3.330365     0.380249 
59351.189062 0.000000 0.000000     3.334041     0.380189 
59351.223714 0.000000 0.000000     3.337934     0.380138 
59351.258366 0.000000 0.000000     3.342041     0.380096 
59351.293018 0.000000 0.000000     3.346357     0.380064 
59351.327670 0.000000 0.000000     3.350881     0.380042 
59351.362322 0.000000 0.000000     3.355608     0.380031 
59351.396974 0.000000 0.000000     3.360536     0.380030 
59351.431626 0.000000 0.000000     3.365659     0.380040 
59351.466278 0.000000 0.000000     3.370974     0.380061 
59351.500930 0.000000 0.000000     3.376477     0.380094 
59351.535582 0.000000 0.000000     3.382163     0.380139 
59351.570234 0.000000 0.000000     3.388028     0.380197 
59351.604886 0.000000 0.000000     3.394065     0.380267 
59351.639538 0.000000 0.000000     3.400271     0.380350 
59351.674190 0.000000 0.000000     3.406640     0.380447 
59351.708842 0.000000 0.000000     3.413167     0.380557 
59351.743494 0.000000 0.000000     3.419844     0.380681 
59351.778146 0.000000 0.000000     3.426668     0.380820 
59351.812798 0.000000 0.000000     3.433631     0.380973 
59351.847450 0.000000 0.000000     3.440727     0.381141 
59351.882102 0.000000 0.000000     3.447950     0.381323 
59351.916754 0.000000 0.000000     3.455294     0.381521 
59351.951406 0.000000 0.000000     3.462750     0.381735 
59351.986058 0.000000 0.000000     3.470313     0.381964 
59352.020710 0.000000 0.000000     3.477976     0.382208 
59352.055362 0.000000 0.000000     3.485730     0.382469 
59352.090014 0.000000 0.000000     3.493569     0.382746 
59352.124666 0.000000 0.000000     3.501484     0.383039 
59352.159318 0.000000 0.000000     3.509469     0.383348 
59352.193970 0.000000 0.000000     3.517515     0.383674 
59352.228622 0.000000 0.000000     3.525615     0.384016 
59352.263274 0.000000 0.000000     3.533760     0.384374 
59352.297926 0.000000 0.000000     3.541941     0.384749 
59352.332578 0.000000 0.000000     3.550152     0.385140 
59352.367230 0.000000 0.000000     3.558382     0.385547 
59352.401882 0.000000 0.000000     3.566624     0.385971 
59352.436534 0.000000 0.000000     3.574870     0.386410 
59352.471186 0.000000 0.000000     3.583109     0.386866 
59352.505838 0.000000 0.000000     3.591333     0.387337 
59352.540490 0.000000 0.000000     3.599535     0.387823 
59352.575142 0.000000 0.000000     3.607703     0.388325 
59352.609794 0.000000 0.000000     3.615830     0.388842 
59352.644446 0.000000 0.000000     3.623907     0.389373 
59352.679098 0.000000 0.000000     3.631923     0.389919 
59352.713750 0.000000 0.000000     3.639871     0.390479 
59352.748402 0.000000 0.000000     3.647740     0.391052 
59352.783054 0.000000 0.000000     3.655521     0.391639 
59352.817706 0.000000 0.000000     3.663206     0.392239 
59352.852358 0.000000 0.000000     3.670785     0.392851 
59352.887010 0.000000 0.000000     3.678248     0.393476 
59352.921662 0.000000 0.000000     3.685586     0.394112 
59352.956314 0.000000 0.000000     3.692790     0.394758 
59352.990966 0.000000 0.000000     3.699851     0.395416 
59353.025618 0.000000 0.000000     3.706758     0.396083 
59353.060270 0.000000 0.000000     3.713504     0.396760 
59353.094922 0.000000 0.000000     3.720078     0.397446 
59353.129574 0.000000 0.000000     3.726472     0.398140 
59353.164226 0.000000 0.000000     3.732676     0.398842 
59353.198878 0.000000 0.000000     3.738681     0.399551 
59353.233530 0.000000 0.000000     3.744477     0.400267 
59353.268182 0.000000 0.000000     3.750057     0.400988 
59353.302834 0.000000 0.000000     3.755411     0.401715 
59353.337486 0.000000 0.000000     3.760530     0.402446 
59353.372138 0.000000 0.000000     3.765406     0.403181 
59353.406790 0.000000 0.000000     3.770029     0.403920 
59353.441442 0.000000 0.000000     3.774392     0.404662 
59353.476094 0.000000 0.000000     3.778485     0.405405 
59353.510746 0.000000 0.000000     3.782300     0.406150 
59353.545398 0.000000 0.000000     3.785829     0.406895 
59353.580050 0.000000 0.000000     3.789065     0.407641 
59353.614702 0.000000 0.000000     3.791998     0.408386 
59353.649354 0.000000 0.000000     3.794621     0.409130 
59353.684006 0.000000 0.000000     3.796927     0.409872 
59353.718658 0.000000 0.000000     3.798907     0.410611 
59353.753310 0.000000 0.000000     3.800555     0.411347 
59353.787962 0.000000 0.000000     3.801863     0.412080 
59353.822614 0.000000 0.000000     3.802824     0.412808 
59353.857266 0.000000 0.000000     3.803431     0.413531 
59353.891918 0.000000 0.000000     3.803678     0.414248 
59353.926570 0.000000 0.000000     3.803558     0.414959 
59353.961222 0.000000 0.000000     3.803064     0.415664 
59353.995874 0.000000 0.000000     3.802191     0.416360 
59354.030526 0.000000 0.000000     3.800933     0.417049 
59354.065178 0.000000 0.000000     3.799284     0.417729 
59354.099830 0.000000 0.000000     3.797238     0.418401 
59354.134482 0.000000 0.000000     3.794790     0.419062 
59354.169134 0.000000 0.000000     3.791935     0.419714 
59354.203786 0.000000 0.000000     3.788668     0.420354 
59354.238438 0.000000 0.000000     3.784986     0.420984 
59354.273090 0.000000 0.000000     3.780882     0.421602 
59354.307742 0.000000 0.000000     3.776354     0.422207 
59354.342394 0.000000 0.000000     3.771397     0.422801 
59354.377046 0.000000 0.000000     3.766008     0.423381 
59354.411698 0.000000 0.000000     3.760184     0.423948 
59354.446350 0.000000 0.000000     3.753921     0.424501 
59354.481002 0.000000 0.000000     3.747217     0.425039 
59354.515654 0.000000 0.000000     3.740069     0.425563 
59354.550306 0.000000 0.000000     3.732474     0.426073 
59354.584958 0.000000 0.000000     3.724432     0.426566 
59354.619610 0.000000 0.000000     3.715940     0.427045 
59354.654262 0.000000 0.000000     3.706996     0.427507 
59354.688914 0.000000 0.000000     3.697600     0.427953 
59354.723566 0.000000 0.000000     3.687751     0.428382 
59354.758218 0.000000 0.000000     3.677448     0.428795 
59354.792870 0.000000 0.000000     3.666691     0.429190 
59354.827522 0.000000 0.000000     3.655480     0.429568 
59354.862174 0.000000 0.000000     3.643815     0.429929 
59354.896826 0.000000 0.000000     3.631697     0.430272 
59354.931478 0.000000 0.000000     3.619126     0.430597 
59354.966130 0.000000 0.000000     3.606105     0.430904 
59355.000782 0.000000 0.000000     3.592634     0.431193 
59355.035434 0.000000 0.000000     3.578716     0.431463 
59355.070086 0.000000 0.000000     3.564352     0.431715 
59355.104738 0.000000 0.000000     3.549544     0.431948 
59355.139390 0.000000 0.000000     3.534297     0.432162 
59355.174042 0.000000 0.000000     3.518612     0.432358 
59355.208694 0.000000 0.000000     3.502493     0.432534 
59355.243346 0.000000 0.000000     3.485944     0.432692 
59355.277998 0.000000 0.000000     3.468968     0.432831 
59355.312650 0.000000 0.000000     3.451570     0.432950 
59355.347302 0.000000 0.000000     3.433755     0.433051 
59355.381954 0.000000 0.000000     3.415526     0.433132 
59355.416606 0.000000 0.000000     3.396890     0.433195 
59355.451258 0.000000 0.000000     3.377852     0.433239 
59355.485910 0.000000 0.000000     3.358417     0.433263 
59355.520562 0.000000 0.000000     3.338592     0.433269 
59355.555214 0.000000 0.000000     3.318383     0.433256 
59355.589866 0.000000 0.000000     3.297797     0.433224 
59355.624518 0.000000 0.000000     3.276840     0.433173 
59355.659170 0.000000 0.000000     3.255519     0.433104 
59355.693822 0.000000 0.000000     3.233843     0.433016 
59355.728474 0.000000 0.000000     3.211818     0.432910 
59355.763126 0.000000 0.000000     3.189454     0.432785 
59355.797778 0.000000 0.000000     3.166757     0.432643 
59355.832430 0.000000 0.000000     3.143738     0.432482 
59355.867082 0.000000 0.000000     3.120404     0.432304 
59355.901734 0.000000 0.000000     3.096765     0.432108 
59355.936386 0.000000 0.000000     3.072830     0.431894 
59355.971038 0.000000 0.000000     3.048608     0.431663 
59356.005690 0.000000 0.000000     3.024110     0.431415 
59356.040342 0.000000 0.000000     2.999346     0.431150 
59356.074994 0.000000 0.000000     2.974326     0.430869 
59356.109646 0.000000 0.000000     2.949060     0.430571 
59356.144298 0.000000 0.000000     2.923560     0.430256 
59356.178950 0.000000 0.000000     2.897836     0.429926 
59356.213602 0.000000 0.000000     2.871899     0.429579 
59356.248254 0.000000 0.000000     2.845762     0.429217 
59356.282906 0.000000 0.000000     2.819436     0.428840 
59356.317558 0.000000 0.000000     2.792932     0.428448 
59356.352210 0.000000 0.000000     2.766263     0.428040 
59356.386862 0.000000 0.000000     2.739441     0.427618 
59356.421514 0.000000 0.000000     2.712478     0.427182 
59356.456166 0.000000 0.000000     2.685387     0.426731 
59356.490818 0.000000 0.000000     2.658181     0.426266 
59356.525470 0.000000 0.000000     2.630872     0.425788 
59356.560122 0.000000 0.000000     2.603474     0.425297 
59356.594774 0.000000 0.000000     2.576001     0.424792 
59356.629426 0.000000 0.000000     2.548464     0.424275 
59356.664078 0.000000 0.000000     2.520879     0.423745 
59356.698730 0.000000 0.000000     2.493258     0.423202 
59356.733382 0.000000 0.000000     2.465615     0.422648 
59356.768034 0.000000 0.000000     2.437965     0.422082 
59356.802686 0.000000 0.000000     2.410320     0.421504 
59356.837338 0.000000 0.000000     2.382696     0.420915 
59356.871990 0.000000 0.000000     2.355106     0.420315 
59356.906642 0.000000 0.000000     2.327565     0.419705 
59356.941294 0.000000 0.000000     2.300086     0.419084 
59356.975946 0.000000 0.000000     2.272685     0.418453 
59357.010598 0.000000 0.000000     2.245376     0.417812 
59357.045250 0.000000 0.000000     2.218172     0.417162 
59357.079902 0.000000 0.000000     2.191089     0.416502 
59357.114554 0.000000 0.000000     2.164142     0.415833 
59357.149206 0.000000 0.000000     2.137344     0.415156 
59357.183858 0.000000 0.000000     2.110711     0.414470 
59357.218510 0.000000 0.000000     2.084256     0.413775 
59357.253162 0.000000 0.000000     2.057995     0.413073 
59357.287814 0.000000 0.000000     2.031942     0.412364 
59357.322466 0.000000 0.000000     2.006112     0.411647 
59357.357118 0.000000 0.000000     1.980519     0.410923 
59357.391770 0.000000 0.000000     1.955177     0.410192 
59357.426422 0.000000 0.000000     1.930102     0.409455 
59357.461074 0.000000 0.000000     1.905307     0.408711 
59357.495726 0.000000 0.000000     1.880806     0.407962 
59357.530378 0.000000 0.000000     1.856615     0.407208 
59357.565030 0.000000 0.000000     1.832747     0.406448 
59357.599682 0.000000 0.000000     1.809216     0.405684 
59357.634334 0.000000 0.000000     1.786037     0.404915 
59357.668986 0.000000 0.000000     1.763222     0.404142 
59357.703638 0.000000 0.000000     1.740787     0.403365 
59357.738290 0.000000 0.000000     1.718744     0.402585 
59357.772942 0.000000 0.000000     1.697107     0.401802 
59357.807594 0.000000 0.000000     1.675890     0.401017 
59357.842246 0.000000 0.000000     1.655105     0.400229 
59357.876898 0.000000 0.000000     1.634766     0.399441 
59357.911550 0.000000 0.000000     1.614886     0.398651 
59357.946202 0.000000 0.000000     1.595477     0.397860 
59357.980854 0.000000 0.000000     1.576552     0.397070 
59358.015506 0.000000 0.000000     1.558124     0.396280 
59358.050158 0.000000 0.000000     1.540204     0.395491 
59358.084810 0.000000 0.000000     1.522804     0.394704 
59358.119462 0.000000 0.000000     1.505937     0.393919 
59358.154114 0.000000 0.000000     1.489614     0.393137 
59358.188766 0.000000 0.000000     1.473846     0.392360 
59358.223418 0.000000 0.000000     1.458644     0.391587 
59358.258070 0.000000 0.000000     1.444020     0.390819 
59358.292722 0.000000 0.000000     1.429983     0.390057 
59358.327374 0.000000 0.000000     1.416544     0.389303 
59358.362026 0.000000 0.000000     1.403713     0.388557 
59358.396678 0.000000 0.000000     1.391501     0.387819 
59358.431330 0.000000 0.000000     1.379916     0.387092 
59358.465982 0.000000 0.000000     1.368968     0.386376 
59358.500634 0.000000 0.000000     1.358666     0.385672 
59358.535286 0.000000 0.000000     1.349019     0.384981 
59358.569938 0.000000 0.000000     1.340035     0.384305 
59358.604590 0.000000 0.000000     1.331722     0.383645 
59358.639242 0.000000 0.000000     1.324088     0.383003 
59358.673894 0.000000 0.000000     1.317140     0.382378 
59358.708546 0.000000 0.000000     1.310886     0.381774 
59358.743198 0.000000 0.000000     1.305333     0.381192 
59358.777850 0.000000 0.000000     1.300487     0.380633 
59358.812502 0.000000 0.000000     1.296354     0.380098 
59358.847154 0.000000 0.000000     1.292940     0.379590 
59358.881806 0.000000 0.000000     1.290250     0.379110 
59358.916458 0.000000 0.000000     1.288291     0.378659 
59358.951110 0.000000 0.000000     1.287066     0.378241 
59358.985762 0.000000 0.000000     1.286580     0.377855 
59359.020414 0.000000 0.000000     1.286838     0.377505 
59359.055066 0.000000 0.000000     1.287842     0.377192 
59359.089718 0.000000 0.000000     1.289597     0.376918 
59359.124370 0.000000 0.000000     1.292105     0.376685 
59359.159022 0.000000 0.000000     1.295369     0.376495 
59359.193674 0.000000 0.000000     1.299392     0.376349 
59359.228326 0.000000 0.000000     1.304175     0.376250 
59359.262978 0.000000 0.000000     1.309720     0.376200 
59359.297630 0.000000 0.000000     1.316027     0.376200 
59359.332282 0.000000 0.000000     1.323099     0.376253 
59359.366934 0.000000 0.000000     1.330935     0.376360 
59359.401586 0.000000 0.000000     1.339535     0.376522 
59359.436238 0.000000 0.000000     1.348898     0.376743 
59359.470890 0.000000 0.000000     1.359025     0.377022 
59359.505542 0.000000 0.000000     1.369914     0.377363 
59359.540194 0.000000 0.000000     1.381564     0.377766 
59359.574846 0.000000 0.000000     1.393972     0.378233 
59359.609498 0.000000 0.000000     1.407136     0.378765 
59359.644150 0.000000 0.000000     1.421055     0.379363 
59359.678802 0.000000 0.000000     1.435723     0.380028 
59359.713454 0.000000 0.000000     1.451140     0.380761 
59359.748106 0.000000 0.000000     1.467299     0.381564 
59359.782758 0.000000 0.000000     1.484198     0.382436 
59359.817410 0.000000 0.000000     1.501832     0.383379 
59359.852062 0.000000 0.000000     1.520196     0.384392 
59359.886714 0.000000 0.000000     1.539284     0.385476 
59359.921366 0.000000 0.000000     1.559092     0.386630 
59359.956018 0.000000 0.000000     1.579612     0.387856 
59359.990670 0.000000 0.000000     1.600838     0.389152 
59360.025322 0.000000 0.000000     1.622765     0.390518 
59360.059974 0.000000 0.000000     1.645384     0.391953 
59360.094626 0.000000 0.000000     1.668688     0.393458 
59360.129278 0.000000 0.000000     1.692669     0.395031 
59360.163930 0.000000 0.000000     1.717320     0.396671 
59360.198582 0.000000 0.000000     1.742631     0.398377 
59360.233234 0.000000 0.000000     1.768594     0.400148 
59360.267886 0.000000 0.000000     1.795199     0.401982 
59360.302538 0.000000 0.000000     1.822438     0.403879 
59360.337190 0.000000 0.000000     1.850299     0.405837 
59360.371842 0.000000 0.000000     1.878773     0.407853 
59360.406494 0.000000 0.000000     1.907850     0.409927 
59360.441146 0.000000 0.000000     1.937519     0.412057 
59360.475798 0.000000 0.000000     1.967767     0.414241 
59360.510450 0.000000 0.000000     1.998585     0.416476 
59360.545102 0.000000 0.000000     2.029961     0.418762 
59360.579754 0.000000 0.000000     2.061881     0.421096 
59360.614406 0.000000 0.000000     2.094334     0.423476 
59360.649058 0.000000 0.000000     2.127308     0.425900 
59360.683710 0.000000 0.000000     2.160790     0.428366 
59360.718362 0.000000 0.000000     2.194766     0.430872 
59360.753014 0.000000 0.000000     2.229222     0.433416 
59360.787666 0.000000 0.000000     2.264147     0.435996 
59360.822318 0.000000 0.000000     2.299525     0.438610 
59360.856970 0.000000 0.000000     2.335342     0.441256 
59360.891622 0.000000 0.000000     2.371585     0.443931 
59360.926274 0.000000 0.000000     2.408238     0.446634 
59360.960926 0.000000 0.000000     2.445287     0.449363 
59360.995578 0.000000 0.000000     2.482717     0.452116 
59361.030230 0.000000 0.000000     2.520512     0.454891 
59361.064882 0.000000 0.000000     2.558658     0.457686 
59361.099534 0.000000 0.000000     2.597139     0.460499 
59361.134186 0.000000 0.000000     2.635939     0.463328 
59361.168838 0.000000 0.000000     2.675042     0.466172 
59361.203490 0.000000 0.000000     2.714432     0.469028 
59361.238142 0.000000 0.000000     2.754093     0.471896 
59361.272794 0.000000 0.000000     2.794009     0.474773 
59361.307446 0.000000 0.000000     2.834163     0.477657 
59361.342098 0.000000 0.000000     2.874539     0.480548 
59361.376750 0.000000 0.000000     2.915119     0.483443 
59361.411402 0.000000 0.000000     2.955888     0.486341 
59361.446054 0.000000 0.000000     2.996829     0.489240 
59361.480706 0.000000 0.000000     3.037923     0.492140 
59361.515358 0.000000 0.000000     3.079155     0.495038 
59361.550010 0.000000 0.000000     3.120507     0.497933 
59361.584662 0.000000 0.000000     3.161962     0.500824 
59361.619314 0.000000 0.000000     3.203503     0.503710 
59361.653966 0.000000 0.000000     3.245113     0.506589 
59361.688618 0.000000 0.000000     3.286774     0.509461 
59361.723270 0.000000 0.000000     8.515597     0.528380 
