# time Tc_folded Tref_folded value value_err offset model full_model val_compare val_compare_err residuals residuals_err jitter jitter_flag offset_flag subset_flag 
59333.170022 0.000000 0.000000 0.709000 0.283000 5.489461 -3.564502 0.651728 -3.507229 0.283000 0.057272 0.283000 1.782334  -1  -1  -1 
59333.173022 0.000000 0.000000 1.695000 0.282000 5.489461 -3.564420 0.665811 -2.535230 0.282000 1.029189 0.282000 1.782334  -1  -1  -1 
59333.174022 0.000000 0.000000 2.281000 0.282000 5.489461 -3.564393 0.670516 -1.953909 0.282000 1.610484 0.282000 1.782334  -1  -1  -1 
59334.195022 0.000000 0.000000 3.086000 0.287000 5.489461 -3.824585 3.586657 -4.325242 0.287000 -0.500657 0.287000 1.782334  -1  -1  -1 
59334.199022 0.000000 0.000000 4.264000 0.288000 5.489461 -3.826558 3.583214 -3.145772 0.288000 0.680786 0.288000 1.782334  -1  -1  -1 
59334.200022 0.000000 0.000000 4.215000 0.288000 5.489461 -3.827052 3.582335 -3.194387 0.288000 0.632665 0.288000 1.782334  -1  -1  -1 
59335.191022 0.000000 0.000000 1.212000 0.286000 5.489461 -4.427719 0.034169 -3.249887 0.286000 1.177831 0.286000 1.782334  -1  -1  -1 
59335.193022 0.000000 0.000000 1.663000 0.287000 5.489461 -4.429017 0.024460 -2.790477 0.287000 1.638540 0.287000 1.782334  -1  -1  -1 
59335.194022 0.000000 0.000000 1.510000 0.287000 5.489461 -4.429667 0.019609 -2.939276 0.287000 1.490391 0.287000 1.782334  -1  -1  -1 
59336.256022 0.000000 0.000000 -0.495000 0.279000 5.489461 -5.008592 0.161112 -5.664704 0.279000 -0.656112 0.279000 1.782334  -1  -1  -1 
59336.258022 0.000000 0.000000 -3.726000 0.281000 5.489461 -5.009339 0.170581 -8.905920 0.281000 -3.896581 0.281000 1.782334  -1  -1  -1 
59336.260022 0.000000 0.000000 -2.396000 0.280000 5.489461 -5.010084 0.180047 -7.586131 0.280000 -2.576047 0.280000 1.782334  -1  -1  -1 
59337.143022 0.000000 0.000000 3.258000 0.278000 5.489461 -5.148556 2.234491 -4.125047 0.278000 1.023509 0.278000 1.782334  -1  -1  -1 
59337.145022 0.000000 0.000000 3.317000 0.278000 5.489461 -5.148406 2.233199 -4.064605 0.278000 1.083801 0.278000 1.782334  -1  -1  -1 
59337.146022 0.000000 0.000000 3.531000 0.279000 5.489461 -5.148330 2.232543 -3.849873 0.279000 1.298457 0.279000 1.782334  -1  -1  -1 
59338.236022 0.000000 0.000000 -2.499000 0.278000 5.489461 -4.763079 -0.891929 -6.370150 0.278000 -1.607071 0.278000 1.782334  -1  -1  -1 
59338.238022 0.000000 0.000000 -2.433000 0.278000 5.489461 -4.761880 -0.897889 -6.296991 0.278000 -1.535111 0.278000 1.782334  -1  -1  -1 
59338.240022 0.000000 0.000000 -2.325000 0.277000 5.489461 -4.760681 -0.903823 -6.181858 0.277000 -1.421177 0.277000 1.782334  -1  -1  -1 
59339.159022 0.000000 0.000000 0.880000 0.279000 5.489461 -4.097207 1.111798 -4.329005 0.279000 -0.231798 0.279000 1.782334  -1  -1  -1 
59339.160022 0.000000 0.000000 3.202000 0.279000 5.489461 -4.096412 1.117691 -2.012103 0.279000 2.084309 0.279000 1.782334  -1  -1  -1 
59339.161022 0.000000 0.000000 3.749000 0.279000 5.489461 -4.095618 1.123582 -1.470201 0.279000 2.625418 0.279000 1.782334  -1  -1  -1 
59340.160022 0.000000 0.000000 6.836000 0.276000 5.489461 -3.342855 3.904593 -0.411448 0.276000 2.931407 0.276000 1.782334  -1  -1  -1 
59340.162022 0.000000 0.000000 3.335000 0.275000 5.489461 -3.341547 3.902882 -3.909429 0.275000 -0.567882 0.275000 1.782334  -1  -1  -1 
59340.165022 0.000000 0.000000 5.784000 0.275000 5.489461 -3.339587 3.900266 -1.455852 0.275000 1.883734 0.275000 1.782334  -1  -1  -1 
59341.153022 0.000000 0.000000 0.511000 0.270000 5.489461 -2.881461 0.913397 -3.283858 0.270000 -0.402397 0.270000 1.782334  -1  -1  -1 
59341.154022 0.000000 0.000000 2.216000 0.272000 5.489461 -2.881215 0.910203 -1.575418 0.272000 1.305797 0.272000 1.782334  -1  -1  -1 
59341.155022 0.000000 0.000000 -0.466000 0.272000 5.489461 -2.880970 0.907015 -4.253984 0.272000 -1.373015 0.272000 1.782334  -1  -1  -1 
59343.263022 0.000000 0.000000 2.930000 0.272000 5.489461 -3.295465 3.512025 -3.877490 0.272000 -0.582025 0.272000 1.782334  -1  -1  -1 
59343.268022 0.000000 0.000000 3.136000 0.270000 5.489461 -3.297947 3.495982 -3.657929 0.270000 -0.359982 0.270000 1.782334  -1  -1  -1 
59343.271022 0.000000 0.000000 3.825000 0.269000 5.489461 -3.299436 3.486292 -2.960729 0.269000 0.338708 0.269000 1.782334  -1  -1  -1 
59344.197022 0.000000 0.000000 2.570000 0.289000 5.489461 -3.756247 -0.381688 -0.804559 0.289000 2.951688 0.289000 1.782334  -1  -1  -1 
59344.199022 0.000000 0.000000 1.134000 0.289000 5.489461 -3.757141 -0.386764 -2.236377 0.289000 1.520764 0.289000 1.782334  -1  -1  -1 
59344.200022 0.000000 0.000000 2.434000 0.288000 5.489461 -3.757588 -0.389285 -0.934302 0.288000 2.823285 0.288000 1.782334  -1  -1  -1 
59345.303022 0.000000 0.000000 2.932000 0.279000 5.489461 -4.092268 2.652179 -3.812447 0.279000 0.279821 0.279000 1.782334  -1  -1  -1 
59345.305022 0.000000 0.000000 3.951000 0.279000 5.489461 -4.092530 2.658367 -2.799897 0.279000 1.292633 0.279000 1.782334  -1  -1  -1 
59345.309022 0.000000 0.000000 5.538000 0.278000 5.489461 -4.093049 2.670658 -1.225706 0.278000 2.867342 0.278000 1.782334  -1  -1  -1 
59346.243022 0.000000 0.000000 0.780000 0.281000 5.489461 -4.068321 2.492268 -5.780588 0.281000 -1.712268 0.281000 1.782334  -1  -1  -1 
59346.244022 0.000000 0.000000 0.494000 0.281000 5.489461 -4.068151 2.489311 -6.063462 0.281000 -1.995311 0.281000 1.782334  -1  -1  -1 
59346.247022 0.000000 0.000000 0.204000 0.281000 5.489461 -4.067640 2.480414 -6.344054 0.281000 -2.276414 0.281000 1.782334  -1  -1  -1 
59347.181022 0.000000 0.000000 0.070000 0.282000 5.489461 -3.821478 -0.586734 -3.164743 0.282000 0.656734 0.282000 1.782334  -1  -1  -1 
59347.182022 0.000000 0.000000 0.614000 0.282000 5.489461 -3.821156 -0.587426 -2.619730 0.282000 1.201426 0.282000 1.782334  -1  -1  -1 
59347.183022 0.000000 0.000000 -0.833000 0.283000 5.489461 -3.820834 -0.588104 -4.065730 0.283000 -0.244896 0.283000 1.782334  -1  -1  -1 
59348.175022 0.000000 0.000000 4.025000 0.280000 5.489461 -3.523304 3.143786 -2.642090 0.280000 0.881214 0.280000 1.782334  -1  -1  -1 
59348.176022 0.000000 0.000000 2.354000 0.281000 5.489461 -3.523067 3.147426 -4.316493 0.281000 -0.793426 0.281000 1.782334  -1  -1  -1 
59348.177022 0.000000 0.000000 3.492000 0.281000 5.489461 -3.522831 3.151058 -3.181889 0.281000 0.340942 0.281000 1.782334  -1  -1  -1 
59349.164022 0.000000 0.000000 3.401000 0.279000 5.489461 -3.413883 3.064865 -3.077748 0.279000 0.336135 0.279000 1.782334  -1  -1  -1 
59349.166022 0.000000 0.000000 4.625000 0.279000 5.489461 -3.413950 3.058300 -1.847250 0.279000 1.566700 0.279000 1.782334  -1  -1  -1 
59349.167022 0.000000 0.000000 4.996000 0.279000 5.489461 -3.413983 3.055011 -1.472994 0.279000 1.940989 0.279000 1.782334  -1  -1  -1 
59350.332022 0.000000 0.000000 -1.051000 0.260000 5.489461 -3.642992 -0.210645 -4.483346 0.260000 -0.840355 0.260000 1.782334  -1  -1  -1 
59350.334022 0.000000 0.000000 -0.159000 0.260000 5.489461 -3.643648 -0.206143 -3.596505 0.260000 0.047143 0.260000 1.782334  -1  -1  -1 
59350.335022 0.000000 0.000000 -1.098000 0.260000 5.489461 -3.643976 -0.203873 -4.538104 0.260000 -0.894127 0.260000 1.782334  -1  -1  -1 
59351.292022 0.000000 0.000000 2.287000 0.253000 5.489461 -3.983870 3.249503 -4.946373 0.253000 -0.962503 0.253000 1.782334  -1  -1  -1 
59351.293022 0.000000 0.000000 3.019000 0.253000 5.489461 -3.984204 3.250853 -4.216057 0.253000 -0.231853 0.253000 1.782334  -1  -1  -1 
59351.294022 0.000000 0.000000 1.036000 0.253000 5.489461 -3.984539 3.252195 -6.200734 0.253000 -2.216195 0.253000 1.782334  -1  -1  -1 
59352.321022 0.000000 0.000000 -1.660000 0.244000 5.489461 -4.192821 1.302574 -7.155395 0.244000 -2.962574 0.244000 1.782334  -1  -1  -1 
59352.323022 0.000000 0.000000 0.440000 0.244000 5.489461 -4.192861 1.294201 -5.047061 0.244000 -0.854201 0.244000 1.782334  -1  -1  -1 
59352.325022 0.000000 0.000000 -1.710000 0.244000 5.489461 -4.192898 1.285820 -7.188719 0.244000 -2.995820 0.244000 1.782334  -1  -1  -1 
59353.239022 0.000000 0.000000 1.917000 0.240000 5.489461 -4.004217 -0.540957 -1.546261 0.240000 2.457957 0.240000 1.782334  -1  -1  -1 
59353.241022 0.000000 0.000000 1.747000 0.243000 5.489461 -4.003327 -0.534604 -1.721723 0.243000 2.281604 0.243000 1.782334  -1  -1  -1 
59353.242022 0.000000 0.000000 1.794000 0.243000 5.489461 -4.002881 -0.531408 -1.677473 0.243000 2.325408 0.243000 1.782334  -1  -1  -1 
59355.273022 0.000000 0.000000 3.057000 0.248000 5.489461 -2.255346 3.000855 -2.199202 0.248000 0.056145 0.248000 1.782334  -1  -1  -1 
59355.277022 0.000000 0.000000 1.874000 0.247000 5.489461 -2.251114 2.988018 -3.365132 0.247000 -1.114018 0.247000 1.782334  -1  -1  -1 
59355.281022 0.000000 0.000000 -0.629000 0.248000 5.489461 -2.246883 2.975158 -5.851042 0.248000 -3.604158 0.248000 1.782334  -1  -1  -1 
59356.227022 0.000000 0.000000 1.749000 0.261000 5.489461 -1.357362 2.409683 -2.018046 0.261000 -0.660683 0.261000 1.782334  -1  -1  -1 
59356.230022 0.000000 0.000000 1.336000 0.256000 5.489461 -1.355110 2.423363 -2.442473 0.256000 -1.087363 0.256000 1.782334  -1  -1  -1 
59356.232022 0.000000 0.000000 1.094000 0.257000 5.489461 -1.353611 2.432531 -2.692142 0.257000 -1.338531 0.257000 1.782334  -1  -1  -1 
59357.201022 0.000000 0.000000 6.275000 0.253000 5.489461 -0.940179 6.438943 -1.104122 0.253000 -0.163943 0.253000 1.782334  -1  -1  -1 
59357.202022 0.000000 0.000000 3.421000 0.252000 5.489461 -0.940123 6.439774 -3.958897 0.252000 -3.018774 0.252000 1.782334  -1  -1  -1 
59357.205022 0.000000 0.000000 5.666000 0.254000 5.489461 -0.939961 6.442218 -1.716179 0.254000 -0.776218 0.254000 1.782334  -1  -1  -1 
59358.219022 0.000000 0.000000 4.652000 0.264000 5.489461 -1.329790 3.708800 -0.386590 0.264000 0.943200 0.264000 1.782334  -1  -1  -1 
59358.220022 0.000000 0.000000 4.878000 0.263000 5.489461 -1.330607 3.703670 -0.156277 0.263000 1.174330 0.263000 1.782334  -1  -1  -1 
59358.223022 0.000000 0.000000 6.813000 0.264000 5.489461 -1.333063 3.688272 1.791665 0.264000 3.124728 0.264000 1.782334  -1  -1  -1 
59359.157022 0.000000 0.000000 3.636000 0.261000 5.489461 -2.410435 1.494130 -0.268565 0.261000 2.141870 0.261000 1.782334  -1  -1  -1 
59359.158022 0.000000 0.000000 2.027000 0.261000 5.489461 -2.411868 1.496827 -1.881694 0.261000 0.530173 0.261000 1.782334  -1  -1  -1 
59359.159022 0.000000 0.000000 2.225000 0.262000 5.489461 -2.413301 1.499532 -1.687833 0.262000 0.725468 0.262000 1.782334  -1  -1  -1 
