# Tc_folded model 
-1.500000 0.576975 
-1.499000 0.589772 
-1.498000 0.602520 
-1.497000 0.615219 
-1.496000 0.627869 
-1.495000 0.640470 
-1.494000 0.653021 
-1.493000 0.665522 
-1.492000 0.677972 
-1.491000 0.690371 
-1.490000 0.702719 
-1.489000 0.715015 
-1.488000 0.727259 
-1.487000 0.739451 
-1.486000 0.751590 
-1.485000 0.763676 
-1.484000 0.775709 
-1.483000 0.787688 
-1.482000 0.799613 
-1.481000 0.811484 
-1.480000 0.823300 
-1.479000 0.835061 
-1.478000 0.846767 
-1.477000 0.858418 
-1.476000 0.870013 
-1.475000 0.881552 
-1.474000 0.893034 
-1.473000 0.904460 
-1.472000 0.915829 
-1.471000 0.927140 
-1.470000 0.938395 
-1.469000 0.949592 
-1.468000 0.960731 
-1.467000 0.971811 
-1.466000 0.982834 
-1.465000 0.993798 
-1.464000 1.004703 
-1.463000 1.015549 
-1.462000 1.026335 
-1.461000 1.037063 
-1.460000 1.047730 
-1.459000 1.058338 
-1.458000 1.068885 
-1.457000 1.079373 
-1.456000 1.089799 
-1.455000 1.100166 
-1.454000 1.110471 
-1.453000 1.120715 
-1.452000 1.130898 
-1.451000 1.141020 
-1.450000 1.151080 
-1.449000 1.161078 
-1.448000 1.171014 
-1.447000 1.180889 
-1.446000 1.190701 
-1.445000 1.200451 
-1.444000 1.210138 
-1.443000 1.219763 
-1.442000 1.229325 
-1.441000 1.238824 
-1.440000 1.248260 
-1.439000 1.257632 
-1.438000 1.266942 
-1.437000 1.276188 
-1.436000 1.285371 
-1.435000 1.294490 
-1.434000 1.303545 
-1.433000 1.312536 
-1.432000 1.321463 
-1.431000 1.330327 
-1.430000 1.339126 
-1.429000 1.347861 
-1.428000 1.356531 
-1.427000 1.365137 
-1.426000 1.373679 
-1.425000 1.382156 
-1.424000 1.390568 
-1.423000 1.398915 
-1.422000 1.407198 
-1.421000 1.415416 
-1.420000 1.423569 
-1.419000 1.431656 
-1.418000 1.439679 
-1.417000 1.447636 
-1.416000 1.455529 
-1.415000 1.463356 
-1.414000 1.471117 
-1.413000 1.478813 
-1.412000 1.486444 
-1.411000 1.494010 
-1.410000 1.501510 
-1.409000 1.508944 
-1.408000 1.516313 
-1.407000 1.523616 
-1.406000 1.530854 
-1.405000 1.538025 
-1.404000 1.545132 
-1.403000 1.552172 
-1.402000 1.559147 
-1.401000 1.566056 
-1.400000 1.572899 
-1.399000 1.579676 
-1.398000 1.586388 
-1.397000 1.593034 
-1.396000 1.599614 
-1.395000 1.606128 
-1.394000 1.612576 
-1.393000 1.618958 
-1.392000 1.625275 
-1.391000 1.631526 
-1.390000 1.637711 
-1.389000 1.643830 
-1.388000 1.649883 
-1.387000 1.655870 
-1.386000 1.661792 
-1.385000 1.667648 
-1.384000 1.673438 
-1.383000 1.679162 
-1.382000 1.684820 
-1.381000 1.690413 
-1.380000 1.695940 
-1.379000 1.701401 
-1.378000 1.706797 
-1.377000 1.712127 
-1.376000 1.717391 
-1.375000 1.722590 
-1.374000 1.727723 
-1.373000 1.732791 
-1.372000 1.737793 
-1.371000 1.742730 
-1.370000 1.747601 
-1.369000 1.752407 
-1.368000 1.757148 
-1.367000 1.761823 
-1.366000 1.766433 
-1.365000 1.770978 
-1.364000 1.775457 
-1.363000 1.779872 
-1.362000 1.784221 
-1.361000 1.788505 
-1.360000 1.792725 
-1.359000 1.796879 
-1.358000 1.800968 
-1.357000 1.804993 
-1.356000 1.808953 
-1.355000 1.812848 
-1.354000 1.816678 
-1.353000 1.820444 
-1.352000 1.824145 
-1.351000 1.827781 
-1.350000 1.831353 
-1.349000 1.834861 
-1.348000 1.838304 
-1.347000 1.841683 
-1.346000 1.844998 
-1.345000 1.848249 
-1.344000 1.851436 
-1.343000 1.854558 
-1.342000 1.857617 
-1.341000 1.860611 
-1.340000 1.863542 
-1.339000 1.866409 
-1.338000 1.869213 
-1.337000 1.871953 
-1.336000 1.874629 
-1.335000 1.877242 
-1.334000 1.879791 
-1.333000 1.882277 
-1.332000 1.884700 
-1.331000 1.887060 
-1.330000 1.889356 
-1.329000 1.891590 
-1.328000 1.893760 
-1.327000 1.895868 
-1.326000 1.897913 
-1.325000 1.899895 
-1.324000 1.901814 
-1.323000 1.903671 
-1.322000 1.905465 
-1.321000 1.907197 
-1.320000 1.908867 
-1.319000 1.910475 
-1.318000 1.912020 
-1.317000 1.913503 
-1.316000 1.914924 
-1.315000 1.916283 
-1.314000 1.917581 
-1.313000 1.918817 
-1.312000 1.919991 
-1.311000 1.921103 
-1.310000 1.922154 
-1.309000 1.923144 
-1.308000 1.924072 
-1.307000 1.924939 
-1.306000 1.925745 
-1.305000 1.926490 
-1.304000 1.927174 
-1.303000 1.927797 
-1.302000 1.928359 
-1.301000 1.928860 
-1.300000 1.929301 
-1.299000 1.929682 
-1.298000 1.930002 
-1.297000 1.930261 
-1.296000 1.930461 
-1.295000 1.930600 
-1.294000 1.930679 
-1.293000 1.930698 
-1.292000 1.930658 
-1.291000 1.930557 
-1.290000 1.930397 
-1.289000 1.930177 
-1.288000 1.929898 
-1.287000 1.929559 
-1.286000 1.929161 
-1.285000 1.928704 
-1.284000 1.928188 
-1.283000 1.927612 
-1.282000 1.926978 
-1.281000 1.926285 
-1.280000 1.925533 
-1.279000 1.924722 
-1.278000 1.923853 
-1.277000 1.922925 
-1.276000 1.921939 
-1.275000 1.920895 
-1.274000 1.919792 
-1.273000 1.918632 
-1.272000 1.917413 
-1.271000 1.916137 
-1.270000 1.914803 
-1.269000 1.913411 
-1.268000 1.911961 
-1.267000 1.910454 
-1.266000 1.908890 
-1.265000 1.907268 
-1.264000 1.905589 
-1.263000 1.903853 
-1.262000 1.902060 
-1.261000 1.900210 
-1.260000 1.898304 
-1.259000 1.896340 
-1.258000 1.894320 
-1.257000 1.892243 
-1.256000 1.890110 
-1.255000 1.887921 
-1.254000 1.885676 
-1.253000 1.883374 
-1.252000 1.881016 
-1.251000 1.878603 
-1.250000 1.876133 
-1.249000 1.873608 
-1.248000 1.871027 
-1.247000 1.868391 
-1.246000 1.865699 
-1.245000 1.862952 
-1.244000 1.860150 
-1.243000 1.857293 
-1.242000 1.854380 
-1.241000 1.851413 
-1.240000 1.848391 
-1.239000 1.845314 
-1.238000 1.842183 
-1.237000 1.838997 
-1.236000 1.835756 
-1.235000 1.832462 
-1.234000 1.829113 
-1.233000 1.825710 
-1.232000 1.822253 
-1.231000 1.818742 
-1.230000 1.815178 
-1.229000 1.811559 
-1.228000 1.807887 
-1.227000 1.804162 
-1.226000 1.800383 
-1.225000 1.796551 
-1.224000 1.792666 
-1.223000 1.788728 
-1.222000 1.784736 
-1.221000 1.780692 
-1.220000 1.776595 
-1.219000 1.772446 
-1.218000 1.768243 
-1.217000 1.763989 
-1.216000 1.759682 
-1.215000 1.755323 
-1.214000 1.750911 
-1.213000 1.746448 
-1.212000 1.741933 
-1.211000 1.737366 
-1.210000 1.732747 
-1.209000 1.728076 
-1.208000 1.723354 
-1.207000 1.718581 
-1.206000 1.713756 
-1.205000 1.708880 
-1.204000 1.703953 
-1.203000 1.698976 
-1.202000 1.693947 
-1.201000 1.688867 
-1.200000 1.683737 
-1.199000 1.678556 
-1.198000 1.673325 
-1.197000 1.668044 
-1.196000 1.662712 
-1.195000 1.657330 
-1.194000 1.651898 
-1.193000 1.646416 
-1.192000 1.640885 
-1.191000 1.635303 
-1.190000 1.629672 
-1.189000 1.623992 
-1.188000 1.618262 
-1.187000 1.612484 
-1.186000 1.606656 
-1.185000 1.600778 
-1.184000 1.594852 
-1.183000 1.588878 
-1.182000 1.582854 
-1.181000 1.576782 
-1.180000 1.570662 
-1.179000 1.564493 
-1.178000 1.558276 
-1.177000 1.552010 
-1.176000 1.545697 
-1.175000 1.539336 
-1.174000 1.532927 
-1.173000 1.526470 
-1.172000 1.519966 
-1.171000 1.513415 
-1.170000 1.506816 
-1.169000 1.500170 
-1.168000 1.493476 
-1.167000 1.486736 
-1.166000 1.479949 
-1.165000 1.473115 
-1.164000 1.466235 
-1.163000 1.459308 
-1.162000 1.452335 
-1.161000 1.445315 
-1.160000 1.438249 
-1.159000 1.431137 
-1.158000 1.423980 
-1.157000 1.416776 
-1.156000 1.409527 
-1.155000 1.402232 
-1.154000 1.394892 
-1.153000 1.387507 
-1.152000 1.380076 
-1.151000 1.372601 
-1.150000 1.365080 
-1.149000 1.357515 
-1.148000 1.349905 
-1.147000 1.342250 
-1.146000 1.334551 
-1.145000 1.326808 
-1.144000 1.319021 
-1.143000 1.311189 
-1.142000 1.303314 
-1.141000 1.295394 
-1.140000 1.287432 
-1.139000 1.279425 
-1.138000 1.271376 
-1.137000 1.263283 
-1.136000 1.255146 
-1.135000 1.246967 
-1.134000 1.238745 
-1.133000 1.230481 
-1.132000 1.222173 
-1.131000 1.213824 
-1.130000 1.205432 
-1.129000 1.196998 
-1.128000 1.188521 
-1.127000 1.180003 
-1.126000 1.171443 
-1.125000 1.162842 
-1.124000 1.154199 
-1.123000 1.145515 
-1.122000 1.136789 
-1.121000 1.128023 
-1.120000 1.119215 
-1.119000 1.110367 
-1.118000 1.101478 
-1.117000 1.092549 
-1.116000 1.083580 
-1.115000 1.074570 
-1.114000 1.065520 
-1.113000 1.056431 
-1.112000 1.047302 
-1.111000 1.038133 
-1.110000 1.028925 
-1.109000 1.019677 
-1.108000 1.010391 
-1.107000 1.001065 
-1.106000 0.991701 
-1.105000 0.982298 
-1.104000 0.972857 
-1.103000 0.963377 
-1.102000 0.953859 
-1.101000 0.944304 
-1.100000 0.934710 
-1.099000 0.925079 
-1.098000 0.915410 
-1.097000 0.905704 
-1.096000 0.895961 
-1.095000 0.886181 
-1.094000 0.876365 
-1.093000 0.866511 
-1.092000 0.856621 
-1.091000 0.846695 
-1.090000 0.836733 
-1.089000 0.826735 
-1.088000 0.816701 
-1.087000 0.806631 
-1.086000 0.796526 
-1.085000 0.786386 
-1.084000 0.776211 
-1.083000 0.766001 
-1.082000 0.755757 
-1.081000 0.745478 
-1.080000 0.735164 
-1.079000 0.724817 
-1.078000 0.714436 
-1.077000 0.704021 
-1.076000 0.693572 
-1.075000 0.683091 
-1.074000 0.672576 
-1.073000 0.662028 
-1.072000 0.651447 
-1.071000 0.640834 
-1.070000 0.630189 
-1.069000 0.619512 
-1.068000 0.608803 
-1.067000 0.598062 
-1.066000 0.587289 
-1.065000 0.576485 
-1.064000 0.565651 
-1.063000 0.554785 
-1.062000 0.543889 
-1.061000 0.532962 
-1.060000 0.522006 
-1.059000 0.511019 
-1.058000 0.500003 
-1.057000 0.488957 
-1.056000 0.477881 
-1.055000 0.466777 
-1.054000 0.455644 
-1.053000 0.444482 
-1.052000 0.433292 
-1.051000 0.422074 
-1.050000 0.410828 
-1.049000 0.399555 
-1.048000 0.388253 
-1.047000 0.376925 
-1.046000 0.365570 
-1.045000 0.354188 
-1.044000 0.342780 
-1.043000 0.331346 
-1.042000 0.319885 
-1.041000 0.308400 
-1.040000 0.296888 
-1.039000 0.285352 
-1.038000 0.273790 
-1.037000 0.262205 
-1.036000 0.250594 
-1.035000 0.238960 
-1.034000 0.227302 
-1.033000 0.215620 
-1.032000 0.203915 
-1.031000 0.192187 
-1.030000 0.180436 
-1.029000 0.168663 
-1.028000 0.156868 
-1.027000 0.145051 
-1.026000 0.133213 
-1.025000 0.121353 
-1.024000 0.109472 
-1.023000 0.097570 
-1.022000 0.085648 
-1.021000 0.073706 
-1.020000 0.061744 
-1.019000 0.049763 
-1.018000 0.037763 
-1.017000 0.025743 
-1.016000 0.013705 
-1.015000 0.001649 
-1.014000 -0.010425 
-1.013000 -0.022516 
-1.012000 -0.034625 
-1.011000 -0.046751 
-1.010000 -0.058894 
-1.009000 -0.071053 
-1.008000 -0.083227 
-1.007000 -0.095418 
-1.006000 -0.107623 
-1.005000 -0.119844 
-1.004000 -0.132079 
-1.003000 -0.144329 
-1.002000 -0.156592 
-1.001000 -0.168869 
-1.000000 -0.181159 
-0.999000 -0.193463 
-0.998000 -0.205778 
-0.997000 -0.218106 
-0.996000 -0.230445 
-0.995000 -0.242796 
-0.994000 -0.255158 
-0.993000 -0.267530 
-0.992000 -0.279913 
-0.991000 -0.292306 
-0.990000 -0.304708 
-0.989000 -0.317119 
-0.988000 -0.329539 
-0.987000 -0.341968 
-0.986000 -0.354404 
-0.985000 -0.366848 
-0.984000 -0.379299 
-0.983000 -0.391757 
-0.982000 -0.404221 
-0.981000 -0.416691 
-0.980000 -0.429166 
-0.979000 -0.441647 
-0.978000 -0.454132 
-0.977000 -0.466622 
-0.976000 -0.479115 
-0.975000 -0.491612 
-0.974000 -0.504112 
-0.973000 -0.516615 
-0.972000 -0.529119 
-0.971000 -0.541625 
-0.970000 -0.554133 
-0.969000 -0.566641 
-0.968000 -0.579149 
-0.967000 -0.591658 
-0.966000 -0.604166 
-0.965000 -0.616672 
-0.964000 -0.629178 
-0.963000 -0.641681 
-0.962000 -0.654182 
-0.961000 -0.666680 
-0.960000 -0.679175 
-0.959000 -0.691665 
-0.958000 -0.704152 
-0.957000 -0.716633 
-0.956000 -0.729109 
-0.955000 -0.741580 
-0.954000 -0.754044 
-0.953000 -0.766501 
-0.952000 -0.778951 
-0.951000 -0.791393 
-0.950000 -0.803827 
-0.949000 -0.816252 
-0.948000 -0.828668 
-0.947000 -0.841074 
-0.946000 -0.853469 
-0.945000 -0.865853 
-0.944000 -0.878227 
-0.943000 -0.890588 
-0.942000 -0.902936 
-0.941000 -0.915272 
-0.940000 -0.927594 
-0.939000 -0.939901 
-0.938000 -0.952194 
-0.937000 -0.964472 
-0.936000 -0.976734 
-0.935000 -0.988980 
-0.934000 -1.001209 
-0.933000 -1.013420 
-0.932000 -1.025614 
-0.931000 -1.037789 
-0.930000 -1.049944 
-0.929000 -1.062080 
-0.928000 -1.074195 
-0.927000 -1.086290 
-0.926000 -1.098363 
-0.925000 -1.110414 
-0.924000 -1.122442 
-0.923000 -1.134447 
-0.922000 -1.146428 
-0.921000 -1.158385 
-0.920000 -1.170317 
-0.919000 -1.182222 
-0.918000 -1.194102 
-0.917000 -1.205955 
-0.916000 -1.217780 
-0.915000 -1.229577 
-0.914000 -1.241345 
-0.913000 -1.253083 
-0.912000 -1.264792 
-0.911000 -1.276470 
-0.910000 -1.288117 
-0.909000 -1.299732 
-0.908000 -1.311314 
-0.907000 -1.322863 
-0.906000 -1.334378 
-0.905000 -1.345859 
-0.904000 -1.357304 
-0.903000 -1.368714 
-0.902000 -1.380087 
-0.901000 -1.391423 
-0.900000 -1.402721 
-0.899000 -1.413981 
-0.898000 -1.425202 
-0.897000 -1.436382 
-0.896000 -1.447523 
-0.895000 -1.458622 
-0.894000 -1.469680 
-0.893000 -1.480695 
-0.892000 -1.491666 
-0.891000 -1.502594 
-0.890000 -1.513478 
-0.889000 -1.524316 
-0.888000 -1.535108 
-0.887000 -1.545854 
-0.886000 -1.556552 
-0.885000 -1.567203 
-0.884000 -1.577805 
-0.883000 -1.588357 
-0.882000 -1.598860 
-0.881000 -1.609311 
-0.880000 -1.619711 
-0.879000 -1.630059 
-0.878000 -1.640354 
-0.877000 -1.650596 
-0.876000 -1.660783 
-0.875000 -1.670915 
-0.874000 -1.680992 
-0.873000 -1.691012 
-0.872000 -1.700975 
-0.871000 -1.710880 
-0.870000 -1.720726 
-0.869000 -1.730514 
-0.868000 -1.740241 
-0.867000 -1.749907 
-0.866000 -1.759513 
-0.865000 -1.769056 
-0.864000 -1.778536 
-0.863000 -1.787952 
-0.862000 -1.797305 
-0.861000 -1.806592 
-0.860000 -1.815814 
-0.859000 -1.824969 
-0.858000 -1.834057 
-0.857000 -1.843077 
-0.856000 -1.852028 
-0.855000 -1.860911 
-0.854000 -1.869723 
-0.853000 -1.878464 
-0.852000 -1.887134 
-0.851000 -1.895732 
-0.850000 -1.904257 
-0.849000 -1.912708 
-0.848000 -1.921085 
-0.847000 -1.929387 
-0.846000 -1.937613 
-0.845000 -1.945763 
-0.844000 -1.953836 
-0.843000 -1.961830 
-0.842000 -1.969747 
-0.841000 -1.977584 
-0.840000 -1.985340 
-0.839000 -1.993017 
-0.838000 -2.000612 
-0.837000 -2.008124 
-0.836000 -2.015554 
-0.835000 -2.022901 
-0.834000 -2.030164 
-0.833000 -2.037341 
-0.832000 -2.044433 
-0.831000 -2.051439 
-0.830000 -2.058358 
-0.829000 -2.065190 
-0.828000 -2.071933 
-0.827000 -2.078588 
-0.826000 -2.085153 
-0.825000 -2.091627 
-0.824000 -2.098011 
-0.823000 -2.104304 
-0.822000 -2.110504 
-0.821000 -2.116611 
-0.820000 -2.122625 
-0.819000 -2.128545 
-0.818000 -2.134370 
-0.817000 -2.140100 
-0.816000 -2.145734 
-0.815000 -2.151271 
-0.814000 -2.156711 
-0.813000 -2.162053 
-0.812000 -2.167297 
-0.811000 -2.172441 
-0.810000 -2.177486 
-0.809000 -2.182431 
-0.808000 -2.187275 
-0.807000 -2.192018 
-0.806000 -2.196659 
-0.805000 -2.201197 
-0.804000 -2.205632 
-0.803000 -2.209963 
-0.802000 -2.214191 
-0.801000 -2.218313 
-0.800000 -2.222331 
-0.799000 -2.226242 
-0.798000 -2.230047 
-0.797000 -2.233746 
-0.796000 -2.237337 
-0.795000 -2.240820 
-0.794000 -2.244195 
-0.793000 -2.247461 
-0.792000 -2.250618 
-0.791000 -2.253665 
-0.790000 -2.256602 
-0.789000 -2.259428 
-0.788000 -2.262143 
-0.787000 -2.264747 
-0.786000 -2.267238 
-0.785000 -2.269617 
-0.784000 -2.271883 
-0.783000 -2.274036 
-0.782000 -2.276076 
-0.781000 -2.278001 
-0.780000 -2.279812 
-0.779000 -2.281508 
-0.778000 -2.283089 
-0.777000 -2.284555 
-0.776000 -2.285904 
-0.775000 -2.287138 
-0.774000 -2.288255 
-0.773000 -2.289255 
-0.772000 -2.290138 
-0.771000 -2.290904 
-0.770000 -2.291552 
-0.769000 -2.292082 
-0.768000 -2.292494 
-0.767000 -2.292788 
-0.766000 -2.292962 
-0.765000 -2.293018 
-0.764000 -2.292955 
-0.763000 -2.292772 
-0.762000 -2.292469 
-0.761000 -2.292047 
-0.760000 -2.291505 
-0.759000 -2.290843 
-0.758000 -2.290060 
-0.757000 -2.289157 
-0.756000 -2.288134 
-0.755000 -2.286989 
-0.754000 -2.285724 
-0.753000 -2.284338 
-0.752000 -2.282831 
-0.751000 -2.281203 
-0.750000 -2.279454 
-0.749000 -2.277583 
-0.748000 -2.275592 
-0.747000 -2.273479 
-0.746000 -2.271244 
-0.745000 -2.268889 
-0.744000 -2.266412 
-0.743000 -2.263814 
-0.742000 -2.261094 
-0.741000 -2.258253 
-0.740000 -2.255291 
-0.739000 -2.252208 
-0.738000 -2.249004 
-0.737000 -2.245679 
-0.736000 -2.242233 
-0.735000 -2.238667 
-0.734000 -2.234979 
-0.733000 -2.231171 
-0.732000 -2.227243 
-0.731000 -2.223195 
-0.730000 -2.219027 
-0.729000 -2.214738 
-0.728000 -2.210330 
-0.727000 -2.205803 
-0.726000 -2.201157 
-0.725000 -2.196391 
-0.724000 -2.191507 
-0.723000 -2.186504 
-0.722000 -2.181383 
-0.721000 -2.176144 
-0.720000 -2.170787 
-0.719000 -2.165313 
-0.718000 -2.159722 
-0.717000 -2.154015 
-0.716000 -2.148191 
-0.715000 -2.142251 
-0.714000 -2.136195 
-0.713000 -2.130024 
-0.712000 -2.123738 
-0.711000 -2.117338 
-0.710000 -2.110823 
-0.709000 -2.104195 
-0.708000 -2.097454 
-0.707000 -2.090599 
-0.706000 -2.083633 
-0.705000 -2.076555 
-0.704000 -2.069365 
-0.703000 -2.062064 
-0.702000 -2.054653 
-0.701000 -2.047133 
-0.700000 -2.039502 
-0.699000 -2.031763 
-0.698000 -2.023916 
-0.697000 -2.015961 
-0.696000 -2.007899 
-0.695000 -1.999730 
-0.694000 -1.991455 
-0.693000 -1.983075 
-0.692000 -1.974590 
-0.691000 -1.966001 
-0.690000 -1.957308 
-0.689000 -1.948513 
-0.688000 -1.939615 
-0.687000 -1.930615 
-0.686000 -1.921515 
-0.685000 -1.912315 
-0.684000 -1.903014 
-0.683000 -1.893615 
-0.682000 -1.884118 
-0.681000 -1.874523 
-0.680000 -1.864832 
-0.679000 -1.855044 
-0.678000 -1.845162 
-0.677000 -1.835184 
-0.676000 -1.825113 
-0.675000 -1.814949 
-0.674000 -1.804693 
-0.673000 -1.794346 
-0.672000 -1.783907 
-0.671000 -1.773379 
-0.670000 -1.762762 
-0.669000 -1.752056 
-0.668000 -1.741263 
-0.667000 -1.730384 
-0.666000 -1.719418 
-0.665000 -1.708368 
-0.664000 -1.697234 
-0.663000 -1.686016 
-0.662000 -1.674716 
-0.661000 -1.663334 
-0.660000 -1.651872 
-0.659000 -1.640330 
-0.658000 -1.628709 
-0.657000 -1.617011 
-0.656000 -1.605235 
-0.655000 -1.593383 
-0.654000 -1.581455 
-0.653000 -1.569453 
-0.652000 -1.557378 
-0.651000 -1.545230 
-0.650000 -1.533010 
-0.649000 -1.520720 
-0.648000 -1.508360 
-0.647000 -1.495931 
-0.646000 -1.483434 
-0.645000 -1.470871 
-0.644000 -1.458241 
-0.643000 -1.445546 
-0.642000 -1.432787 
-0.641000 -1.419965 
-0.640000 -1.407081 
-0.639000 -1.394135 
-0.638000 -1.381129 
-0.637000 -1.368064 
-0.636000 -1.354940 
-0.635000 -1.341760 
-0.634000 -1.328522 
-0.633000 -1.315230 
-0.632000 -1.301882 
-0.631000 -1.288482 
-0.630000 -1.275029 
-0.629000 -1.261524 
-0.628000 -1.247969 
-0.627000 -1.234364 
-0.626000 -1.220711 
-0.625000 -1.207011 
-0.624000 -1.193263 
-0.623000 -1.179470 
-0.622000 -1.165633 
-0.621000 -1.151752 
-0.620000 -1.137828 
-0.619000 -1.123862 
-0.618000 -1.109856 
-0.617000 -1.095810 
-0.616000 -1.081726 
-0.615000 -1.067604 
-0.614000 -1.053445 
-0.613000 -1.039250 
-0.612000 -1.025020 
-0.611000 -1.010757 
-0.610000 -0.996461 
-0.609000 -0.982133 
-0.608000 -0.967774 
-0.607000 -0.953386 
-0.606000 -0.938968 
-0.605000 -0.924522 
-0.604000 -0.910050 
-0.603000 -0.895551 
-0.602000 -0.881028 
-0.601000 -0.866480 
-0.600000 -0.851909 
-0.599000 -0.837316 
-0.598000 -0.822702 
-0.597000 -0.808067 
-0.596000 -0.793413 
-0.595000 -0.778741 
-0.594000 -0.764051 
-0.593000 -0.749345 
-0.592000 -0.734623 
-0.591000 -0.719886 
-0.590000 -0.705136 
-0.589000 -0.690373 
-0.588000 -0.675598 
-0.587000 -0.660812 
-0.586000 -0.646016 
-0.585000 -0.631210 
-0.584000 -0.616397 
-0.583000 -0.601576 
-0.582000 -0.586748 
-0.581000 -0.571915 
-0.580000 -0.557077 
-0.579000 -0.542236 
-0.578000 -0.527391 
-0.577000 -0.512545 
-0.576000 -0.497697 
-0.575000 -0.482848 
-0.574000 -0.468000 
-0.573000 -0.453154 
-0.572000 -0.438310 
-0.571000 -0.423468 
-0.570000 -0.408631 
-0.569000 -0.393798 
-0.568000 -0.378971 
-0.567000 -0.364150 
-0.566000 -0.349336 
-0.565000 -0.334530 
-0.564000 -0.319733 
-0.563000 -0.304945 
-0.562000 -0.290168 
-0.561000 -0.275402 
-0.560000 -0.260648 
-0.559000 -0.245906 
-0.558000 -0.231178 
-0.557000 -0.216464 
-0.556000 -0.201765 
-0.555000 -0.187081 
-0.554000 -0.172415 
-0.553000 -0.157765 
-0.552000 -0.143133 
-0.551000 -0.128520 
-0.550000 -0.113926 
-0.549000 -0.099352 
-0.548000 -0.084799 
-0.547000 -0.070268 
-0.546000 -0.055759 
-0.545000 -0.041272 
-0.544000 -0.026809 
-0.543000 -0.012371 
-0.542000 0.002043 
-0.541000 0.016431 
-0.540000 0.030793 
-0.539000 0.045128 
-0.538000 0.059436 
-0.537000 0.073715 
-0.536000 0.087966 
-0.535000 0.102187 
-0.534000 0.116378 
-0.533000 0.130539 
-0.532000 0.144668 
-0.531000 0.158765 
-0.530000 0.172830 
-0.529000 0.186862 
-0.528000 0.200860 
-0.527000 0.214824 
-0.526000 0.228753 
-0.525000 0.242647 
-0.524000 0.256505 
-0.523000 0.270326 
-0.522000 0.284111 
-0.521000 0.297857 
-0.520000 0.311566 
-0.519000 0.325236 
-0.518000 0.338867 
-0.517000 0.352459 
-0.516000 0.366010 
-0.515000 0.379520 
-0.514000 0.392990 
-0.513000 0.406418 
-0.512000 0.419803 
-0.511000 0.433146 
-0.510000 0.446446 
-0.509000 0.459702 
-0.508000 0.472915 
-0.507000 0.486082 
-0.506000 0.499205 
-0.505000 0.512283 
-0.504000 0.525315 
-0.503000 0.538300 
-0.502000 0.551239 
-0.501000 0.564131 
-0.500000 0.576975 
-0.499000 0.589772 
-0.498000 0.602520 
-0.497000 0.615219 
-0.496000 0.627869 
-0.495000 0.640470 
-0.494000 0.653021 
-0.493000 0.665522 
-0.492000 0.677972 
-0.491000 0.690371 
-0.490000 0.702719 
-0.489000 0.715015 
-0.488000 0.727259 
-0.487000 0.739451 
-0.486000 0.751590 
-0.485000 0.763676 
-0.484000 0.775709 
-0.483000 0.787688 
-0.482000 0.799613 
-0.481000 0.811484 
-0.480000 0.823300 
-0.479000 0.835061 
-0.478000 0.846767 
-0.477000 0.858418 
-0.476000 0.870013 
-0.475000 0.881552 
-0.474000 0.893034 
-0.473000 0.904460 
-0.472000 0.915829 
-0.471000 0.927140 
-0.470000 0.938395 
-0.469000 0.949592 
-0.468000 0.960731 
-0.467000 0.971811 
-0.466000 0.982834 
-0.465000 0.993798 
-0.464000 1.004703 
-0.463000 1.015549 
-0.462000 1.026335 
-0.461000 1.037063 
-0.460000 1.047730 
-0.459000 1.058338 
-0.458000 1.068885 
-0.457000 1.079373 
-0.456000 1.089799 
-0.455000 1.100166 
-0.454000 1.110471 
-0.453000 1.120715 
-0.452000 1.130898 
-0.451000 1.141020 
-0.450000 1.151080 
-0.449000 1.161078 
-0.448000 1.171014 
-0.447000 1.180889 
-0.446000 1.190701 
-0.445000 1.200451 
-0.444000 1.210138 
-0.443000 1.219763 
-0.442000 1.229325 
-0.441000 1.238824 
-0.440000 1.248260 
-0.439000 1.257632 
-0.438000 1.266942 
-0.437000 1.276188 
-0.436000 1.285371 
-0.435000 1.294490 
-0.434000 1.303545 
-0.433000 1.312536 
-0.432000 1.321463 
-0.431000 1.330327 
-0.430000 1.339126 
-0.429000 1.347861 
-0.428000 1.356531 
-0.427000 1.365137 
-0.426000 1.373679 
-0.425000 1.382156 
-0.424000 1.390568 
-0.423000 1.398915 
-0.422000 1.407198 
-0.421000 1.415416 
-0.420000 1.423569 
-0.419000 1.431656 
-0.418000 1.439679 
-0.417000 1.447636 
-0.416000 1.455529 
-0.415000 1.463356 
-0.414000 1.471117 
-0.413000 1.478813 
-0.412000 1.486444 
-0.411000 1.494010 
-0.410000 1.501510 
-0.409000 1.508944 
-0.408000 1.516313 
-0.407000 1.523616 
-0.406000 1.530854 
-0.405000 1.538025 
-0.404000 1.545132 
-0.403000 1.552172 
-0.402000 1.559147 
-0.401000 1.566056 
-0.400000 1.572899 
-0.399000 1.579676 
-0.398000 1.586388 
-0.397000 1.593034 
-0.396000 1.599614 
-0.395000 1.606128 
-0.394000 1.612576 
-0.393000 1.618958 
-0.392000 1.625275 
-0.391000 1.631526 
-0.390000 1.637711 
-0.389000 1.643830 
-0.388000 1.649883 
-0.387000 1.655870 
-0.386000 1.661792 
-0.385000 1.667648 
-0.384000 1.673438 
-0.383000 1.679162 
-0.382000 1.684820 
-0.381000 1.690413 
-0.380000 1.695940 
-0.379000 1.701401 
-0.378000 1.706797 
-0.377000 1.712127 
-0.376000 1.717391 
-0.375000 1.722590 
-0.374000 1.727723 
-0.373000 1.732791 
-0.372000 1.737793 
-0.371000 1.742730 
-0.370000 1.747601 
-0.369000 1.752407 
-0.368000 1.757148 
-0.367000 1.761823 
-0.366000 1.766433 
-0.365000 1.770978 
-0.364000 1.775457 
-0.363000 1.779872 
-0.362000 1.784221 
-0.361000 1.788505 
-0.360000 1.792725 
-0.359000 1.796879 
-0.358000 1.800968 
-0.357000 1.804993 
-0.356000 1.808953 
-0.355000 1.812848 
-0.354000 1.816678 
-0.353000 1.820444 
-0.352000 1.824145 
-0.351000 1.827781 
-0.350000 1.831353 
-0.349000 1.834861 
-0.348000 1.838304 
-0.347000 1.841683 
-0.346000 1.844998 
-0.345000 1.848249 
-0.344000 1.851436 
-0.343000 1.854558 
-0.342000 1.857617 
-0.341000 1.860611 
-0.340000 1.863542 
-0.339000 1.866409 
-0.338000 1.869213 
-0.337000 1.871953 
-0.336000 1.874629 
-0.335000 1.877242 
-0.334000 1.879791 
-0.333000 1.882277 
-0.332000 1.884700 
-0.331000 1.887060 
-0.330000 1.889356 
-0.329000 1.891590 
-0.328000 1.893760 
-0.327000 1.895868 
-0.326000 1.897913 
-0.325000 1.899895 
-0.324000 1.901814 
-0.323000 1.903671 
-0.322000 1.905465 
-0.321000 1.907197 
-0.320000 1.908867 
-0.319000 1.910475 
-0.318000 1.912020 
-0.317000 1.913503 
-0.316000 1.914924 
-0.315000 1.916283 
-0.314000 1.917581 
-0.313000 1.918817 
-0.312000 1.919991 
-0.311000 1.921103 
-0.310000 1.922154 
-0.309000 1.923144 
-0.308000 1.924072 
-0.307000 1.924939 
-0.306000 1.925745 
-0.305000 1.926490 
-0.304000 1.927174 
-0.303000 1.927797 
-0.302000 1.928359 
-0.301000 1.928860 
-0.300000 1.929301 
-0.299000 1.929682 
-0.298000 1.930002 
-0.297000 1.930261 
-0.296000 1.930461 
-0.295000 1.930600 
-0.294000 1.930679 
-0.293000 1.930698 
-0.292000 1.930658 
-0.291000 1.930557 
-0.290000 1.930397 
-0.289000 1.930177 
-0.288000 1.929898 
-0.287000 1.929559 
-0.286000 1.929161 
-0.285000 1.928704 
-0.284000 1.928188 
-0.283000 1.927612 
-0.282000 1.926978 
-0.281000 1.926285 
-0.280000 1.925533 
-0.279000 1.924722 
-0.278000 1.923853 
-0.277000 1.922925 
-0.276000 1.921939 
-0.275000 1.920895 
-0.274000 1.919792 
-0.273000 1.918632 
-0.272000 1.917413 
-0.271000 1.916137 
-0.270000 1.914803 
-0.269000 1.913411 
-0.268000 1.911961 
-0.267000 1.910454 
-0.266000 1.908890 
-0.265000 1.907268 
-0.264000 1.905589 
-0.263000 1.903853 
-0.262000 1.902060 
-0.261000 1.900210 
-0.260000 1.898304 
-0.259000 1.896340 
-0.258000 1.894320 
-0.257000 1.892243 
-0.256000 1.890110 
-0.255000 1.887921 
-0.254000 1.885676 
-0.253000 1.883374 
-0.252000 1.881016 
-0.251000 1.878603 
-0.250000 1.876133 
-0.249000 1.873608 
-0.248000 1.871027 
-0.247000 1.868391 
-0.246000 1.865699 
-0.245000 1.862952 
-0.244000 1.860150 
-0.243000 1.857293 
-0.242000 1.854380 
-0.241000 1.851413 
-0.240000 1.848391 
-0.239000 1.845314 
-0.238000 1.842183 
-0.237000 1.838997 
-0.236000 1.835756 
-0.235000 1.832462 
-0.234000 1.829113 
-0.233000 1.825710 
-0.232000 1.822253 
-0.231000 1.818742 
-0.230000 1.815178 
-0.229000 1.811559 
-0.228000 1.807887 
-0.227000 1.804162 
-0.226000 1.800383 
-0.225000 1.796551 
-0.224000 1.792666 
-0.223000 1.788728 
-0.222000 1.784736 
-0.221000 1.780692 
-0.220000 1.776595 
-0.219000 1.772446 
-0.218000 1.768243 
-0.217000 1.763989 
-0.216000 1.759682 
-0.215000 1.755323 
-0.214000 1.750911 
-0.213000 1.746448 
-0.212000 1.741933 
-0.211000 1.737366 
-0.210000 1.732747 
-0.209000 1.728076 
-0.208000 1.723354 
-0.207000 1.718581 
-0.206000 1.713756 
-0.205000 1.708880 
-0.204000 1.703953 
-0.203000 1.698976 
-0.202000 1.693947 
-0.201000 1.688867 
-0.200000 1.683737 
-0.199000 1.678556 
-0.198000 1.673325 
-0.197000 1.668044 
-0.196000 1.662712 
-0.195000 1.657330 
-0.194000 1.651898 
-0.193000 1.646416 
-0.192000 1.640885 
-0.191000 1.635303 
-0.190000 1.629672 
-0.189000 1.623992 
-0.188000 1.618262 
-0.187000 1.612484 
-0.186000 1.606656 
-0.185000 1.600778 
-0.184000 1.594852 
-0.183000 1.588878 
-0.182000 1.582854 
-0.181000 1.576782 
-0.180000 1.570662 
-0.179000 1.564493 
-0.178000 1.558276 
-0.177000 1.552010 
-0.176000 1.545697 
-0.175000 1.539336 
-0.174000 1.532927 
-0.173000 1.526470 
-0.172000 1.519966 
-0.171000 1.513415 
-0.170000 1.506816 
-0.169000 1.500170 
-0.168000 1.493476 
-0.167000 1.486736 
-0.166000 1.479949 
-0.165000 1.473115 
-0.164000 1.466235 
-0.163000 1.459308 
-0.162000 1.452335 
-0.161000 1.445315 
-0.160000 1.438249 
-0.159000 1.431137 
-0.158000 1.423980 
-0.157000 1.416776 
-0.156000 1.409527 
-0.155000 1.402232 
-0.154000 1.394892 
-0.153000 1.387507 
-0.152000 1.380076 
-0.151000 1.372601 
-0.150000 1.365080 
-0.149000 1.357515 
-0.148000 1.349905 
-0.147000 1.342250 
-0.146000 1.334551 
-0.145000 1.326808 
-0.144000 1.319021 
-0.143000 1.311189 
-0.142000 1.303314 
-0.141000 1.295394 
-0.140000 1.287432 
-0.139000 1.279425 
-0.138000 1.271376 
-0.137000 1.263283 
-0.136000 1.255146 
-0.135000 1.246967 
-0.134000 1.238745 
-0.133000 1.230481 
-0.132000 1.222173 
-0.131000 1.213824 
-0.130000 1.205432 
-0.129000 1.196998 
-0.128000 1.188521 
-0.127000 1.180003 
-0.126000 1.171443 
-0.125000 1.162842 
-0.124000 1.154199 
-0.123000 1.145515 
-0.122000 1.136789 
-0.121000 1.128023 
-0.120000 1.119215 
-0.119000 1.110367 
-0.118000 1.101478 
-0.117000 1.092549 
-0.116000 1.083580 
-0.115000 1.074570 
-0.114000 1.065520 
-0.113000 1.056431 
-0.112000 1.047302 
-0.111000 1.038133 
-0.110000 1.028925 
-0.109000 1.019677 
-0.108000 1.010391 
-0.107000 1.001065 
-0.106000 0.991701 
-0.105000 0.982298 
-0.104000 0.972857 
-0.103000 0.963377 
-0.102000 0.953859 
-0.101000 0.944304 
-0.100000 0.934710 
-0.099000 0.925079 
-0.098000 0.915410 
-0.097000 0.905704 
-0.096000 0.895961 
-0.095000 0.886181 
-0.094000 0.876365 
-0.093000 0.866511 
-0.092000 0.856621 
-0.091000 0.846695 
-0.090000 0.836733 
-0.089000 0.826735 
-0.088000 0.816701 
-0.087000 0.806631 
-0.086000 0.796526 
-0.085000 0.786386 
-0.084000 0.776211 
-0.083000 0.766001 
-0.082000 0.755757 
-0.081000 0.745478 
-0.080000 0.735164 
-0.079000 0.724817 
-0.078000 0.714436 
-0.077000 0.704021 
-0.076000 0.693572 
-0.075000 0.683091 
-0.074000 0.672576 
-0.073000 0.662028 
-0.072000 0.651447 
-0.071000 0.640834 
-0.070000 0.630189 
-0.069000 0.619512 
-0.068000 0.608803 
-0.067000 0.598062 
-0.066000 0.587289 
-0.065000 0.576485 
-0.064000 0.565651 
-0.063000 0.554785 
-0.062000 0.543889 
-0.061000 0.532962 
-0.060000 0.522006 
-0.059000 0.511019 
-0.058000 0.500003 
-0.057000 0.488957 
-0.056000 0.477881 
-0.055000 0.466777 
-0.054000 0.455644 
-0.053000 0.444482 
-0.052000 0.433292 
-0.051000 0.422074 
-0.050000 0.410828 
-0.049000 0.399555 
-0.048000 0.388253 
-0.047000 0.376925 
-0.046000 0.365570 
-0.045000 0.354188 
-0.044000 0.342780 
-0.043000 0.331346 
-0.042000 0.319885 
-0.041000 0.308400 
-0.040000 0.296888 
-0.039000 0.285352 
-0.038000 0.273790 
-0.037000 0.262205 
-0.036000 0.250594 
-0.035000 0.238960 
-0.034000 0.227302 
-0.033000 0.215620 
-0.032000 0.203915 
-0.031000 0.192187 
-0.030000 0.180436 
-0.029000 0.168663 
-0.028000 0.156868 
-0.027000 0.145051 
-0.026000 0.133213 
-0.025000 0.121353 
-0.024000 0.109472 
-0.023000 0.097570 
-0.022000 0.085648 
-0.021000 0.073706 
-0.020000 0.061744 
-0.019000 0.049763 
-0.018000 0.037763 
-0.017000 0.025743 
-0.016000 0.013705 
-0.015000 0.001649 
-0.014000 -0.010425 
-0.013000 -0.022516 
-0.012000 -0.034625 
-0.011000 -0.046751 
-0.010000 -0.058894 
-0.009000 -0.071053 
-0.008000 -0.083227 
-0.007000 -0.095418 
-0.006000 -0.107623 
-0.005000 -0.119844 
-0.004000 -0.132079 
-0.003000 -0.144329 
-0.002000 -0.156592 
-0.001000 -0.168869 
-0.000000 -0.181159 
0.001000 -0.193463 
0.002000 -0.205778 
0.003000 -0.218106 
0.004000 -0.230445 
0.005000 -0.242796 
0.006000 -0.255158 
0.007000 -0.267530 
0.008000 -0.279913 
0.009000 -0.292306 
0.010000 -0.304708 
0.011000 -0.317119 
0.012000 -0.329539 
0.013000 -0.341968 
0.014000 -0.354404 
0.015000 -0.366848 
0.016000 -0.379299 
0.017000 -0.391757 
0.018000 -0.404221 
0.019000 -0.416691 
0.020000 -0.429166 
0.021000 -0.441647 
0.022000 -0.454132 
0.023000 -0.466622 
0.024000 -0.479115 
0.025000 -0.491612 
0.026000 -0.504112 
0.027000 -0.516615 
0.028000 -0.529119 
0.029000 -0.541625 
0.030000 -0.554133 
0.031000 -0.566641 
0.032000 -0.579149 
0.033000 -0.591658 
0.034000 -0.604166 
0.035000 -0.616672 
0.036000 -0.629178 
0.037000 -0.641681 
0.038000 -0.654182 
0.039000 -0.666680 
0.040000 -0.679175 
0.041000 -0.691665 
0.042000 -0.704152 
0.043000 -0.716633 
0.044000 -0.729109 
0.045000 -0.741580 
0.046000 -0.754044 
0.047000 -0.766501 
0.048000 -0.778951 
0.049000 -0.791393 
0.050000 -0.803827 
0.051000 -0.816252 
0.052000 -0.828668 
0.053000 -0.841074 
0.054000 -0.853469 
0.055000 -0.865853 
0.056000 -0.878227 
0.057000 -0.890588 
0.058000 -0.902936 
0.059000 -0.915272 
0.060000 -0.927594 
0.061000 -0.939901 
0.062000 -0.952194 
0.063000 -0.964472 
0.064000 -0.976734 
0.065000 -0.988980 
0.066000 -1.001209 
0.067000 -1.013420 
0.068000 -1.025614 
0.069000 -1.037789 
0.070000 -1.049944 
0.071000 -1.062080 
0.072000 -1.074195 
0.073000 -1.086290 
0.074000 -1.098363 
0.075000 -1.110414 
0.076000 -1.122442 
0.077000 -1.134447 
0.078000 -1.146428 
0.079000 -1.158385 
0.080000 -1.170317 
0.081000 -1.182222 
0.082000 -1.194102 
0.083000 -1.205955 
0.084000 -1.217780 
0.085000 -1.229577 
0.086000 -1.241345 
0.087000 -1.253083 
0.088000 -1.264792 
0.089000 -1.276470 
0.090000 -1.288117 
0.091000 -1.299732 
0.092000 -1.311314 
0.093000 -1.322863 
0.094000 -1.334378 
0.095000 -1.345859 
0.096000 -1.357304 
0.097000 -1.368714 
0.098000 -1.380087 
0.099000 -1.391423 
0.100000 -1.402721 
0.101000 -1.413981 
0.102000 -1.425202 
0.103000 -1.436382 
0.104000 -1.447523 
0.105000 -1.458622 
0.106000 -1.469680 
0.107000 -1.480695 
0.108000 -1.491666 
0.109000 -1.502594 
0.110000 -1.513478 
0.111000 -1.524316 
0.112000 -1.535108 
0.113000 -1.545854 
0.114000 -1.556552 
0.115000 -1.567203 
0.116000 -1.577805 
0.117000 -1.588357 
0.118000 -1.598860 
0.119000 -1.609311 
0.120000 -1.619711 
0.121000 -1.630059 
0.122000 -1.640354 
0.123000 -1.650596 
0.124000 -1.660783 
0.125000 -1.670915 
0.126000 -1.680992 
0.127000 -1.691012 
0.128000 -1.700975 
0.129000 -1.710880 
0.130000 -1.720726 
0.131000 -1.730514 
0.132000 -1.740241 
0.133000 -1.749907 
0.134000 -1.759513 
0.135000 -1.769056 
0.136000 -1.778536 
0.137000 -1.787952 
0.138000 -1.797305 
0.139000 -1.806592 
0.140000 -1.815814 
0.141000 -1.824969 
0.142000 -1.834057 
0.143000 -1.843077 
0.144000 -1.852028 
0.145000 -1.860911 
0.146000 -1.869723 
0.147000 -1.878464 
0.148000 -1.887134 
0.149000 -1.895732 
0.150000 -1.904257 
0.151000 -1.912708 
0.152000 -1.921085 
0.153000 -1.929387 
0.154000 -1.937613 
0.155000 -1.945763 
0.156000 -1.953836 
0.157000 -1.961830 
0.158000 -1.969747 
0.159000 -1.977584 
0.160000 -1.985340 
0.161000 -1.993017 
0.162000 -2.000612 
0.163000 -2.008124 
0.164000 -2.015554 
0.165000 -2.022901 
0.166000 -2.030164 
0.167000 -2.037341 
0.168000 -2.044433 
0.169000 -2.051439 
0.170000 -2.058358 
0.171000 -2.065190 
0.172000 -2.071933 
0.173000 -2.078588 
0.174000 -2.085153 
0.175000 -2.091627 
0.176000 -2.098011 
0.177000 -2.104304 
0.178000 -2.110504 
0.179000 -2.116611 
0.180000 -2.122625 
0.181000 -2.128545 
0.182000 -2.134370 
0.183000 -2.140100 
0.184000 -2.145734 
0.185000 -2.151271 
0.186000 -2.156711 
0.187000 -2.162053 
0.188000 -2.167297 
0.189000 -2.172441 
0.190000 -2.177486 
0.191000 -2.182431 
0.192000 -2.187275 
0.193000 -2.192018 
0.194000 -2.196659 
0.195000 -2.201197 
0.196000 -2.205632 
0.197000 -2.209963 
0.198000 -2.214191 
0.199000 -2.218313 
0.200000 -2.222331 
0.201000 -2.226242 
0.202000 -2.230047 
0.203000 -2.233746 
0.204000 -2.237337 
0.205000 -2.240820 
0.206000 -2.244195 
0.207000 -2.247461 
0.208000 -2.250618 
0.209000 -2.253665 
0.210000 -2.256602 
0.211000 -2.259428 
0.212000 -2.262143 
0.213000 -2.264747 
0.214000 -2.267238 
0.215000 -2.269617 
0.216000 -2.271883 
0.217000 -2.274036 
0.218000 -2.276076 
0.219000 -2.278001 
0.220000 -2.279812 
0.221000 -2.281508 
0.222000 -2.283089 
0.223000 -2.284555 
0.224000 -2.285904 
0.225000 -2.287138 
0.226000 -2.288255 
0.227000 -2.289255 
0.228000 -2.290138 
0.229000 -2.290904 
0.230000 -2.291552 
0.231000 -2.292082 
0.232000 -2.292494 
0.233000 -2.292788 
0.234000 -2.292962 
0.235000 -2.293018 
0.236000 -2.292955 
0.237000 -2.292772 
0.238000 -2.292469 
0.239000 -2.292047 
0.240000 -2.291505 
0.241000 -2.290843 
0.242000 -2.290060 
0.243000 -2.289157 
0.244000 -2.288134 
0.245000 -2.286989 
0.246000 -2.285724 
0.247000 -2.284338 
0.248000 -2.282831 
0.249000 -2.281203 
0.250000 -2.279454 
0.251000 -2.277583 
0.252000 -2.275592 
0.253000 -2.273479 
0.254000 -2.271244 
0.255000 -2.268889 
0.256000 -2.266412 
0.257000 -2.263814 
0.258000 -2.261094 
0.259000 -2.258253 
0.260000 -2.255291 
0.261000 -2.252208 
0.262000 -2.249004 
0.263000 -2.245679 
0.264000 -2.242233 
0.265000 -2.238667 
0.266000 -2.234979 
0.267000 -2.231171 
0.268000 -2.227243 
0.269000 -2.223195 
0.270000 -2.219027 
0.271000 -2.214738 
0.272000 -2.210330 
0.273000 -2.205803 
0.274000 -2.201157 
0.275000 -2.196391 
0.276000 -2.191507 
0.277000 -2.186504 
0.278000 -2.181383 
0.279000 -2.176144 
0.280000 -2.170787 
0.281000 -2.165313 
0.282000 -2.159722 
0.283000 -2.154015 
0.284000 -2.148191 
0.285000 -2.142251 
0.286000 -2.136195 
0.287000 -2.130024 
0.288000 -2.123738 
0.289000 -2.117338 
0.290000 -2.110823 
0.291000 -2.104195 
0.292000 -2.097454 
0.293000 -2.090599 
0.294000 -2.083633 
0.295000 -2.076555 
0.296000 -2.069365 
0.297000 -2.062064 
0.298000 -2.054653 
0.299000 -2.047133 
0.300000 -2.039502 
0.301000 -2.031763 
0.302000 -2.023916 
0.303000 -2.015961 
0.304000 -2.007899 
0.305000 -1.999730 
0.306000 -1.991455 
0.307000 -1.983075 
0.308000 -1.974590 
0.309000 -1.966001 
0.310000 -1.957308 
0.311000 -1.948513 
0.312000 -1.939615 
0.313000 -1.930615 
0.314000 -1.921515 
0.315000 -1.912315 
0.316000 -1.903014 
0.317000 -1.893615 
0.318000 -1.884118 
0.319000 -1.874523 
0.320000 -1.864832 
0.321000 -1.855044 
0.322000 -1.845162 
0.323000 -1.835184 
0.324000 -1.825113 
0.325000 -1.814949 
0.326000 -1.804693 
0.327000 -1.794346 
0.328000 -1.783907 
0.329000 -1.773379 
0.330000 -1.762762 
0.331000 -1.752056 
0.332000 -1.741263 
0.333000 -1.730384 
0.334000 -1.719418 
0.335000 -1.708368 
0.336000 -1.697234 
0.337000 -1.686016 
0.338000 -1.674716 
0.339000 -1.663334 
0.340000 -1.651872 
0.341000 -1.640330 
0.342000 -1.628709 
0.343000 -1.617011 
0.344000 -1.605235 
0.345000 -1.593383 
0.346000 -1.581455 
0.347000 -1.569453 
0.348000 -1.557378 
0.349000 -1.545230 
0.350000 -1.533010 
0.351000 -1.520720 
0.352000 -1.508360 
0.353000 -1.495931 
0.354000 -1.483434 
0.355000 -1.470871 
0.356000 -1.458241 
0.357000 -1.445546 
0.358000 -1.432787 
0.359000 -1.419965 
0.360000 -1.407081 
0.361000 -1.394135 
0.362000 -1.381129 
0.363000 -1.368064 
0.364000 -1.354940 
0.365000 -1.341760 
0.366000 -1.328522 
0.367000 -1.315230 
0.368000 -1.301882 
0.369000 -1.288482 
0.370000 -1.275029 
0.371000 -1.261524 
0.372000 -1.247969 
0.373000 -1.234364 
0.374000 -1.220711 
0.375000 -1.207011 
0.376000 -1.193263 
0.377000 -1.179470 
0.378000 -1.165633 
0.379000 -1.151752 
0.380000 -1.137828 
0.381000 -1.123862 
0.382000 -1.109856 
0.383000 -1.095810 
0.384000 -1.081726 
0.385000 -1.067604 
0.386000 -1.053445 
0.387000 -1.039250 
0.388000 -1.025020 
0.389000 -1.010757 
0.390000 -0.996461 
0.391000 -0.982133 
0.392000 -0.967774 
0.393000 -0.953386 
0.394000 -0.938968 
0.395000 -0.924522 
0.396000 -0.910050 
0.397000 -0.895551 
0.398000 -0.881028 
0.399000 -0.866480 
0.400000 -0.851909 
0.401000 -0.837316 
0.402000 -0.822702 
0.403000 -0.808067 
0.404000 -0.793413 
0.405000 -0.778741 
0.406000 -0.764051 
0.407000 -0.749345 
0.408000 -0.734623 
0.409000 -0.719886 
0.410000 -0.705136 
0.411000 -0.690373 
0.412000 -0.675598 
0.413000 -0.660812 
0.414000 -0.646016 
0.415000 -0.631210 
0.416000 -0.616397 
0.417000 -0.601576 
0.418000 -0.586748 
0.419000 -0.571915 
0.420000 -0.557077 
0.421000 -0.542236 
0.422000 -0.527391 
0.423000 -0.512545 
0.424000 -0.497697 
0.425000 -0.482848 
0.426000 -0.468000 
0.427000 -0.453154 
0.428000 -0.438310 
0.429000 -0.423468 
0.430000 -0.408631 
0.431000 -0.393798 
0.432000 -0.378971 
0.433000 -0.364150 
0.434000 -0.349336 
0.435000 -0.334530 
0.436000 -0.319733 
0.437000 -0.304945 
0.438000 -0.290168 
0.439000 -0.275402 
0.440000 -0.260648 
0.441000 -0.245906 
0.442000 -0.231178 
0.443000 -0.216464 
0.444000 -0.201765 
0.445000 -0.187081 
0.446000 -0.172415 
0.447000 -0.157765 
0.448000 -0.143133 
0.449000 -0.128520 
0.450000 -0.113926 
0.451000 -0.099352 
0.452000 -0.084799 
0.453000 -0.070268 
0.454000 -0.055759 
0.455000 -0.041272 
0.456000 -0.026809 
0.457000 -0.012371 
0.458000 0.002043 
0.459000 0.016431 
0.460000 0.030793 
0.461000 0.045128 
0.462000 0.059436 
0.463000 0.073715 
0.464000 0.087966 
0.465000 0.102187 
0.466000 0.116378 
0.467000 0.130539 
0.468000 0.144668 
0.469000 0.158765 
0.470000 0.172830 
0.471000 0.186862 
0.472000 0.200860 
0.473000 0.214824 
0.474000 0.228753 
0.475000 0.242647 
0.476000 0.256505 
0.477000 0.270326 
0.478000 0.284111 
0.479000 0.297857 
0.480000 0.311566 
0.481000 0.325236 
0.482000 0.338867 
0.483000 0.352459 
0.484000 0.366010 
0.485000 0.379520 
0.486000 0.392990 
0.487000 0.406418 
0.488000 0.419803 
0.489000 0.433146 
0.490000 0.446446 
0.491000 0.459702 
0.492000 0.472915 
0.493000 0.486082 
0.494000 0.499205 
0.495000 0.512283 
0.496000 0.525315 
0.497000 0.538300 
0.498000 0.551239 
0.499000 0.564131 
0.500000 0.576975 
0.501000 0.589772 
0.502000 0.602520 
0.503000 0.615219 
0.504000 0.627869 
0.505000 0.640470 
0.506000 0.653021 
0.507000 0.665522 
0.508000 0.677972 
0.509000 0.690371 
0.510000 0.702719 
0.511000 0.715015 
0.512000 0.727259 
0.513000 0.739451 
0.514000 0.751590 
0.515000 0.763676 
0.516000 0.775709 
0.517000 0.787688 
0.518000 0.799613 
0.519000 0.811484 
0.520000 0.823300 
0.521000 0.835061 
0.522000 0.846767 
0.523000 0.858418 
0.524000 0.870013 
0.525000 0.881552 
0.526000 0.893034 
0.527000 0.904460 
0.528000 0.915829 
0.529000 0.927140 
0.530000 0.938395 
0.531000 0.949592 
0.532000 0.960731 
0.533000 0.971811 
0.534000 0.982834 
0.535000 0.993798 
0.536000 1.004703 
0.537000 1.015549 
0.538000 1.026335 
0.539000 1.037063 
0.540000 1.047730 
0.541000 1.058338 
0.542000 1.068885 
0.543000 1.079373 
0.544000 1.089799 
0.545000 1.100166 
0.546000 1.110471 
0.547000 1.120715 
0.548000 1.130898 
0.549000 1.141020 
0.550000 1.151080 
0.551000 1.161078 
0.552000 1.171014 
0.553000 1.180889 
0.554000 1.190701 
0.555000 1.200451 
0.556000 1.210138 
0.557000 1.219763 
0.558000 1.229325 
0.559000 1.238824 
0.560000 1.248260 
0.561000 1.257632 
0.562000 1.266942 
0.563000 1.276188 
0.564000 1.285371 
0.565000 1.294490 
0.566000 1.303545 
0.567000 1.312536 
0.568000 1.321463 
0.569000 1.330327 
0.570000 1.339126 
0.571000 1.347861 
0.572000 1.356531 
0.573000 1.365137 
0.574000 1.373679 
0.575000 1.382156 
0.576000 1.390568 
0.577000 1.398915 
0.578000 1.407198 
0.579000 1.415416 
0.580000 1.423569 
0.581000 1.431656 
0.582000 1.439679 
0.583000 1.447636 
0.584000 1.455529 
0.585000 1.463356 
0.586000 1.471117 
0.587000 1.478813 
0.588000 1.486444 
0.589000 1.494010 
0.590000 1.501510 
0.591000 1.508944 
0.592000 1.516313 
0.593000 1.523616 
0.594000 1.530854 
0.595000 1.538025 
0.596000 1.545132 
0.597000 1.552172 
0.598000 1.559147 
0.599000 1.566056 
0.600000 1.572899 
0.601000 1.579676 
0.602000 1.586388 
0.603000 1.593034 
0.604000 1.599614 
0.605000 1.606128 
0.606000 1.612576 
0.607000 1.618958 
0.608000 1.625275 
0.609000 1.631526 
0.610000 1.637711 
0.611000 1.643830 
0.612000 1.649883 
0.613000 1.655870 
0.614000 1.661792 
0.615000 1.667648 
0.616000 1.673438 
0.617000 1.679162 
0.618000 1.684820 
0.619000 1.690413 
0.620000 1.695940 
0.621000 1.701401 
0.622000 1.706797 
0.623000 1.712127 
0.624000 1.717391 
0.625000 1.722590 
0.626000 1.727723 
0.627000 1.732791 
0.628000 1.737793 
0.629000 1.742730 
0.630000 1.747601 
0.631000 1.752407 
0.632000 1.757148 
0.633000 1.761823 
0.634000 1.766433 
0.635000 1.770978 
0.636000 1.775457 
0.637000 1.779872 
0.638000 1.784221 
0.639000 1.788505 
0.640000 1.792725 
0.641000 1.796879 
0.642000 1.800968 
0.643000 1.804993 
0.644000 1.808953 
0.645000 1.812848 
0.646000 1.816678 
0.647000 1.820444 
0.648000 1.824145 
0.649000 1.827781 
0.650000 1.831353 
0.651000 1.834861 
0.652000 1.838304 
0.653000 1.841683 
0.654000 1.844998 
0.655000 1.848249 
0.656000 1.851436 
0.657000 1.854558 
0.658000 1.857617 
0.659000 1.860611 
0.660000 1.863542 
0.661000 1.866409 
0.662000 1.869213 
0.663000 1.871953 
0.664000 1.874629 
0.665000 1.877242 
0.666000 1.879791 
0.667000 1.882277 
0.668000 1.884700 
0.669000 1.887060 
0.670000 1.889356 
0.671000 1.891590 
0.672000 1.893760 
0.673000 1.895868 
0.674000 1.897913 
0.675000 1.899895 
0.676000 1.901814 
0.677000 1.903671 
0.678000 1.905465 
0.679000 1.907197 
0.680000 1.908867 
0.681000 1.910475 
0.682000 1.912020 
0.683000 1.913503 
0.684000 1.914924 
0.685000 1.916283 
0.686000 1.917581 
0.687000 1.918817 
0.688000 1.919991 
0.689000 1.921103 
0.690000 1.922154 
0.691000 1.923144 
0.692000 1.924072 
0.693000 1.924939 
0.694000 1.925745 
0.695000 1.926490 
0.696000 1.927174 
0.697000 1.927797 
0.698000 1.928359 
0.699000 1.928860 
0.700000 1.929301 
0.701000 1.929682 
0.702000 1.930002 
0.703000 1.930261 
0.704000 1.930461 
0.705000 1.930600 
0.706000 1.930679 
0.707000 1.930698 
0.708000 1.930658 
0.709000 1.930557 
0.710000 1.930397 
0.711000 1.930177 
0.712000 1.929898 
0.713000 1.929559 
0.714000 1.929161 
0.715000 1.928704 
0.716000 1.928188 
0.717000 1.927612 
0.718000 1.926978 
0.719000 1.926285 
0.720000 1.925533 
0.721000 1.924722 
0.722000 1.923853 
0.723000 1.922925 
0.724000 1.921939 
0.725000 1.920895 
0.726000 1.919792 
0.727000 1.918632 
0.728000 1.917413 
0.729000 1.916137 
0.730000 1.914803 
0.731000 1.913411 
0.732000 1.911961 
0.733000 1.910454 
0.734000 1.908890 
0.735000 1.907268 
0.736000 1.905589 
0.737000 1.903853 
0.738000 1.902060 
0.739000 1.900210 
0.740000 1.898304 
0.741000 1.896340 
0.742000 1.894320 
0.743000 1.892243 
0.744000 1.890110 
0.745000 1.887921 
0.746000 1.885676 
0.747000 1.883374 
0.748000 1.881016 
0.749000 1.878603 
0.750000 1.876133 
0.751000 1.873608 
0.752000 1.871027 
0.753000 1.868391 
0.754000 1.865699 
0.755000 1.862952 
0.756000 1.860150 
0.757000 1.857293 
0.758000 1.854380 
0.759000 1.851413 
0.760000 1.848391 
0.761000 1.845314 
0.762000 1.842183 
0.763000 1.838997 
0.764000 1.835756 
0.765000 1.832462 
0.766000 1.829113 
0.767000 1.825710 
0.768000 1.822253 
0.769000 1.818742 
0.770000 1.815178 
0.771000 1.811559 
0.772000 1.807887 
0.773000 1.804162 
0.774000 1.800383 
0.775000 1.796551 
0.776000 1.792666 
0.777000 1.788728 
0.778000 1.784736 
0.779000 1.780692 
0.780000 1.776595 
0.781000 1.772446 
0.782000 1.768243 
0.783000 1.763989 
0.784000 1.759682 
0.785000 1.755323 
0.786000 1.750911 
0.787000 1.746448 
0.788000 1.741933 
0.789000 1.737366 
0.790000 1.732747 
0.791000 1.728076 
0.792000 1.723354 
0.793000 1.718581 
0.794000 1.713756 
0.795000 1.708880 
0.796000 1.703953 
0.797000 1.698976 
0.798000 1.693947 
0.799000 1.688867 
0.800000 1.683737 
0.801000 1.678556 
0.802000 1.673325 
0.803000 1.668044 
0.804000 1.662712 
0.805000 1.657330 
0.806000 1.651898 
0.807000 1.646416 
0.808000 1.640885 
0.809000 1.635303 
0.810000 1.629672 
0.811000 1.623992 
0.812000 1.618262 
0.813000 1.612484 
0.814000 1.606656 
0.815000 1.600778 
0.816000 1.594852 
0.817000 1.588878 
0.818000 1.582854 
0.819000 1.576782 
0.820000 1.570662 
0.821000 1.564493 
0.822000 1.558276 
0.823000 1.552010 
0.824000 1.545697 
0.825000 1.539336 
0.826000 1.532927 
0.827000 1.526470 
0.828000 1.519966 
0.829000 1.513415 
0.830000 1.506816 
0.831000 1.500170 
0.832000 1.493476 
0.833000 1.486736 
0.834000 1.479949 
0.835000 1.473115 
0.836000 1.466235 
0.837000 1.459308 
0.838000 1.452335 
0.839000 1.445315 
0.840000 1.438249 
0.841000 1.431137 
0.842000 1.423980 
0.843000 1.416776 
0.844000 1.409527 
0.845000 1.402232 
0.846000 1.394892 
0.847000 1.387507 
0.848000 1.380076 
0.849000 1.372601 
0.850000 1.365080 
0.851000 1.357515 
0.852000 1.349905 
0.853000 1.342250 
0.854000 1.334551 
0.855000 1.326808 
0.856000 1.319021 
0.857000 1.311189 
0.858000 1.303314 
0.859000 1.295394 
0.860000 1.287432 
0.861000 1.279425 
0.862000 1.271376 
0.863000 1.263283 
0.864000 1.255146 
0.865000 1.246967 
0.866000 1.238745 
0.867000 1.230481 
0.868000 1.222173 
0.869000 1.213824 
0.870000 1.205432 
0.871000 1.196998 
0.872000 1.188521 
0.873000 1.180003 
0.874000 1.171443 
0.875000 1.162842 
0.876000 1.154199 
0.877000 1.145515 
0.878000 1.136789 
0.879000 1.128023 
0.880000 1.119215 
0.881000 1.110367 
0.882000 1.101478 
0.883000 1.092549 
0.884000 1.083580 
0.885000 1.074570 
0.886000 1.065520 
0.887000 1.056431 
0.888000 1.047302 
0.889000 1.038133 
0.890000 1.028925 
0.891000 1.019677 
0.892000 1.010391 
0.893000 1.001065 
0.894000 0.991701 
0.895000 0.982298 
0.896000 0.972857 
0.897000 0.963377 
0.898000 0.953859 
0.899000 0.944304 
0.900000 0.934710 
0.901000 0.925079 
0.902000 0.915410 
0.903000 0.905704 
0.904000 0.895961 
0.905000 0.886181 
0.906000 0.876365 
0.907000 0.866511 
0.908000 0.856621 
0.909000 0.846695 
0.910000 0.836733 
0.911000 0.826735 
0.912000 0.816701 
0.913000 0.806631 
0.914000 0.796526 
0.915000 0.786386 
0.916000 0.776211 
0.917000 0.766001 
0.918000 0.755757 
0.919000 0.745478 
0.920000 0.735164 
0.921000 0.724817 
0.922000 0.714436 
0.923000 0.704021 
0.924000 0.693572 
0.925000 0.683091 
0.926000 0.672576 
0.927000 0.662028 
0.928000 0.651447 
0.929000 0.640834 
0.930000 0.630189 
0.931000 0.619512 
0.932000 0.608803 
0.933000 0.598062 
0.934000 0.587289 
0.935000 0.576485 
0.936000 0.565651 
0.937000 0.554785 
0.938000 0.543889 
0.939000 0.532962 
0.940000 0.522006 
0.941000 0.511019 
0.942000 0.500003 
0.943000 0.488957 
0.944000 0.477881 
0.945000 0.466777 
0.946000 0.455644 
0.947000 0.444482 
0.948000 0.433292 
0.949000 0.422074 
0.950000 0.410828 
0.951000 0.399555 
0.952000 0.388253 
0.953000 0.376925 
0.954000 0.365570 
0.955000 0.354188 
0.956000 0.342780 
0.957000 0.331346 
0.958000 0.319885 
0.959000 0.308400 
0.960000 0.296888 
0.961000 0.285352 
0.962000 0.273790 
0.963000 0.262205 
0.964000 0.250594 
0.965000 0.238960 
0.966000 0.227302 
0.967000 0.215620 
0.968000 0.203915 
0.969000 0.192187 
0.970000 0.180436 
0.971000 0.168663 
0.972000 0.156868 
0.973000 0.145051 
0.974000 0.133213 
0.975000 0.121353 
0.976000 0.109472 
0.977000 0.097570 
0.978000 0.085648 
0.979000 0.073706 
0.980000 0.061744 
0.981000 0.049763 
0.982000 0.037763 
0.983000 0.025743 
0.984000 0.013705 
0.985000 0.001649 
0.986000 -0.010425 
0.987000 -0.022516 
0.988000 -0.034625 
0.989000 -0.046751 
0.990000 -0.058894 
0.991000 -0.071053 
0.992000 -0.083227 
0.993000 -0.095418 
0.994000 -0.107623 
0.995000 -0.119844 
0.996000 -0.132079 
0.997000 -0.144329 
0.998000 -0.156592 
0.999000 -0.168869 
1.000000 -0.181159 
1.001000 -0.193463 
1.002000 -0.205778 
1.003000 -0.218106 
1.004000 -0.230445 
1.005000 -0.242796 
1.006000 -0.255158 
1.007000 -0.267530 
1.008000 -0.279913 
1.009000 -0.292306 
1.010000 -0.304708 
1.011000 -0.317119 
1.012000 -0.329539 
1.013000 -0.341968 
1.014000 -0.354404 
1.015000 -0.366848 
1.016000 -0.379299 
1.017000 -0.391757 
1.018000 -0.404221 
1.019000 -0.416691 
1.020000 -0.429166 
1.021000 -0.441647 
1.022000 -0.454132 
1.023000 -0.466622 
1.024000 -0.479115 
1.025000 -0.491612 
1.026000 -0.504112 
1.027000 -0.516615 
1.028000 -0.529119 
1.029000 -0.541625 
1.030000 -0.554133 
1.031000 -0.566641 
1.032000 -0.579149 
1.033000 -0.591658 
1.034000 -0.604166 
1.035000 -0.616672 
1.036000 -0.629178 
1.037000 -0.641681 
1.038000 -0.654182 
1.039000 -0.666680 
1.040000 -0.679175 
1.041000 -0.691665 
1.042000 -0.704152 
1.043000 -0.716633 
1.044000 -0.729109 
1.045000 -0.741580 
1.046000 -0.754044 
1.047000 -0.766501 
1.048000 -0.778951 
1.049000 -0.791393 
1.050000 -0.803827 
1.051000 -0.816252 
1.052000 -0.828668 
1.053000 -0.841074 
1.054000 -0.853469 
1.055000 -0.865853 
1.056000 -0.878227 
1.057000 -0.890588 
1.058000 -0.902936 
1.059000 -0.915272 
1.060000 -0.927594 
1.061000 -0.939901 
1.062000 -0.952194 
1.063000 -0.964472 
1.064000 -0.976734 
1.065000 -0.988980 
1.066000 -1.001209 
1.067000 -1.013420 
1.068000 -1.025614 
1.069000 -1.037789 
1.070000 -1.049944 
1.071000 -1.062080 
1.072000 -1.074195 
1.073000 -1.086290 
1.074000 -1.098363 
1.075000 -1.110414 
1.076000 -1.122442 
1.077000 -1.134447 
1.078000 -1.146428 
1.079000 -1.158385 
1.080000 -1.170317 
1.081000 -1.182222 
1.082000 -1.194102 
1.083000 -1.205955 
1.084000 -1.217780 
1.085000 -1.229577 
1.086000 -1.241345 
1.087000 -1.253083 
1.088000 -1.264792 
1.089000 -1.276470 
1.090000 -1.288117 
1.091000 -1.299732 
1.092000 -1.311314 
1.093000 -1.322863 
1.094000 -1.334378 
1.095000 -1.345859 
1.096000 -1.357304 
1.097000 -1.368714 
1.098000 -1.380087 
1.099000 -1.391423 
1.100000 -1.402721 
1.101000 -1.413981 
1.102000 -1.425202 
1.103000 -1.436382 
1.104000 -1.447523 
1.105000 -1.458622 
1.106000 -1.469680 
1.107000 -1.480695 
1.108000 -1.491666 
1.109000 -1.502594 
1.110000 -1.513478 
1.111000 -1.524316 
1.112000 -1.535108 
1.113000 -1.545854 
1.114000 -1.556552 
1.115000 -1.567203 
1.116000 -1.577805 
1.117000 -1.588357 
1.118000 -1.598860 
1.119000 -1.609311 
1.120000 -1.619711 
1.121000 -1.630059 
1.122000 -1.640354 
1.123000 -1.650596 
1.124000 -1.660783 
1.125000 -1.670915 
1.126000 -1.680992 
1.127000 -1.691012 
1.128000 -1.700975 
1.129000 -1.710880 
1.130000 -1.720726 
1.131000 -1.730514 
1.132000 -1.740241 
1.133000 -1.749907 
1.134000 -1.759513 
1.135000 -1.769056 
1.136000 -1.778536 
1.137000 -1.787952 
1.138000 -1.797305 
1.139000 -1.806592 
1.140000 -1.815814 
1.141000 -1.824969 
1.142000 -1.834057 
1.143000 -1.843077 
1.144000 -1.852028 
1.145000 -1.860911 
1.146000 -1.869723 
1.147000 -1.878464 
1.148000 -1.887134 
1.149000 -1.895732 
1.150000 -1.904257 
1.151000 -1.912708 
1.152000 -1.921085 
1.153000 -1.929387 
1.154000 -1.937613 
1.155000 -1.945763 
1.156000 -1.953836 
1.157000 -1.961830 
1.158000 -1.969747 
1.159000 -1.977584 
1.160000 -1.985340 
1.161000 -1.993017 
1.162000 -2.000612 
1.163000 -2.008124 
1.164000 -2.015554 
1.165000 -2.022901 
1.166000 -2.030164 
1.167000 -2.037341 
1.168000 -2.044433 
1.169000 -2.051439 
1.170000 -2.058358 
1.171000 -2.065190 
1.172000 -2.071933 
1.173000 -2.078588 
1.174000 -2.085153 
1.175000 -2.091627 
1.176000 -2.098011 
1.177000 -2.104304 
1.178000 -2.110504 
1.179000 -2.116611 
1.180000 -2.122625 
1.181000 -2.128545 
1.182000 -2.134370 
1.183000 -2.140100 
1.184000 -2.145734 
1.185000 -2.151271 
1.186000 -2.156711 
1.187000 -2.162053 
1.188000 -2.167297 
1.189000 -2.172441 
1.190000 -2.177486 
1.191000 -2.182431 
1.192000 -2.187275 
1.193000 -2.192018 
1.194000 -2.196659 
1.195000 -2.201197 
1.196000 -2.205632 
1.197000 -2.209963 
1.198000 -2.214191 
1.199000 -2.218313 
1.200000 -2.222331 
1.201000 -2.226242 
1.202000 -2.230047 
1.203000 -2.233746 
1.204000 -2.237337 
1.205000 -2.240820 
1.206000 -2.244195 
1.207000 -2.247461 
1.208000 -2.250618 
1.209000 -2.253665 
1.210000 -2.256602 
1.211000 -2.259428 
1.212000 -2.262143 
1.213000 -2.264747 
1.214000 -2.267238 
1.215000 -2.269617 
1.216000 -2.271883 
1.217000 -2.274036 
1.218000 -2.276076 
1.219000 -2.278001 
1.220000 -2.279812 
1.221000 -2.281508 
1.222000 -2.283089 
1.223000 -2.284555 
1.224000 -2.285904 
1.225000 -2.287138 
1.226000 -2.288255 
1.227000 -2.289255 
1.228000 -2.290138 
1.229000 -2.290904 
1.230000 -2.291552 
1.231000 -2.292082 
1.232000 -2.292494 
1.233000 -2.292788 
1.234000 -2.292962 
1.235000 -2.293018 
1.236000 -2.292955 
1.237000 -2.292772 
1.238000 -2.292469 
1.239000 -2.292047 
1.240000 -2.291505 
1.241000 -2.290843 
1.242000 -2.290060 
1.243000 -2.289157 
1.244000 -2.288134 
1.245000 -2.286989 
1.246000 -2.285724 
1.247000 -2.284338 
1.248000 -2.282831 
1.249000 -2.281203 
1.250000 -2.279454 
1.251000 -2.277583 
1.252000 -2.275592 
1.253000 -2.273479 
1.254000 -2.271244 
1.255000 -2.268889 
1.256000 -2.266412 
1.257000 -2.263814 
1.258000 -2.261094 
1.259000 -2.258253 
1.260000 -2.255291 
1.261000 -2.252208 
1.262000 -2.249004 
1.263000 -2.245679 
1.264000 -2.242233 
1.265000 -2.238667 
1.266000 -2.234979 
1.267000 -2.231171 
1.268000 -2.227243 
1.269000 -2.223195 
1.270000 -2.219027 
1.271000 -2.214738 
1.272000 -2.210330 
1.273000 -2.205803 
1.274000 -2.201157 
1.275000 -2.196391 
1.276000 -2.191507 
1.277000 -2.186504 
1.278000 -2.181383 
1.279000 -2.176144 
1.280000 -2.170787 
1.281000 -2.165313 
1.282000 -2.159722 
1.283000 -2.154015 
1.284000 -2.148191 
1.285000 -2.142251 
1.286000 -2.136195 
1.287000 -2.130024 
1.288000 -2.123738 
1.289000 -2.117338 
1.290000 -2.110823 
1.291000 -2.104195 
1.292000 -2.097454 
1.293000 -2.090599 
1.294000 -2.083633 
1.295000 -2.076555 
1.296000 -2.069365 
1.297000 -2.062064 
1.298000 -2.054653 
1.299000 -2.047133 
1.300000 -2.039502 
1.301000 -2.031763 
1.302000 -2.023916 
1.303000 -2.015961 
1.304000 -2.007899 
1.305000 -1.999730 
1.306000 -1.991455 
1.307000 -1.983075 
1.308000 -1.974590 
1.309000 -1.966001 
1.310000 -1.957308 
1.311000 -1.948513 
1.312000 -1.939615 
1.313000 -1.930615 
1.314000 -1.921515 
1.315000 -1.912315 
1.316000 -1.903014 
1.317000 -1.893615 
1.318000 -1.884118 
1.319000 -1.874523 
1.320000 -1.864832 
1.321000 -1.855044 
1.322000 -1.845162 
1.323000 -1.835184 
1.324000 -1.825113 
1.325000 -1.814949 
1.326000 -1.804693 
1.327000 -1.794346 
1.328000 -1.783907 
1.329000 -1.773379 
1.330000 -1.762762 
1.331000 -1.752056 
1.332000 -1.741263 
1.333000 -1.730384 
1.334000 -1.719418 
1.335000 -1.708368 
1.336000 -1.697234 
1.337000 -1.686016 
1.338000 -1.674716 
1.339000 -1.663334 
1.340000 -1.651872 
1.341000 -1.640330 
1.342000 -1.628709 
1.343000 -1.617011 
1.344000 -1.605235 
1.345000 -1.593383 
1.346000 -1.581455 
1.347000 -1.569453 
1.348000 -1.557378 
1.349000 -1.545230 
1.350000 -1.533010 
1.351000 -1.520720 
1.352000 -1.508360 
1.353000 -1.495931 
1.354000 -1.483434 
1.355000 -1.470871 
1.356000 -1.458241 
1.357000 -1.445546 
1.358000 -1.432787 
1.359000 -1.419965 
1.360000 -1.407081 
1.361000 -1.394135 
1.362000 -1.381129 
1.363000 -1.368064 
1.364000 -1.354940 
1.365000 -1.341760 
1.366000 -1.328522 
1.367000 -1.315230 
1.368000 -1.301882 
1.369000 -1.288482 
1.370000 -1.275029 
1.371000 -1.261524 
1.372000 -1.247969 
1.373000 -1.234364 
1.374000 -1.220711 
1.375000 -1.207011 
1.376000 -1.193263 
1.377000 -1.179470 
1.378000 -1.165633 
1.379000 -1.151752 
1.380000 -1.137828 
1.381000 -1.123862 
1.382000 -1.109856 
1.383000 -1.095810 
1.384000 -1.081726 
1.385000 -1.067604 
1.386000 -1.053445 
1.387000 -1.039250 
1.388000 -1.025020 
1.389000 -1.010757 
1.390000 -0.996461 
1.391000 -0.982133 
1.392000 -0.967774 
1.393000 -0.953386 
1.394000 -0.938968 
1.395000 -0.924522 
1.396000 -0.910050 
1.397000 -0.895551 
1.398000 -0.881028 
1.399000 -0.866480 
1.400000 -0.851909 
1.401000 -0.837316 
1.402000 -0.822702 
1.403000 -0.808067 
1.404000 -0.793413 
1.405000 -0.778741 
1.406000 -0.764051 
1.407000 -0.749345 
1.408000 -0.734623 
1.409000 -0.719886 
1.410000 -0.705136 
1.411000 -0.690373 
1.412000 -0.675598 
1.413000 -0.660812 
1.414000 -0.646016 
1.415000 -0.631210 
1.416000 -0.616397 
1.417000 -0.601576 
1.418000 -0.586748 
1.419000 -0.571915 
1.420000 -0.557077 
1.421000 -0.542236 
1.422000 -0.527391 
1.423000 -0.512545 
1.424000 -0.497697 
1.425000 -0.482848 
1.426000 -0.468000 
1.427000 -0.453154 
1.428000 -0.438310 
1.429000 -0.423468 
1.430000 -0.408631 
1.431000 -0.393798 
1.432000 -0.378971 
1.433000 -0.364150 
1.434000 -0.349336 
1.435000 -0.334530 
1.436000 -0.319733 
1.437000 -0.304945 
1.438000 -0.290168 
1.439000 -0.275402 
1.440000 -0.260648 
1.441000 -0.245906 
1.442000 -0.231178 
1.443000 -0.216464 
1.444000 -0.201765 
1.445000 -0.187081 
1.446000 -0.172415 
1.447000 -0.157765 
1.448000 -0.143133 
1.449000 -0.128520 
1.450000 -0.113926 
1.451000 -0.099352 
1.452000 -0.084799 
1.453000 -0.070268 
1.454000 -0.055759 
1.455000 -0.041272 
1.456000 -0.026809 
1.457000 -0.012371 
1.458000 0.002043 
1.459000 0.016431 
1.460000 0.030793 
1.461000 0.045128 
1.462000 0.059436 
1.463000 0.073715 
1.464000 0.087966 
1.465000 0.102187 
1.466000 0.116378 
1.467000 0.130539 
1.468000 0.144668 
1.469000 0.158765 
1.470000 0.172830 
1.471000 0.186862 
1.472000 0.200860 
1.473000 0.214824 
1.474000 0.228753 
1.475000 0.242647 
1.476000 0.256505 
1.477000 0.270326 
1.478000 0.284111 
1.479000 0.297857 
1.480000 0.311566 
1.481000 0.325236 
1.482000 0.338867 
1.483000 0.352459 
1.484000 0.366010 
1.485000 0.379520 
1.486000 0.392990 
1.487000 0.406418 
1.488000 0.419803 
1.489000 0.433146 
1.490000 0.446446 
1.491000 0.459702 
1.492000 0.472915 
1.493000 0.486082 
1.494000 0.499205 
1.495000 0.512283 
1.496000 0.525315 
1.497000 0.538300 
1.498000 0.551239 
1.499000 0.564131 
