# time Tc_folded Tref_folded model 
59318.211098 0.000000 0.000000    -6.970667
59318.265916 0.000000 0.000000    -6.949436
59318.320735 0.000000 0.000000    -6.928234
59318.375553 0.000000 0.000000    -6.907061
59318.430372 0.000000 0.000000    -6.885918
59318.485190 0.000000 0.000000    -6.864803
59318.540009 0.000000 0.000000    -6.843717
59318.594827 0.000000 0.000000    -6.822660
59318.649645 0.000000 0.000000    -6.801633
59318.704464 0.000000 0.000000    -6.780634
59318.759282 0.000000 0.000000    -6.759664
59318.814101 0.000000 0.000000    -6.738723
59318.868919 0.000000 0.000000    -6.717812
59318.923738 0.000000 0.000000    -6.696929
59318.978556 0.000000 0.000000    -6.676075
59319.033374 0.000000 0.000000    -6.655251
59319.088193 0.000000 0.000000    -6.634455
59319.143011 0.000000 0.000000    -6.613688
59319.197830 0.000000 0.000000    -6.592950
59319.252648 0.000000 0.000000    -6.572242
59319.307467 0.000000 0.000000    -6.551562
59319.362285 0.000000 0.000000    -6.530911
59319.417103 0.000000 0.000000    -6.510290
59319.471922 0.000000 0.000000    -6.489697
59319.526740 0.000000 0.000000    -6.469133
59319.581559 0.000000 0.000000    -6.448599
59319.636377 0.000000 0.000000    -6.428093
59319.691196 0.000000 0.000000    -6.407616
59319.746014 0.000000 0.000000    -6.387169
59319.800832 0.000000 0.000000    -6.366750
59319.855651 0.000000 0.000000    -6.346360
59319.910469 0.000000 0.000000    -6.326000
59319.965288 0.000000 0.000000    -6.305668
59320.020106 0.000000 0.000000    -6.285365
59320.074925 0.000000 0.000000    -6.265092
59320.129743 0.000000 0.000000    -6.244847
59320.184561 0.000000 0.000000    -6.224631
59320.239380 0.000000 0.000000    -6.204445
59320.294198 0.000000 0.000000    -6.184287
59320.349017 0.000000 0.000000    -6.164158
59320.403835 0.000000 0.000000    -6.144059
59320.458654 0.000000 0.000000    -6.123988
59320.513472 0.000000 0.000000    -6.103947
59320.568290 0.000000 0.000000    -6.083934
59320.623109 0.000000 0.000000    -6.063950
59320.677927 0.000000 0.000000    -6.043996
59320.732746 0.000000 0.000000    -6.024070
59320.787564 0.000000 0.000000    -6.004173
59320.842383 0.000000 0.000000    -5.984306
59320.897201 0.000000 0.000000    -5.964467
59320.952019 0.000000 0.000000    -5.944658
59321.006838 0.000000 0.000000    -5.924877
59321.061656 0.000000 0.000000    -5.905126
59321.116475 0.000000 0.000000    -5.885403
59321.171293 0.000000 0.000000    -5.865709
59321.226112 0.000000 0.000000    -5.846045
59321.280930 0.000000 0.000000    -5.826409
59321.335748 0.000000 0.000000    -5.806803
59321.390567 0.000000 0.000000    -5.787225
59321.445385 0.000000 0.000000    -5.767676
59321.500204 0.000000 0.000000    -5.748157
59321.555022 0.000000 0.000000    -5.728666
59321.609841 0.000000 0.000000    -5.709205
59321.664659 0.000000 0.000000    -5.689772
59321.719477 0.000000 0.000000    -5.670369
59321.774296 0.000000 0.000000    -5.650994
59321.829114 0.000000 0.000000    -5.631649
59321.883933 0.000000 0.000000    -5.612332
59321.938751 0.000000 0.000000    -5.593045
59321.993569 0.000000 0.000000    -5.573786
59322.048388 0.000000 0.000000    -5.554556
59322.103206 0.000000 0.000000    -5.535356
59322.158025 0.000000 0.000000    -5.516184
59322.212843 0.000000 0.000000    -5.497042
59322.267662 0.000000 0.000000    -5.477928
59322.322480 0.000000 0.000000    -5.458844
59322.377298 0.000000 0.000000    -5.439788
59322.432117 0.000000 0.000000    -5.420762
59322.486935 0.000000 0.000000    -5.401764
59322.541754 0.000000 0.000000    -5.382796
59322.596572 0.000000 0.000000    -5.363856
59322.651391 0.000000 0.000000    -5.344946
59322.706209 0.000000 0.000000    -5.326064
59322.761027 0.000000 0.000000    -5.307212
59322.815846 0.000000 0.000000    -5.288388
59322.870664 0.000000 0.000000    -5.269594
59322.925483 0.000000 0.000000    -5.250828
59322.980301 0.000000 0.000000    -5.232092
59323.035120 0.000000 0.000000    -5.213384
59323.089938 0.000000 0.000000    -5.194706
59323.144756 0.000000 0.000000    -5.176056
59323.199575 0.000000 0.000000    -5.157436
59323.254393 0.000000 0.000000    -5.138845
59323.309212 0.000000 0.000000    -5.120282
59323.364030 0.000000 0.000000    -5.101749
59323.418849 0.000000 0.000000    -5.083244
59323.473667 0.000000 0.000000    -5.064769
59323.528485 0.000000 0.000000    -5.046322
59323.583304 0.000000 0.000000    -5.027905
59323.638122 0.000000 0.000000    -5.009516
59323.692941 0.000000 0.000000    -4.991157
59323.747759 0.000000 0.000000    -4.972827
59323.802578 0.000000 0.000000    -4.954525
59323.857396 0.000000 0.000000    -4.936253
59323.912214 0.000000 0.000000    -4.918009
59323.967033 0.000000 0.000000    -4.899795
59324.021851 0.000000 0.000000    -4.881609
59324.076670 0.000000 0.000000    -4.863453
59324.131488 0.000000 0.000000    -4.845326
59324.186307 0.000000 0.000000    -4.827227
59324.241125 0.000000 0.000000    -4.809158
59324.295943 0.000000 0.000000    -4.791117
59324.350762 0.000000 0.000000    -4.773106
59324.405580 0.000000 0.000000    -4.755124
59324.460399 0.000000 0.000000    -4.737170
59324.515217 0.000000 0.000000    -4.719246
59324.570036 0.000000 0.000000    -4.701350
59324.624854 0.000000 0.000000    -4.683484
59324.679672 0.000000 0.000000    -4.665647
59324.734491 0.000000 0.000000    -4.647838
59324.789309 0.000000 0.000000    -4.630059
59324.844128 0.000000 0.000000    -4.612309
59324.898946 0.000000 0.000000    -4.594587
59324.953765 0.000000 0.000000    -4.576895
59325.008583 0.000000 0.000000    -4.559232
59325.063401 0.000000 0.000000    -4.541597
59325.118220 0.000000 0.000000    -4.523992
59325.173038 0.000000 0.000000    -4.506415
59325.227857 0.000000 0.000000    -4.488868
59325.282675 0.000000 0.000000    -4.471350
59325.337494 0.000000 0.000000    -4.453860
59325.392312 0.000000 0.000000    -4.436400
59325.447130 0.000000 0.000000    -4.418969
59325.501949 0.000000 0.000000    -4.401566
59325.556767 0.000000 0.000000    -4.384193
59325.611586 0.000000 0.000000    -4.366849
59325.666404 0.000000 0.000000    -4.349533
59325.721223 0.000000 0.000000    -4.332247
59325.776041 0.000000 0.000000    -4.314990
59325.830859 0.000000 0.000000    -4.297762
59325.885678 0.000000 0.000000    -4.280562
59325.940496 0.000000 0.000000    -4.263392
59325.995315 0.000000 0.000000    -4.246251
59326.050133 0.000000 0.000000    -4.229138
59326.104952 0.000000 0.000000    -4.212055
59326.159770 0.000000 0.000000    -4.195001
59326.214588 0.000000 0.000000    -4.177975
59326.269407 0.000000 0.000000    -4.160979
59326.324225 0.000000 0.000000    -4.144012
59326.379044 0.000000 0.000000    -4.127074
59326.433862 0.000000 0.000000    -4.110164
59326.488681 0.000000 0.000000    -4.093284
59326.543499 0.000000 0.000000    -4.076433
59326.598317 0.000000 0.000000    -4.059611
59326.653136 0.000000 0.000000    -4.042817
59326.707954 0.000000 0.000000    -4.026053
59326.762773 0.000000 0.000000    -4.009318
59326.817591 0.000000 0.000000    -3.992612
59326.872410 0.000000 0.000000    -3.975934
59326.927228 0.000000 0.000000    -3.959286
59326.982046 0.000000 0.000000    -3.942667
59327.036865 0.000000 0.000000    -3.926077
59327.091683 0.000000 0.000000    -3.909515
59327.146502 0.000000 0.000000    -3.892983
59327.201320 0.000000 0.000000    -3.876480
59327.256139 0.000000 0.000000    -3.860006
59327.310957 0.000000 0.000000    -3.843560
59327.365775 0.000000 0.000000    -3.827144
59327.420594 0.000000 0.000000    -3.810757
59327.475412 0.000000 0.000000    -3.794399
59327.530231 0.000000 0.000000    -3.778070
59327.585049 0.000000 0.000000    -3.761769
59327.639868 0.000000 0.000000    -3.745498
59327.694686 0.000000 0.000000    -3.729256
59327.749504 0.000000 0.000000    -3.713043
59327.804323 0.000000 0.000000    -3.696859
59327.859141 0.000000 0.000000    -3.680703
59327.913960 0.000000 0.000000    -3.664577
59327.968778 0.000000 0.000000    -3.648480
59328.023597 0.000000 0.000000    -3.632412
59328.078415 0.000000 0.000000    -3.616373
59328.133233 0.000000 0.000000    -3.600363
59328.188052 0.000000 0.000000    -3.584381
59328.242870 0.000000 0.000000    -3.568429
59328.297689 0.000000 0.000000    -3.552506
59328.352507 0.000000 0.000000    -3.536612
59328.407326 0.000000 0.000000    -3.520747
59328.462144 0.000000 0.000000    -3.504911
59328.516962 0.000000 0.000000    -3.489103
59328.571781 0.000000 0.000000    -3.473325
59328.626599 0.000000 0.000000    -3.457576
59328.681418 0.000000 0.000000    -3.441856
59328.736236 0.000000 0.000000    -3.426165
59328.791054 0.000000 0.000000    -3.410503
59328.845873 0.000000 0.000000    -3.394870
59328.900691 0.000000 0.000000    -3.379265
59328.955510 0.000000 0.000000    -3.363690
59329.010328 0.000000 0.000000    -3.348144
59329.065147 0.000000 0.000000    -3.332627
59329.119965 0.000000 0.000000    -3.317139
59329.174783 0.000000 0.000000    -3.301680
59329.229602 0.000000 0.000000    -3.286250
59329.284420 0.000000 0.000000    -3.270849
59329.339239 0.000000 0.000000    -3.255477
59329.394057 0.000000 0.000000    -3.240133
59329.448876 0.000000 0.000000    -3.224819
59329.503694 0.000000 0.000000    -3.209534
59329.558512 0.000000 0.000000    -3.194278
59329.613331 0.000000 0.000000    -3.179051
59329.668149 0.000000 0.000000    -3.163853
59329.722968 0.000000 0.000000    -3.148684
59329.777786 0.000000 0.000000    -3.133544
59329.832605 0.000000 0.000000    -3.118433
59329.887423 0.000000 0.000000    -3.103351
59329.942241 0.000000 0.000000    -3.088298
59329.997060 0.000000 0.000000    -3.073274
59330.051878 0.000000 0.000000    -3.058279
59330.106697 0.000000 0.000000    -3.043312
59330.161515 0.000000 0.000000    -3.028375
59330.216334 0.000000 0.000000    -3.013467
59330.271152 0.000000 0.000000    -2.998588
59330.325970 0.000000 0.000000    -2.983738
59330.380789 0.000000 0.000000    -2.968917
59330.435607 0.000000 0.000000    -2.954125
59330.490426 0.000000 0.000000    -2.939362
59330.545244 0.000000 0.000000    -2.924628
59330.600063 0.000000 0.000000    -2.909923
59330.654881 0.000000 0.000000    -2.895247
59330.709699 0.000000 0.000000    -2.880600
59330.764518 0.000000 0.000000    -2.865982
59330.819336 0.000000 0.000000    -2.851393
59330.874155 0.000000 0.000000    -2.836833
59330.928973 0.000000 0.000000    -2.822302
59330.983792 0.000000 0.000000    -2.807800
59331.038610 0.000000 0.000000    -2.793327
59331.093428 0.000000 0.000000    -2.778883
59331.148247 0.000000 0.000000    -2.764468
59331.203065 0.000000 0.000000    -2.750082
59331.257884 0.000000 0.000000    -2.735725
59331.312702 0.000000 0.000000    -2.721397
59331.367521 0.000000 0.000000    -2.707098
59331.422339 0.000000 0.000000    -2.692828
59331.477157 0.000000 0.000000    -2.678587
59331.531976 0.000000 0.000000    -2.664375
59331.586794 0.000000 0.000000    -2.650192
59331.641613 0.000000 0.000000    -2.636038
59331.696431 0.000000 0.000000    -2.621913
59331.751250 0.000000 0.000000    -2.607817
59331.806068 0.000000 0.000000    -2.593750
59331.860886 0.000000 0.000000    -2.579712
59331.915705 0.000000 0.000000    -2.565703
59331.970523 0.000000 0.000000    -2.551724
59332.025342 0.000000 0.000000    -2.537773
59332.080160 0.000000 0.000000    -2.523851
59332.134979 0.000000 0.000000    -2.509958
59332.189797 0.000000 0.000000    -2.496094
59332.244615 0.000000 0.000000    -2.482259
59332.299434 0.000000 0.000000    -2.468453
59332.354252 0.000000 0.000000    -2.454676
59332.409071 0.000000 0.000000    -2.440928
59332.463889 0.000000 0.000000    -2.427209
59332.518708 0.000000 0.000000    -2.413519
59332.573526 0.000000 0.000000    -2.399858
59332.628344 0.000000 0.000000    -2.386226
59332.683163 0.000000 0.000000    -2.372624
59332.737981 0.000000 0.000000    -2.359050
59332.792800 0.000000 0.000000    -2.345505
59332.847618 0.000000 0.000000    -2.331989
59332.902437 0.000000 0.000000    -2.318502
59332.957255 0.000000 0.000000    -2.305044
59333.012073 0.000000 0.000000    -2.291615
59333.066892 0.000000 0.000000    -2.278215
59333.121710 0.000000 0.000000    -2.264844
59333.176529 0.000000 0.000000    -2.251503
59333.231347 0.000000 0.000000    -2.238190
59333.286166 0.000000 0.000000    -2.224906
59333.340984 0.000000 0.000000    -2.211651
59333.395802 0.000000 0.000000    -2.198425
59333.450621 0.000000 0.000000    -2.185228
59333.505439 0.000000 0.000000    -2.172060
59333.560258 0.000000 0.000000    -2.158921
59333.615076 0.000000 0.000000    -2.145812
59333.669895 0.000000 0.000000    -2.132731
59333.724713 0.000000 0.000000    -2.119679
59333.779531 0.000000 0.000000    -2.106656
59333.834350 0.000000 0.000000    -2.093662
59333.889168 0.000000 0.000000    -2.080697
59333.943987 0.000000 0.000000    -2.067762
59333.998805 0.000000 0.000000    -2.054855
59334.053624 0.000000 0.000000    -2.041977
59334.108442 0.000000 0.000000    -2.029128
59334.163260 0.000000 0.000000    -2.016308
59334.218079 0.000000 0.000000    -2.003518
59334.272897 0.000000 0.000000    -1.990756
59334.327716 0.000000 0.000000    -1.978023
59334.382534 0.000000 0.000000    -1.965319
59334.437353 0.000000 0.000000    -1.952644
59334.492171 0.000000 0.000000    -1.939999
59334.546989 0.000000 0.000000    -1.927382
59334.601808 0.000000 0.000000    -1.914794
59334.656626 0.000000 0.000000    -1.902235
59334.711445 0.000000 0.000000    -1.889705
59334.766263 0.000000 0.000000    -1.877205
59334.821082 0.000000 0.000000    -1.864733
59334.875900 0.000000 0.000000    -1.852290
59334.930718 0.000000 0.000000    -1.839876
59334.985537 0.000000 0.000000    -1.827492
59335.040355 0.000000 0.000000    -1.815136
59335.095174 0.000000 0.000000    -1.802809
59335.149992 0.000000 0.000000    -1.790511
59335.204811 0.000000 0.000000    -1.778242
59335.259629 0.000000 0.000000    -1.766003
59335.314447 0.000000 0.000000    -1.753792
59335.369266 0.000000 0.000000    -1.741610
59335.424084 0.000000 0.000000    -1.729457
59335.478903 0.000000 0.000000    -1.717334
59335.533721 0.000000 0.000000    -1.705239
59335.588540 0.000000 0.000000    -1.693173
59335.643358 0.000000 0.000000    -1.681137
59335.698176 0.000000 0.000000    -1.669129
59335.752995 0.000000 0.000000    -1.657150
59335.807813 0.000000 0.000000    -1.645200
59335.862632 0.000000 0.000000    -1.633280
59335.917450 0.000000 0.000000    -1.621388
59335.972268 0.000000 0.000000    -1.609525
59336.027087 0.000000 0.000000    -1.597692
59336.081905 0.000000 0.000000    -1.585887
59336.136724 0.000000 0.000000    -1.574111
59336.191542 0.000000 0.000000    -1.562364
59336.246361 0.000000 0.000000    -1.550647
59336.301179 0.000000 0.000000    -1.538958
59336.355997 0.000000 0.000000    -1.527298
59336.410816 0.000000 0.000000    -1.515668
59336.465634 0.000000 0.000000    -1.504066
59336.520453 0.000000 0.000000    -1.492493
59336.575271 0.000000 0.000000    -1.480950
59336.630090 0.000000 0.000000    -1.469435
59336.684908 0.000000 0.000000    -1.457949
59336.739726 0.000000 0.000000    -1.446493
59336.794545 0.000000 0.000000    -1.435065
59336.849363 0.000000 0.000000    -1.423666
59336.904182 0.000000 0.000000    -1.412297
59336.959000 0.000000 0.000000    -1.400956
59337.013819 0.000000 0.000000    -1.389644
59337.068637 0.000000 0.000000    -1.378362
59337.123455 0.000000 0.000000    -1.367108
59337.178274 0.000000 0.000000    -1.355883
59337.233092 0.000000 0.000000    -1.344688
59337.287911 0.000000 0.000000    -1.333521
59337.342729 0.000000 0.000000    -1.322384
59337.397548 0.000000 0.000000    -1.311275
59337.452366 0.000000 0.000000    -1.300195
59337.507184 0.000000 0.000000    -1.289145
59337.562003 0.000000 0.000000    -1.278123
59337.616821 0.000000 0.000000    -1.267131
59337.671640 0.000000 0.000000    -1.256167
59337.726458 0.000000 0.000000    -1.245232
59337.781277 0.000000 0.000000    -1.234327
59337.836095 0.000000 0.000000    -1.223450
59337.890913 0.000000 0.000000    -1.212602
59337.945732 0.000000 0.000000    -1.201784
59338.000550 0.000000 0.000000    -1.190994
59338.055369 0.000000 0.000000    -1.180234
59338.110187 0.000000 0.000000    -1.169502
59338.165006 0.000000 0.000000    -1.158800
59338.219824 0.000000 0.000000    -1.148126
59338.274642 0.000000 0.000000    -1.137481
59338.329461 0.000000 0.000000    -1.126866
59338.384279 0.000000 0.000000    -1.116279
59338.439098 0.000000 0.000000    -1.105722
59338.493916 0.000000 0.000000    -1.095193
59338.548735 0.000000 0.000000    -1.084694
59338.603553 0.000000 0.000000    -1.074223
59338.658371 0.000000 0.000000    -1.063782
59338.713190 0.000000 0.000000    -1.053369
59338.768008 0.000000 0.000000    -1.042985
59338.822827 0.000000 0.000000    -1.032631
59338.877645 0.000000 0.000000    -1.022305
59338.932464 0.000000 0.000000    -1.012009
59338.987282 0.000000 0.000000    -1.001741
59339.042100 0.000000 0.000000    -0.991503
59339.096919 0.000000 0.000000    -0.981293
59339.151737 0.000000 0.000000    -0.971113
59339.206556 0.000000 0.000000    -0.960961
59339.261374 0.000000 0.000000    -0.950839
59339.316193 0.000000 0.000000    -0.940745
59339.371011 0.000000 0.000000    -0.930681
59339.425829 0.000000 0.000000    -0.920645
59339.480648 0.000000 0.000000    -0.910639
59339.535466 0.000000 0.000000    -0.900661
59339.590285 0.000000 0.000000    -0.890713
59339.645103 0.000000 0.000000    -0.880793
59339.699922 0.000000 0.000000    -0.870903
59339.754740 0.000000 0.000000    -0.861041
59339.809558 0.000000 0.000000    -0.851209
59339.864377 0.000000 0.000000    -0.841405
59339.919195 0.000000 0.000000    -0.831631
59339.974014 0.000000 0.000000    -0.821885
59340.028832 0.000000 0.000000    -0.812169
59340.083651 0.000000 0.000000    -0.802481
59340.138469 0.000000 0.000000    -0.792823
59340.193287 0.000000 0.000000    -0.783193
59340.248106 0.000000 0.000000    -0.773593
59340.302924 0.000000 0.000000    -0.764022
59340.357743 0.000000 0.000000    -0.754479
59340.412561 0.000000 0.000000    -0.744966
59340.467380 0.000000 0.000000    -0.735481
59340.522198 0.000000 0.000000    -0.726026
59340.577016 0.000000 0.000000    -0.716599
59340.631835 0.000000 0.000000    -0.707202
59340.686653 0.000000 0.000000    -0.697833
59340.741472 0.000000 0.000000    -0.688494
59340.796290 0.000000 0.000000    -0.679184
59340.851109 0.000000 0.000000    -0.669902
59340.905927 0.000000 0.000000    -0.660650
59340.960745 0.000000 0.000000    -0.651426
59341.015564 0.000000 0.000000    -0.642232
59341.070382 0.000000 0.000000    -0.633067
59341.125201 0.000000 0.000000    -0.623930
59341.180019 0.000000 0.000000    -0.614823
59341.234838 0.000000 0.000000    -0.605744
59341.289656 0.000000 0.000000    -0.596695
59341.344474 0.000000 0.000000    -0.587675
59341.399293 0.000000 0.000000    -0.578683
59341.454111 0.000000 0.000000    -0.569721
59341.508930 0.000000 0.000000    -0.560787
59341.563748 0.000000 0.000000    -0.551883
59341.618567 0.000000 0.000000    -0.543008
59341.673385 0.000000 0.000000    -0.534161
59341.728203 0.000000 0.000000    -0.525344
59341.783022 0.000000 0.000000    -0.516556
59341.837840 0.000000 0.000000    -0.507796
59341.892659 0.000000 0.000000    -0.499066
59341.947477 0.000000 0.000000    -0.490364
59342.002296 0.000000 0.000000    -0.481692
59342.057114 0.000000 0.000000    -0.473049
59342.111932 0.000000 0.000000    -0.464434
59342.166751 0.000000 0.000000    -0.455849
59342.221569 0.000000 0.000000    -0.447293
59342.276388 0.000000 0.000000    -0.438765
59342.331206 0.000000 0.000000    -0.430267
59342.386025 0.000000 0.000000    -0.421798
59342.440843 0.000000 0.000000    -0.413357
59342.495661 0.000000 0.000000    -0.404946
59342.550480 0.000000 0.000000    -0.396564
59342.605298 0.000000 0.000000    -0.388210
59342.660117 0.000000 0.000000    -0.379886
59342.714935 0.000000 0.000000    -0.371591
59342.769753 0.000000 0.000000    -0.363325
59342.824572 0.000000 0.000000    -0.355087
59342.879390 0.000000 0.000000    -0.346879
59342.934209 0.000000 0.000000    -0.338700
59342.989027 0.000000 0.000000    -0.330549
59343.043846 0.000000 0.000000    -0.322428
59343.098664 0.000000 0.000000    -0.314336
59343.153482 0.000000 0.000000    -0.306272
59343.208301 0.000000 0.000000    -0.298238
59343.263119 0.000000 0.000000    -0.290233
59343.317938 0.000000 0.000000    -0.282257
59343.372756 0.000000 0.000000    -0.274309
59343.427575 0.000000 0.000000    -0.266391
59343.482393 0.000000 0.000000    -0.258502
59343.537211 0.000000 0.000000    -0.250642
59343.592030 0.000000 0.000000    -0.242810
59343.646848 0.000000 0.000000    -0.235008
59343.701667 0.000000 0.000000    -0.227235
59343.756485 0.000000 0.000000    -0.219491
59343.811304 0.000000 0.000000    -0.211775
59343.866122 0.000000 0.000000    -0.204089
59343.920940 0.000000 0.000000    -0.196432
59343.975759 0.000000 0.000000    -0.188804
59344.030577 0.000000 0.000000    -0.181204
59344.085396 0.000000 0.000000    -0.173634
59344.140214 0.000000 0.000000    -0.166093
59344.195033 0.000000 0.000000    -0.158581
59344.249851 0.000000 0.000000    -0.151097
59344.304669 0.000000 0.000000    -0.143643
59344.359488 0.000000 0.000000    -0.136218
59344.414306 0.000000 0.000000    -0.128822
59344.469125 0.000000 0.000000    -0.121455
59344.523943 0.000000 0.000000    -0.114116
59344.578762 0.000000 0.000000    -0.106807
59344.633580 0.000000 0.000000    -0.099527
59344.688398 0.000000 0.000000    -0.092276
59344.743217 0.000000 0.000000    -0.085054
59344.798035 0.000000 0.000000    -0.077860
59344.852854 0.000000 0.000000    -0.070696
59344.907672 0.000000 0.000000    -0.063561
59344.962491 0.000000 0.000000    -0.056455
59345.017309 0.000000 0.000000    -0.049378
59345.072127 0.000000 0.000000    -0.042330
59345.126946 0.000000 0.000000    -0.035310
59345.181764 0.000000 0.000000    -0.028320
59345.236583 0.000000 0.000000    -0.021359
59345.291401 0.000000 0.000000    -0.014427
59345.346220 0.000000 0.000000    -0.007524
59345.401038 0.000000 0.000000    -0.000650
59345.455856 0.000000 0.000000     0.006196
59345.510675 0.000000 0.000000     0.013012
59345.565493 0.000000 0.000000     0.019799
59345.620312 0.000000 0.000000     0.026557
59345.675130 0.000000 0.000000     0.033286
59345.729949 0.000000 0.000000     0.039986
59345.784767 0.000000 0.000000     0.046657
59345.839585 0.000000 0.000000     0.053299
59345.894404 0.000000 0.000000     0.059913
59345.949222 0.000000 0.000000     0.066497
59346.004041 0.000000 0.000000     0.073052
59346.058859 0.000000 0.000000     0.079578
59346.113678 0.000000 0.000000     0.086075
59346.168496 0.000000 0.000000     0.092543
59346.223314 0.000000 0.000000     0.098982
59346.278133 0.000000 0.000000     0.105392
59346.332951 0.000000 0.000000     0.111773
59346.387770 0.000000 0.000000     0.118126
59346.442588 0.000000 0.000000     0.124449
59346.497407 0.000000 0.000000     0.130743
59346.552225 0.000000 0.000000     0.137008
59346.607043 0.000000 0.000000     0.143244
59346.661862 0.000000 0.000000     0.149451
59346.716680 0.000000 0.000000     0.155629
59346.771499 0.000000 0.000000     0.161778
59346.826317 0.000000 0.000000     0.167898
59346.881136 0.000000 0.000000     0.173989
59346.935954 0.000000 0.000000     0.180051
59346.990772 0.000000 0.000000     0.186084
59347.045591 0.000000 0.000000     0.192088
59347.100409 0.000000 0.000000     0.198063
59347.155228 0.000000 0.000000     0.204010
59347.210046 0.000000 0.000000     0.209927
59347.264865 0.000000 0.000000     0.215815
59347.319683 0.000000 0.000000     0.221674
59347.374501 0.000000 0.000000     0.227504
59347.429320 0.000000 0.000000     0.233305
59347.484138 0.000000 0.000000     0.239077
59347.538957 0.000000 0.000000     0.244820
59347.593775 0.000000 0.000000     0.250534
59347.648594 0.000000 0.000000     0.256219
59347.703412 0.000000 0.000000     0.261875
59347.758230 0.000000 0.000000     0.267502
59347.813049 0.000000 0.000000     0.273100
59347.867867 0.000000 0.000000     0.278669
59347.922686 0.000000 0.000000     0.284209
59347.977504 0.000000 0.000000     0.289720
59348.032323 0.000000 0.000000     0.295202
59348.087141 0.000000 0.000000     0.300655
59348.141959 0.000000 0.000000     0.306079
59348.196778 0.000000 0.000000     0.311474
59348.251596 0.000000 0.000000     0.316840
59348.306415 0.000000 0.000000     0.322177
59348.361233 0.000000 0.000000     0.327485
59348.416052 0.000000 0.000000     0.332764
59348.470870 0.000000 0.000000     0.338014
59348.525688 0.000000 0.000000     0.343235
59348.580507 0.000000 0.000000     0.348427
59348.635325 0.000000 0.000000     0.353590
59348.690144 0.000000 0.000000     0.358724
59348.744962 0.000000 0.000000     0.363828
59348.799781 0.000000 0.000000     0.368904
59348.854599 0.000000 0.000000     0.373951
59348.909417 0.000000 0.000000     0.378969
59348.964236 0.000000 0.000000     0.383958
59349.019054 0.000000 0.000000     0.388918
59349.073873 0.000000 0.000000     0.393849
59349.128691 0.000000 0.000000     0.398751
59349.183510 0.000000 0.000000     0.403624
59349.238328 0.000000 0.000000     0.408468
59349.293146 0.000000 0.000000     0.413283
59349.347965 0.000000 0.000000     0.418069
59349.402783 0.000000 0.000000     0.422826
59349.457602 0.000000 0.000000     0.427554
59349.512420 0.000000 0.000000     0.432252
59349.567239 0.000000 0.000000     0.436922
59349.622057 0.000000 0.000000     0.441563
59349.676875 0.000000 0.000000     0.446175
59349.731694 0.000000 0.000000     0.450758
59349.786512 0.000000 0.000000     0.455312
59349.841331 0.000000 0.000000     0.459837
59349.896149 0.000000 0.000000     0.464333
59349.950967 0.000000 0.000000     0.468800
59350.005786 0.000000 0.000000     0.473237
59350.060604 0.000000 0.000000     0.477646
59350.115423 0.000000 0.000000     0.482026
59350.170241 0.000000 0.000000     0.486377
59350.225060 0.000000 0.000000     0.490699
59350.279878 0.000000 0.000000     0.494992
59350.334696 0.000000 0.000000     0.499256
59350.389515 0.000000 0.000000     0.503491
59350.444333 0.000000 0.000000     0.507696
59350.499152 0.000000 0.000000     0.511873
59350.553970 0.000000 0.000000     0.516021
59350.608789 0.000000 0.000000     0.520140
59350.663607 0.000000 0.000000     0.524230
59350.718425 0.000000 0.000000     0.528291
59350.773244 0.000000 0.000000     0.532322
59350.828062 0.000000 0.000000     0.536325
59350.882881 0.000000 0.000000     0.540299
59350.937699 0.000000 0.000000     0.544244
59350.992518 0.000000 0.000000     0.548160
59351.047336 0.000000 0.000000     0.552047
59351.102154 0.000000 0.000000     0.555904
59351.156973 0.000000 0.000000     0.559733
59351.211791 0.000000 0.000000     0.563533
59351.266610 0.000000 0.000000     0.567304
59351.321428 0.000000 0.000000     0.571046
59351.376247 0.000000 0.000000     0.574758
59351.431065 0.000000 0.000000     0.578442
59351.485883 0.000000 0.000000     0.582097
59351.540702 0.000000 0.000000     0.585723
59351.595520 0.000000 0.000000     0.589320
59351.650339 0.000000 0.000000     0.592887
59351.705157 0.000000 0.000000     0.596426
59351.759976 0.000000 0.000000     0.599936
59351.814794 0.000000 0.000000     0.603417
59351.869612 0.000000 0.000000     0.606868
59351.924431 0.000000 0.000000     0.610291
59351.979249 0.000000 0.000000     0.613685
59352.034068 0.000000 0.000000     0.617050
59352.088886 0.000000 0.000000     0.620385
59352.143705 0.000000 0.000000     0.623692
59352.198523 0.000000 0.000000     0.626970
59352.253341 0.000000 0.000000     0.630219
59352.308160 0.000000 0.000000     0.633438
59352.362978 0.000000 0.000000     0.636629
59352.417797 0.000000 0.000000     0.639791
59352.472615 0.000000 0.000000     0.642924
59352.527434 0.000000 0.000000     0.646027
59352.582252 0.000000 0.000000     0.649102
59352.637070 0.000000 0.000000     0.652148
59352.691889 0.000000 0.000000     0.655165
59352.746707 0.000000 0.000000     0.658152
59352.801526 0.000000 0.000000     0.661111
59352.856344 0.000000 0.000000     0.664041
59352.911163 0.000000 0.000000     0.666941
59352.965981 0.000000 0.000000     0.669813
59353.020799 0.000000 0.000000     0.672656
59353.075618 0.000000 0.000000     0.675470
59353.130436 0.000000 0.000000     0.678254
59353.185255 0.000000 0.000000     0.681010
59353.240073 0.000000 0.000000     0.683737
59353.294892 0.000000 0.000000     0.686434
59353.349710 0.000000 0.000000     0.689103
59353.404528 0.000000 0.000000     0.691743
59353.459347 0.000000 0.000000     0.694353
59353.514165 0.000000 0.000000     0.696935
59353.568984 0.000000 0.000000     0.699488
59353.623802 0.000000 0.000000     0.702011
59353.678621 0.000000 0.000000     0.704506
59353.733439 0.000000 0.000000     0.706972
59353.788257 0.000000 0.000000     0.709408
59353.843076 0.000000 0.000000     0.711816
59353.897894 0.000000 0.000000     0.714195
59353.952713 0.000000 0.000000     0.716544
59354.007531 0.000000 0.000000     0.718865
59354.062350 0.000000 0.000000     0.721156
59354.117168 0.000000 0.000000     0.723419
59354.171986 0.000000 0.000000     0.725653
59354.226805 0.000000 0.000000     0.727857
59354.281623 0.000000 0.000000     0.730033
59354.336442 0.000000 0.000000     0.732180
59354.391260 0.000000 0.000000     0.734297
59354.446079 0.000000 0.000000     0.736386
59354.500897 0.000000 0.000000     0.738445
59354.555715 0.000000 0.000000     0.740476
59354.610534 0.000000 0.000000     0.742478
59354.665352 0.000000 0.000000     0.744450
59354.720171 0.000000 0.000000     0.746394
59354.774989 0.000000 0.000000     0.748309
59354.829808 0.000000 0.000000     0.750194
59354.884626 0.000000 0.000000     0.752051
59354.939444 0.000000 0.000000     0.753878
59354.994263 0.000000 0.000000     0.755677
59355.049081 0.000000 0.000000     0.757446
59355.103900 0.000000 0.000000     0.759187
59355.158718 0.000000 0.000000     0.760899
59355.213537 0.000000 0.000000     0.762581
59355.268355 0.000000 0.000000     0.764235
59355.323173 0.000000 0.000000     0.765859
59355.377992 0.000000 0.000000     0.767455
59355.432810 0.000000 0.000000     0.769021
59355.487629 0.000000 0.000000     0.770559
59355.542447 0.000000 0.000000     0.772068
59355.597266 0.000000 0.000000     0.773547
59355.652084 0.000000 0.000000     0.774998
59355.706902 0.000000 0.000000     0.776419
59355.761721 0.000000 0.000000     0.777812
59355.816539 0.000000 0.000000     0.779175
59355.871358 0.000000 0.000000     0.780510
59355.926176 0.000000 0.000000     0.781815
59355.980995 0.000000 0.000000     0.783092
59356.035813 0.000000 0.000000     0.784339
59356.090631 0.000000 0.000000     0.785558
59356.145450 0.000000 0.000000     0.786747
59356.200268 0.000000 0.000000     0.787908
59356.255087 0.000000 0.000000     0.789039
59356.309905 0.000000 0.000000     0.790142
59356.364724 0.000000 0.000000     0.791215
59356.419542 0.000000 0.000000     0.792260
59356.474360 0.000000 0.000000     0.793275
59356.529179 0.000000 0.000000     0.794262
59356.583997 0.000000 0.000000     0.795219
59356.638816 0.000000 0.000000     0.796148
59356.693634 0.000000 0.000000     0.797047
59356.748452 0.000000 0.000000     0.797918
59356.803271 0.000000 0.000000     0.798759
59356.858089 0.000000 0.000000     0.799572
59356.912908 0.000000 0.000000     0.800355
59356.967726 0.000000 0.000000     0.801110
59357.022545 0.000000 0.000000     0.801835
59357.077363 0.000000 0.000000     0.802532
59357.132181 0.000000 0.000000     0.803199
59357.187000 0.000000 0.000000     0.803838
59357.241818 0.000000 0.000000     0.804447
59357.296637 0.000000 0.000000     0.805027
59357.351455 0.000000 0.000000     0.805579
59357.406274 0.000000 0.000000     0.806101
59357.461092 0.000000 0.000000     0.806595
59357.515910 0.000000 0.000000     0.807059
59357.570729 0.000000 0.000000     0.807495
59357.625547 0.000000 0.000000     0.807901
59357.680366 0.000000 0.000000     0.808278
59357.735184 0.000000 0.000000     0.808627
59357.790003 0.000000 0.000000     0.808946
59357.844821 0.000000 0.000000     0.809237
59357.899639 0.000000 0.000000     0.809498
59357.954458 0.000000 0.000000     0.809731
59358.009276 0.000000 0.000000     0.809934
59358.064095 0.000000 0.000000     0.810108
59358.118913 0.000000 0.000000     0.810254
59358.173732 0.000000 0.000000     0.810370
59358.228550 0.000000 0.000000     0.810458
59358.283368 0.000000 0.000000     0.810516
59358.338187 0.000000 0.000000     0.810545
59358.393005 0.000000 0.000000     0.810546
59358.447824 0.000000 0.000000     0.810517
59358.502642 0.000000 0.000000     0.810459
59358.557461 0.000000 0.000000     0.810373
59358.612279 0.000000 0.000000     0.810257
59358.667097 0.000000 0.000000     0.810113
59358.721916 0.000000 0.000000     0.809939
59358.776734 0.000000 0.000000     0.809736
59358.831553 0.000000 0.000000     0.809505
59358.886371 0.000000 0.000000     0.809244
59358.941190 0.000000 0.000000     0.808954
59358.996008 0.000000 0.000000     0.808636
59359.050826 0.000000 0.000000     0.808288
59359.105645 0.000000 0.000000     0.807911
59359.160463 0.000000 0.000000     0.807506
59359.215282 0.000000 0.000000     0.807071
59359.270100 0.000000 0.000000     0.806607
59359.324919 0.000000 0.000000     0.806115
59359.379737 0.000000 0.000000     0.805593
59359.434555 0.000000 0.000000     0.805042
59359.489374 0.000000 0.000000     0.804463
59359.544192 0.000000 0.000000     0.803854
59359.599011 0.000000 0.000000     0.803216
59359.653829 0.000000 0.000000     0.802550
59359.708648 0.000000 0.000000     0.801854
59359.763466 0.000000 0.000000     0.801129
59359.818284 0.000000 0.000000     0.800375
59359.873103 0.000000 0.000000     0.799593
59359.927921 0.000000 0.000000     0.798781
59359.982740 0.000000 0.000000     0.797940
59360.037558 0.000000 0.000000     0.797071
59360.092377 0.000000 0.000000     0.796172
59360.147195 0.000000 0.000000     0.795244
59360.202013 0.000000 0.000000     0.794287
59360.256832 0.000000 0.000000     0.793302
59360.311650 0.000000 0.000000     0.792287
59360.366469 0.000000 0.000000     0.791243
59360.421287 0.000000 0.000000     0.790171
59360.476106 0.000000 0.000000     0.789069
59360.530924 0.000000 0.000000     0.787938
59360.585742 0.000000 0.000000     0.786778
59360.640561 0.000000 0.000000     0.785590
59360.695379 0.000000 0.000000     0.784372
59360.750198 0.000000 0.000000     0.783125
59360.805016 0.000000 0.000000     0.781849
59360.859835 0.000000 0.000000     0.780545
59360.914653 0.000000 0.000000     0.779211
59360.969471 0.000000 0.000000     0.777848
59361.024290 0.000000 0.000000     0.776456
59361.079108 0.000000 0.000000     0.775035
59361.133927 0.000000 0.000000     0.773586
59361.188745 0.000000 0.000000     0.772107
59361.243564 0.000000 0.000000     0.770599
59361.298382 0.000000 0.000000     0.769062
59361.353200 0.000000 0.000000     0.767497
59361.408019 0.000000 0.000000     0.765902
59361.462837 0.000000 0.000000     0.764278
59361.517656 0.000000 0.000000     0.762625
59361.572474 0.000000 0.000000     0.760943
59361.627293 0.000000 0.000000     0.759233
59361.682111 0.000000 0.000000     0.757493
59361.736929 0.000000 0.000000     0.755724
59361.791748 0.000000 0.000000     0.753926
59361.846566 0.000000 0.000000     0.752099
59361.901385 0.000000 0.000000     0.750243
59361.956203 0.000000 0.000000     0.748359
59362.011022 0.000000 0.000000     0.746445
59362.065840 0.000000 0.000000     0.744502
59362.120658 0.000000 0.000000     0.742530
59362.175477 0.000000 0.000000     0.740529
59362.230295 0.000000 0.000000     0.738499
59362.285114 0.000000 0.000000     0.736441
59362.339932 0.000000 0.000000     0.734353
59362.394751 0.000000 0.000000     0.732236
59362.449569 0.000000 0.000000     0.730090
59362.504387 0.000000 0.000000     0.727915
59362.559206 0.000000 0.000000     0.725711
59362.614024 0.000000 0.000000     0.723478
59362.668843 0.000000 0.000000     0.721217
59362.723661 0.000000 0.000000     0.718926
59362.778480 0.000000 0.000000     0.716606
59362.833298 0.000000 0.000000     0.714257
59362.888116 0.000000 0.000000     0.711879
59362.942935 0.000000 0.000000     0.709472
59362.997753 0.000000 0.000000     0.707036
59363.052572 0.000000 0.000000     0.704571
59363.107390 0.000000 0.000000     0.702077
59363.162209 0.000000 0.000000     0.699555
59363.217027 0.000000 0.000000     0.697003
59363.271845 0.000000 0.000000     0.694422
59363.326664 0.000000 0.000000     0.691812
59363.381482 0.000000 0.000000     0.689173
59363.436301 0.000000 0.000000     0.686505
59363.491119 0.000000 0.000000     0.683808
59363.545938 0.000000 0.000000     0.681082
59363.600756 0.000000 0.000000     0.678327
59363.655574 0.000000 0.000000     0.675543
59363.710393 0.000000 0.000000     0.672730
59363.765211 0.000000 0.000000     0.669888
59363.820030 0.000000 0.000000     0.667017
59363.874848 0.000000 0.000000     0.664118
59363.929666 0.000000 0.000000     0.661189
59363.984485 0.000000 0.000000     0.658231
59364.039303 0.000000 0.000000     0.655244
59364.094122 0.000000 0.000000     0.652228
59364.148940 0.000000 0.000000     0.649183
59364.203759 0.000000 0.000000     0.646109
59364.258577 0.000000 0.000000     0.643006
59364.313395 0.000000 0.000000     0.639874
59364.368214 0.000000 0.000000     0.636713
59364.423032 0.000000 0.000000     0.633523
59364.477851 0.000000 0.000000     0.630304
59364.532669 0.000000 0.000000     0.627056
59364.587488 0.000000 0.000000     0.623779
59364.642306 0.000000 0.000000     0.620473
59364.697124 0.000000 0.000000     0.617138
59364.751943 0.000000 0.000000     0.613774
59364.806761 0.000000 0.000000     0.610381
59364.861580 0.000000 0.000000     0.606959
59364.916398 0.000000 0.000000     0.603508
59364.971217 0.000000 0.000000     0.600028
59365.026035 0.000000 0.000000     0.596519
59365.080853 0.000000 0.000000     0.592981
59365.135672 0.000000 0.000000     0.589414
59365.190490 0.000000 0.000000     0.585818
59365.245309 0.000000 0.000000     0.582193
59365.300127 0.000000 0.000000     0.578539
59365.354946 0.000000 0.000000     0.574856
59365.409764 0.000000 0.000000     0.571144
59365.464582 0.000000 0.000000     0.567403
59365.519401 0.000000 0.000000     0.563633
59365.574219 0.000000 0.000000     0.559834
59365.629038 0.000000 0.000000     0.556006
59365.683856 0.000000 0.000000     0.552149
59365.738675 0.000000 0.000000     0.548263
59365.793493 0.000000 0.000000     0.544348
59365.848311 0.000000 0.000000     0.540403
59365.903130 0.000000 0.000000     0.536430
59365.957948 0.000000 0.000000     0.532428
59366.012767 0.000000 0.000000     0.528397
59366.067585 0.000000 0.000000     0.524337
59366.122404 0.000000 0.000000     0.520248
59366.177222 0.000000 0.000000     0.516130
59366.232040 0.000000 0.000000     0.511983
59366.286859 0.000000 0.000000     0.507807
59366.341677 0.000000 0.000000     0.503602
59366.396496 0.000000 0.000000     0.499368
59366.451314 0.000000 0.000000     0.495105
59366.506133 0.000000 0.000000     0.490813
59366.560951 0.000000 0.000000     0.486491
59366.615769 0.000000 0.000000     0.482141
59366.670588 0.000000 0.000000     0.477762
59366.725406 0.000000 0.000000     0.473354
59366.780225 0.000000 0.000000     0.468917
59366.835043 0.000000 0.000000     0.464451
59366.889862 0.000000 0.000000     0.459956
59366.944680 0.000000 0.000000     0.455432
59366.999498 0.000000 0.000000     0.450879
59367.054317 0.000000 0.000000     0.446296
59367.109135 0.000000 0.000000     0.441685
59367.163954 0.000000 0.000000     0.437045
59367.218772 0.000000 0.000000     0.432376
59367.273591 0.000000 0.000000     0.427678
59367.328409 0.000000 0.000000     0.422951
59367.383227 0.000000 0.000000     0.418195
59367.438046 0.000000 0.000000     0.413409
59367.492864 0.000000 0.000000     0.408595
59367.547683 0.000000 0.000000     0.403752
59367.602501 0.000000 0.000000     0.398880
59367.657320 0.000000 0.000000     0.393979
59367.712138 0.000000 0.000000     0.389049
59367.766956 0.000000 0.000000     0.384089
59367.821775 0.000000 0.000000     0.379101
59367.876593 0.000000 0.000000     0.374084
59367.931412 0.000000 0.000000     0.369038
59367.986230 0.000000 0.000000     0.363963
59368.041049 0.000000 0.000000     0.358858
59368.095867 0.000000 0.000000     0.353725
59368.150685 0.000000 0.000000     0.348563
59368.205504 0.000000 0.000000     0.343372
59368.260322 0.000000 0.000000     0.338152
59368.315141 0.000000 0.000000     0.332902
59368.369959 0.000000 0.000000     0.327624
59368.424778 0.000000 0.000000     0.322317
59368.479596 0.000000 0.000000     0.316981
59368.534414 0.000000 0.000000     0.311616
59368.589233 0.000000 0.000000     0.306221
59368.644051 0.000000 0.000000     0.300798
59368.698870 0.000000 0.000000     0.295346
59368.753688 0.000000 0.000000     0.289865
59368.808507 0.000000 0.000000     0.284355
59368.863325 0.000000 0.000000     0.278815
59368.918143 0.000000 0.000000     0.273247
59368.972962 0.000000 0.000000     0.267650
59369.027780 0.000000 0.000000     0.262024
59369.082599 0.000000 0.000000     0.256368
59369.137417 0.000000 0.000000     0.250684
59369.192236 0.000000 0.000000     0.244971
59369.247054 0.000000 0.000000     0.239229
59369.301872 0.000000 0.000000     0.233457
59369.356691 0.000000 0.000000     0.227657
59369.411509 0.000000 0.000000     0.221828
59369.466328 0.000000 0.000000     0.215969
59369.521146 0.000000 0.000000     0.210082
59369.575965 0.000000 0.000000     0.204166
59369.630783 0.000000 0.000000     0.198221
59369.685601 0.000000 0.000000     0.192246
59369.740420 0.000000 0.000000     0.186243
59369.795238 0.000000 0.000000     0.180211
59369.850057 0.000000 0.000000     0.174149
59369.904875 0.000000 0.000000     0.168059
59369.959694 0.000000 0.000000     0.161940
59370.014512 0.000000 0.000000     0.155792
59370.069330 0.000000 0.000000     0.149614
59370.124149 0.000000 0.000000     0.143408
59370.178967 0.000000 0.000000     0.137173
59370.233786 0.000000 0.000000     0.130908
59370.288604 0.000000 0.000000     0.124615
59370.343423 0.000000 0.000000     0.118293
59370.398241 0.000000 0.000000     0.111941
59370.453059 0.000000 0.000000     0.105561
59370.507878 0.000000 0.000000     0.099152
59370.562696 0.000000 0.000000     0.092713
59370.617515 0.000000 0.000000     0.086246
59370.672333 0.000000 0.000000     0.079750
59370.727151 0.000000 0.000000     0.073224
59370.781970 0.000000 0.000000     0.066670
59370.836788 0.000000 0.000000     0.060087
59370.891607 0.000000 0.000000     0.053474
59370.946425 0.000000 0.000000     0.046833
59371.001244 0.000000 0.000000     0.040162
59371.056062 0.000000 0.000000     0.033463
59371.110880 0.000000 0.000000     0.026735
59371.165699 0.000000 0.000000     0.019977
59371.220517 0.000000 0.000000     0.013191
59371.275336 0.000000 0.000000     0.006376
59371.330154 0.000000 0.000000    -0.000469
59371.384973 0.000000 0.000000    -0.007342
59371.439791 0.000000 0.000000    -0.014245
59371.494609 0.000000 0.000000    -0.021176
59371.549428 0.000000 0.000000    -0.028136
59371.604246 0.000000 0.000000    -0.035126
59371.659065 0.000000 0.000000    -0.042144
59371.713883 0.000000 0.000000    -0.049192
59371.768702 0.000000 0.000000    -0.056268
59371.823520 0.000000 0.000000    -0.063373
59371.878338 0.000000 0.000000    -0.070508
59371.933157 0.000000 0.000000    -0.077671
59371.987975 0.000000 0.000000    -0.084864
59372.042794 0.000000 0.000000    -0.092085
59372.097612 0.000000 0.000000    -0.099335
59372.152431 0.000000 0.000000    -0.106615
59372.207249 0.000000 0.000000    -0.113923
59372.262067 0.000000 0.000000    -0.121261
59372.316886 0.000000 0.000000    -0.128627
59372.371704 0.000000 0.000000    -0.136023
59372.426523 0.000000 0.000000    -0.143447
59372.481341 0.000000 0.000000    -0.150901
59372.536160 0.000000 0.000000    -0.158383
59372.590978 0.000000 0.000000    -0.165894
59372.645796 0.000000 0.000000    -0.173435
59372.700615 0.000000 0.000000    -0.181004
59372.755433 0.000000 0.000000    -0.188603
59372.810252 0.000000 0.000000    -0.196230
59372.865070 0.000000 0.000000    -0.203887
59372.919889 0.000000 0.000000    -0.211572
59372.974707 0.000000 0.000000    -0.219287
59373.029525 0.000000 0.000000    -0.227030
59373.084344 0.000000 0.000000    -0.234803
59373.139162 0.000000 0.000000    -0.242604
59373.193981 0.000000 0.000000    -0.250435
59373.248799 0.000000 0.000000    -0.258294
59373.303618 0.000000 0.000000    -0.266183
59373.358436 0.000000 0.000000    -0.274100
59373.413254 0.000000 0.000000    -0.282047
59373.468073 0.000000 0.000000    -0.290022
59373.522891 0.000000 0.000000    -0.298027
59373.577710 0.000000 0.000000    -0.306060
59373.632528 0.000000 0.000000    -0.314123
59373.687347 0.000000 0.000000    -0.322214
59373.742165 0.000000 0.000000    -0.330335
59373.796983 0.000000 0.000000    -0.338484
59373.851802 0.000000 0.000000    -0.346663
59373.906620 0.000000 0.000000    -0.354870
59373.961439 0.000000 0.000000    -0.363107
59374.016257 0.000000 0.000000    -0.371372
59374.071076 0.000000 0.000000    -0.379667
59374.125894 0.000000 0.000000    -0.387991
