# time Tc_folded Tref_folded model model_err 
59318.211098 0.000000 0.000000    -0.491368     1.471840 
59318.265916 0.000000 0.000000    -0.501595     1.473241 
59318.320735 0.000000 0.000000    -0.511308     1.474623 
59318.375553 0.000000 0.000000    -0.520498     1.475987 
59318.430372 0.000000 0.000000    -0.529156     1.477331 
59318.485190 0.000000 0.000000    -0.537276     1.478656 
59318.540009 0.000000 0.000000    -0.544850     1.479961 
59318.594827 0.000000 0.000000    -0.551871     1.481245 
59318.649645 0.000000 0.000000    -0.558335     1.482509 
59318.704464 0.000000 0.000000    -0.564234     1.483752 
59318.759282 0.000000 0.000000    -0.569564     1.484973 
59318.814101 0.000000 0.000000    -0.574322     1.486172 
59318.868919 0.000000 0.000000    -0.578503     1.487349 
59318.923738 0.000000 0.000000    -0.582105     1.488504 
59318.978556 0.000000 0.000000    -0.585124     1.489636 
59319.033374 0.000000 0.000000    -0.587560     1.490745 
59319.088193 0.000000 0.000000    -0.589411     1.491831 
59319.143011 0.000000 0.000000    -0.590676     1.492893 
59319.197830 0.000000 0.000000    -0.591356     1.493931 
59319.252648 0.000000 0.000000    -0.591450     1.494945 
59319.307467 0.000000 0.000000    -0.590961     1.495935 
59319.362285 0.000000 0.000000    -0.589889     1.496900 
59319.417103 0.000000 0.000000    -0.588239     1.497841 
59319.471922 0.000000 0.000000    -0.586011     1.498756 
59319.526740 0.000000 0.000000    -0.583211     1.499646 
59319.581559 0.000000 0.000000    -0.579842     1.500510 
59319.636377 0.000000 0.000000    -0.575910     1.501349 
59319.691196 0.000000 0.000000    -0.571419     1.502161 
59319.746014 0.000000 0.000000    -0.566376     1.502947 
59319.800832 0.000000 0.000000    -0.560786     1.503707 
59319.855651 0.000000 0.000000    -0.554658     1.504440 
59319.910469 0.000000 0.000000    -0.547999     1.505146 
59319.965288 0.000000 0.000000    -0.540816     1.505824 
59320.020106 0.000000 0.000000    -0.533120     1.506476 
59320.074925 0.000000 0.000000    -0.524917     1.507099 
59320.129743 0.000000 0.000000    -0.516220     1.507695 
59320.184561 0.000000 0.000000    -0.507036     1.508263 
59320.239380 0.000000 0.000000    -0.497378     1.508802 
59320.294198 0.000000 0.000000    -0.487255     1.509313 
59320.349017 0.000000 0.000000    -0.476680     1.509795 
59320.403835 0.000000 0.000000    -0.465665     1.510248 
59320.458654 0.000000 0.000000    -0.454220     1.510672 
59320.513472 0.000000 0.000000    -0.442360     1.511066 
59320.568290 0.000000 0.000000    -0.430096     1.511431 
59320.623109 0.000000 0.000000    -0.417442     1.511765 
59320.677927 0.000000 0.000000    -0.404412     1.512070 
59320.732746 0.000000 0.000000    -0.391020     1.512343 
59320.787564 0.000000 0.000000    -0.377278     1.512587 
59320.842383 0.000000 0.000000    -0.363202     1.512799 
59320.897201 0.000000 0.000000    -0.348807     1.512979 
59320.952019 0.000000 0.000000    -0.334105     1.513129 
59321.006838 0.000000 0.000000    -0.319114     1.513246 
59321.061656 0.000000 0.000000    -0.303847     1.513332 
59321.116475 0.000000 0.000000    -0.288319     1.513385 
59321.171293 0.000000 0.000000    -0.272546     1.513405 
59321.226112 0.000000 0.000000    -0.256542     1.513392 
59321.280930 0.000000 0.000000    -0.240323     1.513347 
59321.335748 0.000000 0.000000    -0.223904     1.513267 
59321.390567 0.000000 0.000000    -0.207300     1.513154 
59321.445385 0.000000 0.000000    -0.190527     1.513007 
59321.500204 0.000000 0.000000    -0.173598     1.512825 
59321.555022 0.000000 0.000000    -0.156530     1.512609 
59321.609841 0.000000 0.000000    -0.139336     1.512357 
59321.664659 0.000000 0.000000    -0.122032     1.512070 
59321.719477 0.000000 0.000000    -0.104632     1.511748 
59321.774296 0.000000 0.000000    -0.087149     1.511389 
59321.829114 0.000000 0.000000    -0.069599     1.510994 
59321.883933 0.000000 0.000000    -0.051994     1.510563 
59321.938751 0.000000 0.000000    -0.034348     1.510094 
59321.993569 0.000000 0.000000    -0.016675     1.509588 
59322.048388 0.000000 0.000000     0.001014     1.509045 
59322.103206 0.000000 0.000000     0.018706     1.508463 
59322.158025 0.000000 0.000000     0.036388     1.507843 
59322.212843 0.000000 0.000000     0.054049     1.507185 
59322.267662 0.000000 0.000000     0.071679     1.506488 
59322.322480 0.000000 0.000000     0.089265     1.505751 
59322.377298 0.000000 0.000000     0.106799     1.504975 
59322.432117 0.000000 0.000000     0.124269     1.504158 
59322.486935 0.000000 0.000000     0.141667     1.503302 
59322.541754 0.000000 0.000000     0.158985     1.502405 
59322.596572 0.000000 0.000000     0.176213     1.501467 
59322.651391 0.000000 0.000000     0.193345     1.500487 
59322.706209 0.000000 0.000000     0.210372     1.499467 
59322.761027 0.000000 0.000000     0.227289     1.498404 
59322.815846 0.000000 0.000000     0.244089     1.497299 
59322.870664 0.000000 0.000000     0.260767     1.496151 
59322.925483 0.000000 0.000000     0.277319     1.494961 
59322.980301 0.000000 0.000000     0.293740     1.493728 
59323.035120 0.000000 0.000000     0.310026     1.492451 
59323.089938 0.000000 0.000000     0.326176     1.491130 
59323.144756 0.000000 0.000000     0.342185     1.489765 
59323.199575 0.000000 0.000000     0.358053     1.488356 
59323.254393 0.000000 0.000000     0.373779     1.486903 
59323.309212 0.000000 0.000000     0.389362     1.485405 
59323.364030 0.000000 0.000000     0.404803     1.483861 
59323.418849 0.000000 0.000000     0.420102     1.482272 
59323.473667 0.000000 0.000000     0.435261     1.480637 
59323.528485 0.000000 0.000000     0.450282     1.478957 
59323.583304 0.000000 0.000000     0.465168     1.477230 
59323.638122 0.000000 0.000000     0.479922     1.475456 
59323.692941 0.000000 0.000000     0.494547     1.473636 
59323.747759 0.000000 0.000000     0.509049     1.471769 
59323.802578 0.000000 0.000000     0.523433     1.469854 
59323.857396 0.000000 0.000000     0.537704     1.467892 
59323.912214 0.000000 0.000000     0.551867     1.465883 
59323.967033 0.000000 0.000000     0.565931     1.463825 
59324.021851 0.000000 0.000000     0.579902     1.461719 
59324.076670 0.000000 0.000000     0.593788     1.459565 
59324.131488 0.000000 0.000000     0.607597     1.457362 
59324.186307 0.000000 0.000000     0.621337     1.455110 
59324.241125 0.000000 0.000000     0.635018     1.452809 
59324.295943 0.000000 0.000000     0.648649     1.450458 
59324.350762 0.000000 0.000000     0.662240     1.448058 
59324.405580 0.000000 0.000000     0.675800     1.445608 
59324.460399 0.000000 0.000000     0.689341     1.443108 
59324.515217 0.000000 0.000000     0.702873     1.440557 
59324.570036 0.000000 0.000000     0.716408     1.437956 
59324.624854 0.000000 0.000000     0.729955     1.435304 
59324.679672 0.000000 0.000000     0.743528     1.432601 
59324.734491 0.000000 0.000000     0.757137     1.429846 
59324.789309 0.000000 0.000000     0.770795     1.427040 
59324.844128 0.000000 0.000000     0.784513     1.424182 
59324.898946 0.000000 0.000000     0.798303     1.421272 
59324.953765 0.000000 0.000000     0.812178     1.418310 
59325.008583 0.000000 0.000000     0.826148     1.415295 
59325.063401 0.000000 0.000000     0.840227     1.412227 
59325.118220 0.000000 0.000000     0.854427     1.409105 
59325.173038 0.000000 0.000000     0.868758     1.405930 
59325.227857 0.000000 0.000000     0.883234     1.402702 
59325.282675 0.000000 0.000000     0.897865     1.399419 
59325.337494 0.000000 0.000000     0.912663     1.396082 
59325.392312 0.000000 0.000000     0.927638     1.392689 
59325.447130 0.000000 0.000000     0.942803     1.389242 
59325.501949 0.000000 0.000000     0.958167     1.385739 
59325.556767 0.000000 0.000000     0.973741     1.382181 
59325.611586 0.000000 0.000000     0.989534     1.378566 
59325.666404 0.000000 0.000000     1.005556     1.374894 
59325.721223 0.000000 0.000000     1.021816     1.371166 
59325.776041 0.000000 0.000000     1.038323     1.367380 
59325.830859 0.000000 0.000000     1.055084     1.363537 
59325.885678 0.000000 0.000000     1.072108     1.359635 
59325.940496 0.000000 0.000000     1.089400     1.355675 
59325.995315 0.000000 0.000000     1.106968     1.351655 
59326.050133 0.000000 0.000000     1.124817     1.347577 
59326.104952 0.000000 0.000000     1.142953     1.343438 
59326.159770 0.000000 0.000000     1.161379     1.339239 
59326.214588 0.000000 0.000000     1.180099     1.334979 
59326.269407 0.000000 0.000000     1.199117     1.330658 
59326.324225 0.000000 0.000000     1.218434     1.326275 
59326.379044 0.000000 0.000000     1.238052     1.321830 
59326.433862 0.000000 0.000000     1.257971     1.317322 
59326.488681 0.000000 0.000000     1.278192     1.312751 
59326.543499 0.000000 0.000000     1.298714     1.308117 
59326.598317 0.000000 0.000000     1.319534     1.303418 
59326.653136 0.000000 0.000000     1.340650     1.298654 
59326.707954 0.000000 0.000000     1.362059     1.293825 
59326.762773 0.000000 0.000000     1.383755     1.288931 
59326.817591 0.000000 0.000000     1.405734     1.283970 
59326.872410 0.000000 0.000000     1.427989     1.278943 
59326.927228 0.000000 0.000000     1.450513     1.273848 
59326.982046 0.000000 0.000000     1.473298     1.268686 
59327.036865 0.000000 0.000000     1.496336     1.263456 
59327.091683 0.000000 0.000000     1.519615     1.258157 
59327.146502 0.000000 0.000000     1.543125     1.252788 
59327.201320 0.000000 0.000000     1.566855     1.247351 
59327.256139 0.000000 0.000000     1.590792     1.241843 
59327.310957 0.000000 0.000000     1.614922     1.236265 
59327.365775 0.000000 0.000000     1.639231     1.230615 
59327.420594 0.000000 0.000000     1.663704     1.224895 
59327.475412 0.000000 0.000000     1.688324     1.219102 
59327.530231 0.000000 0.000000     1.713073     1.213238 
59327.585049 0.000000 0.000000     1.737935     1.207300 
59327.639868 0.000000 0.000000     1.762891     1.201290 
59327.694686 0.000000 0.000000     1.787920     1.195207 
59327.749504 0.000000 0.000000     1.813004     1.189050 
59327.804323 0.000000 0.000000     1.838119     1.182819 
59327.859141 0.000000 0.000000     1.863245     1.176515 
59327.913960 0.000000 0.000000     1.888360     1.170135 
59327.968778 0.000000 0.000000     1.913439     1.163682 
59328.023597 0.000000 0.000000     1.938459     1.157153 
59328.078415 0.000000 0.000000     1.963396     1.150550 
59328.133233 0.000000 0.000000     1.988223     1.143871 
59328.188052 0.000000 0.000000     2.012917     1.137117 
59328.242870 0.000000 0.000000     2.037450     1.130289 
59328.297689 0.000000 0.000000     2.061796     1.123385 
59328.352507 0.000000 0.000000     2.085927     1.116406 
59328.407326 0.000000 0.000000     2.109816     1.109352 
59328.462144 0.000000 0.000000     2.133436     1.102223 
59328.516962 0.000000 0.000000     2.156758     1.095019 
59328.571781 0.000000 0.000000     2.179753     1.087740 
59328.626599 0.000000 0.000000     2.202393     1.080388 
59328.681418 0.000000 0.000000     2.224648     1.072961 
59328.736236 0.000000 0.000000     2.246491     1.065461 
59328.791054 0.000000 0.000000     2.267890     1.057887 
59328.845873 0.000000 0.000000     2.288818     1.050241 
59328.900691 0.000000 0.000000     2.309245     1.042522 
59328.955510 0.000000 0.000000     2.329141     1.034732 
59329.010328 0.000000 0.000000     2.348478     1.026871 
59329.065147 0.000000 0.000000     2.367227     1.018940 
59329.119965 0.000000 0.000000     2.385358     1.010940 
59329.174783 0.000000 0.000000     2.402843     1.002871 
59329.229602 0.000000 0.000000     2.419653     0.994735 
59329.284420 0.000000 0.000000     2.435762     0.986532 
59329.339239 0.000000 0.000000     2.451140     0.978264 
59329.394057 0.000000 0.000000     2.465761     0.969931 
59329.448876 0.000000 0.000000     2.479597     0.961536 
59329.503694 0.000000 0.000000     2.492624     0.953080 
59329.558512 0.000000 0.000000     2.504814     0.944564 
59329.613331 0.000000 0.000000     2.516144     0.935989 
59329.668149 0.000000 0.000000     2.526588     0.927358 
59329.722968 0.000000 0.000000     2.536122     0.918672 
59329.777786 0.000000 0.000000     2.544725     0.909933 
59329.832605 0.000000 0.000000     2.552373     0.901143 
59329.887423 0.000000 0.000000     2.559045     0.892305 
59329.942241 0.000000 0.000000     2.564721     0.883421 
59329.997060 0.000000 0.000000     2.569382     0.874493 
59330.051878 0.000000 0.000000     2.573007     0.865524 
59330.106697 0.000000 0.000000     2.575581     0.856517 
59330.161515 0.000000 0.000000     2.577085     0.847474 
59330.216334 0.000000 0.000000     2.577505     0.838399 
59330.271152 0.000000 0.000000     2.576826     0.829294 
59330.325970 0.000000 0.000000     2.575035     0.820165 
59330.380789 0.000000 0.000000     2.572119     0.811013 
59330.435607 0.000000 0.000000     2.568067     0.801844 
59330.490426 0.000000 0.000000     2.562869     0.792661 
59330.545244 0.000000 0.000000     2.556518     0.783468 
59330.600063 0.000000 0.000000     2.549004     0.774270 
59330.654881 0.000000 0.000000     2.540323     0.765072 
59330.709699 0.000000 0.000000     2.530469     0.755880 
59330.764518 0.000000 0.000000     2.519439     0.746697 
59330.819336 0.000000 0.000000     2.507230     0.737531 
59330.874155 0.000000 0.000000     2.493841     0.728386 
59330.928973 0.000000 0.000000     2.479274     0.719270 
59330.983792 0.000000 0.000000     2.463529     0.710188 
59331.038610 0.000000 0.000000     2.446610     0.701148 
59331.093428 0.000000 0.000000     2.428521     0.692157 
59331.148247 0.000000 0.000000     2.409268     0.683222 
59331.203065 0.000000 0.000000     2.388858     0.674351 
59331.257884 0.000000 0.000000     2.367300     0.665554 
59331.312702 0.000000 0.000000     2.344604     0.656837 
59331.367521 0.000000 0.000000     2.320780     0.648210 
59331.422339 0.000000 0.000000     2.295842     0.639682 
59331.477157 0.000000 0.000000     2.269803     0.631264 
59331.531976 0.000000 0.000000     2.242678     0.622963 
59331.586794 0.000000 0.000000     2.214485     0.614792 
59331.641613 0.000000 0.000000     2.185240     0.606759 
59331.696431 0.000000 0.000000     2.154962     0.598875 
59331.751250 0.000000 0.000000     2.123673     0.591151 
59331.806068 0.000000 0.000000     2.091392     0.583597 
59331.860886 0.000000 0.000000     2.058144     0.576224 
59331.915705 0.000000 0.000000     2.023952     0.569041 
59331.970523 0.000000 0.000000     1.988840     0.562058 
59332.025342 0.000000 0.000000     1.952835     0.555286 
59332.080160 0.000000 0.000000     1.915963     0.548733 
59332.134979 0.000000 0.000000     1.878254     0.542407 
59332.189797 0.000000 0.000000     1.839735     0.536317 
59332.244615 0.000000 0.000000     1.800438     0.530467 
59332.299434 0.000000 0.000000     1.760393     0.524865 
59332.354252 0.000000 0.000000     1.719632     0.519515 
59332.409071 0.000000 0.000000     1.678188     0.514419 
59332.463889 0.000000 0.000000     1.636094     0.509580 
59332.518708 0.000000 0.000000     1.593385     0.504998 
59332.573526 0.000000 0.000000     1.550096     0.500671 
59332.628344 0.000000 0.000000     1.506261     0.496596 
59332.683163 0.000000 0.000000     1.461918     0.492770 
59332.737981 0.000000 0.000000     1.417104     0.489187 
59332.792800 0.000000 0.000000     1.371855     0.485839 
59332.847618 0.000000 0.000000     1.326210     0.482718 
59332.902437 0.000000 0.000000     1.280206     0.479814 
59332.957255 0.000000 0.000000     1.233883     0.477117 
59333.012073 0.000000 0.000000     1.187279     0.474614 
59333.066892 0.000000 0.000000     1.140433     0.472294 
59333.121710 0.000000 0.000000     1.093385     0.470143 
59333.176529 0.000000 0.000000     1.046175     0.468148 
59333.231347 0.000000 0.000000     0.998841     0.466295 
59333.286166 0.000000 0.000000     0.951424     0.464570 
59333.340984 0.000000 0.000000     0.903964     0.462961 
59333.395802 0.000000 0.000000     0.856500     0.461453 
59333.450621 0.000000 0.000000     0.809071     0.460033 
59333.505439 0.000000 0.000000     0.761718     0.458688 
59333.560258 0.000000 0.000000     0.714478     0.457408 
59333.615076 0.000000 0.000000     0.667392     0.456179 
59333.669895 0.000000 0.000000     0.620498     0.454991 
59333.724713 0.000000 0.000000     0.573834     0.453833 
59333.779531 0.000000 0.000000     0.527438     0.452698 
59333.834350 0.000000 0.000000     0.481347     0.451574 
59333.889168 0.000000 0.000000     0.435598     0.450456 
59333.943987 0.000000 0.000000     0.390228     0.449334 
59333.998805 0.000000 0.000000     0.345273     0.448204 
59334.053624 0.000000 0.000000     0.300766     0.447059 
59334.108442 0.000000 0.000000     0.256744     0.445894 
59334.163260 0.000000 0.000000     0.213240     0.444705 
59334.218079 0.000000 0.000000     0.170286     0.443487 
59334.272897 0.000000 0.000000     0.127915     0.442239 
59334.327716 0.000000 0.000000     0.086158     0.440957 
59334.382534 0.000000 0.000000     0.045046     0.439640 
59334.437353 0.000000 0.000000     0.004607     0.438287 
59334.492171 0.000000 0.000000    -0.035128     0.436896 
59334.546989 0.000000 0.000000    -0.074134     0.435467 
59334.601808 0.000000 0.000000    -0.112383     0.434000 
59334.656626 0.000000 0.000000    -0.149850     0.432497 
59334.711445 0.000000 0.000000    -0.186510     0.430957 
59334.766263 0.000000 0.000000    -0.222341     0.429383 
59334.821082 0.000000 0.000000    -0.257319     0.427775 
59334.875900 0.000000 0.000000    -0.291423     0.426136 
59334.930718 0.000000 0.000000    -0.324635     0.424468 
59334.985537 0.000000 0.000000    -0.356934     0.422774 
59335.040355 0.000000 0.000000    -0.388304     0.421056 
59335.095174 0.000000 0.000000    -0.418728     0.419318 
59335.149992 0.000000 0.000000    -0.448192     0.417562 
59335.204811 0.000000 0.000000    -0.476680     0.415792 
59335.259629 0.000000 0.000000    -0.504181     0.414011 
59335.314447 0.000000 0.000000    -0.530683     0.412223 
59335.369266 0.000000 0.000000    -0.556176     0.410431 
59335.424084 0.000000 0.000000    -0.580651     0.408639 
59335.478903 0.000000 0.000000    -0.604102     0.406851 
59335.533721 0.000000 0.000000    -0.626520     0.405071 
59335.588540 0.000000 0.000000    -0.647902     0.403301 
59335.643358 0.000000 0.000000    -0.668243     0.401546 
59335.698176 0.000000 0.000000    -0.687542     0.399810 
59335.752995 0.000000 0.000000    -0.705796     0.398095 
59335.807813 0.000000 0.000000    -0.723006     0.396406 
59335.862632 0.000000 0.000000    -0.739173     0.394745 
59335.917450 0.000000 0.000000    -0.754299     0.393115 
59335.972268 0.000000 0.000000    -0.768389     0.391519 
59336.027087 0.000000 0.000000    -0.781446     0.389961 
59336.081905 0.000000 0.000000    -0.793477     0.388442 
59336.136724 0.000000 0.000000    -0.804490     0.386964 
59336.191542 0.000000 0.000000    -0.814492     0.385530 
59336.246361 0.000000 0.000000    -0.823492     0.384142 
59336.301179 0.000000 0.000000    -0.831502     0.382800 
59336.355997 0.000000 0.000000    -0.838533     0.381507 
59336.410816 0.000000 0.000000    -0.844598     0.380263 
59336.465634 0.000000 0.000000    -0.849710     0.379070 
59336.520453 0.000000 0.000000    -0.853884     0.377926 
59336.575271 0.000000 0.000000    -0.857136     0.376834 
59336.630090 0.000000 0.000000    -0.859482     0.375792 
59336.684908 0.000000 0.000000    -0.860940     0.374802 
59336.739726 0.000000 0.000000    -0.861527     0.373861 
59336.794545 0.000000 0.000000    -0.861265     0.372970 
59336.849363 0.000000 0.000000    -0.860171     0.372129 
59336.904182 0.000000 0.000000    -0.858268     0.371335 
59336.959000 0.000000 0.000000    -0.855577     0.370589 
59337.013819 0.000000 0.000000    -0.852119     0.369889 
59337.068637 0.000000 0.000000    -0.847919     0.369233 
59337.123455 0.000000 0.000000    -0.842999     0.368620 
59337.178274 0.000000 0.000000    -0.837384     0.368050 
59337.233092 0.000000 0.000000    -0.831099     0.367519 
59337.287911 0.000000 0.000000    -0.824168     0.367028 
59337.342729 0.000000 0.000000    -0.816618     0.366574 
59337.397548 0.000000 0.000000    -0.808475     0.366155 
59337.452366 0.000000 0.000000    -0.799765     0.365770 
59337.507184 0.000000 0.000000    -0.790516     0.365418 
59337.562003 0.000000 0.000000    -0.780754     0.365097 
59337.616821 0.000000 0.000000    -0.770509     0.364806 
59337.671640 0.000000 0.000000    -0.759806     0.364542 
59337.726458 0.000000 0.000000    -0.748675     0.364305 
59337.781277 0.000000 0.000000    -0.737144     0.364093 
59337.836095 0.000000 0.000000    -0.725242     0.363904 
59337.890913 0.000000 0.000000    -0.712996     0.363738 
59337.945732 0.000000 0.000000    -0.700437     0.363592 
59338.000550 0.000000 0.000000    -0.687591     0.363467 
59338.055369 0.000000 0.000000    -0.674489     0.363360 
59338.110187 0.000000 0.000000    -0.661158     0.363270 
59338.165006 0.000000 0.000000    -0.647628     0.363196 
59338.219824 0.000000 0.000000    -0.633927     0.363137 
59338.274642 0.000000 0.000000    -0.620083     0.363092 
59338.329461 0.000000 0.000000    -0.606124     0.363059 
59338.384279 0.000000 0.000000    -0.592078     0.363038 
59338.439098 0.000000 0.000000    -0.577974     0.363028 
59338.493916 0.000000 0.000000    -0.563838     0.363026 
59338.548735 0.000000 0.000000    -0.549698     0.363033 
59338.603553 0.000000 0.000000    -0.535581     0.363047 
59338.658371 0.000000 0.000000    -0.521512     0.363067 
59338.713190 0.000000 0.000000    -0.507518     0.363092 
59338.768008 0.000000 0.000000    -0.493626     0.363121 
59338.822827 0.000000 0.000000    -0.479859     0.363153 
59338.877645 0.000000 0.000000    -0.466243     0.363186 
59338.932464 0.000000 0.000000    -0.452801     0.363220 
59338.987282 0.000000 0.000000    -0.439559     0.363253 
59339.042100 0.000000 0.000000    -0.426538     0.363284 
59339.096919 0.000000 0.000000    -0.413761     0.363312 
59339.151737 0.000000 0.000000    -0.401251     0.363336 
59339.206556 0.000000 0.000000    -0.389029     0.363355 
59339.261374 0.000000 0.000000    -0.377115     0.363367 
59339.316193 0.000000 0.000000    -0.365529     0.363373 
59339.371011 0.000000 0.000000    -0.354292     0.363370 
59339.425829 0.000000 0.000000    -0.343422     0.363357 
59339.480648 0.000000 0.000000    -0.332936     0.363334 
59339.535466 0.000000 0.000000    -0.322853     0.363300 
59339.590285 0.000000 0.000000    -0.313189     0.363254 
59339.645103 0.000000 0.000000    -0.303959     0.363195 
59339.699922 0.000000 0.000000    -0.295180     0.363123 
59339.754740 0.000000 0.000000    -0.286864     0.363036 
59339.809558 0.000000 0.000000    -0.279027     0.362935 
59339.864377 0.000000 0.000000    -0.271680     0.362818 
59339.919195 0.000000 0.000000    -0.264835     0.362686 
59339.974014 0.000000 0.000000    -0.258505     0.362538 
59340.028832 0.000000 0.000000    -0.252699     0.362374 
59340.083651 0.000000 0.000000    -0.247426     0.362194 
59340.138469 0.000000 0.000000    -0.242697     0.361998 
59340.193287 0.000000 0.000000    -0.238518     0.361787 
59340.248106 0.000000 0.000000    -0.234897     0.361561 
59340.302924 0.000000 0.000000    -0.231841     0.361320 
59340.357743 0.000000 0.000000    -0.229354     0.361066 
59340.412561 0.000000 0.000000    -0.227442     0.360798 
59340.467380 0.000000 0.000000    -0.226108     0.360519 
59340.522198 0.000000 0.000000    -0.225357     0.360229 
59340.577016 0.000000 0.000000    -0.225189     0.359929 
59340.631835 0.000000 0.000000    -0.225606     0.359621 
59340.686653 0.000000 0.000000    -0.226610     0.359306 
59340.741472 0.000000 0.000000    -0.228200     0.358987 
59340.796290 0.000000 0.000000    -0.230376     0.358665 
59340.851109 0.000000 0.000000    -0.233135     0.358342 
59340.905927 0.000000 0.000000    -0.236476     0.358021 
59340.960745 0.000000 0.000000    -0.240395     0.357703 
59341.015564 0.000000 0.000000    -0.244888     0.357391 
59341.070382 0.000000 0.000000    -0.249952     0.357087 
59341.125201 0.000000 0.000000    -0.255579     0.356794 
59341.180019 0.000000 0.000000    -0.261765     0.356515 
59341.234838 0.000000 0.000000    -0.268503     0.356252 
59341.289656 0.000000 0.000000    -0.275786     0.356007 
59341.344474 0.000000 0.000000    -0.283604     0.355785 
59341.399293 0.000000 0.000000    -0.291950     0.355586 
59341.454111 0.000000 0.000000    -0.300815     0.355414 
59341.508930 0.000000 0.000000    -0.310187     0.355272 
59341.563748 0.000000 0.000000    -0.320057     0.355162 
59341.618567 0.000000 0.000000    -0.330413     0.355087 
59341.673385 0.000000 0.000000    -0.341244     0.355048 
59341.728203 0.000000 0.000000    -0.352538     0.355049 
59341.783022 0.000000 0.000000    -0.364281     0.355090 
59341.837840 0.000000 0.000000    -0.376460     0.355175 
59341.892659 0.000000 0.000000    -0.389061     0.355304 
59341.947477 0.000000 0.000000    -0.402070     0.355479 
59342.002296 0.000000 0.000000    -0.415473     0.355701 
59342.057114 0.000000 0.000000    -0.429253     0.355972 
59342.111932 0.000000 0.000000    -0.443396     0.356291 
59342.166751 0.000000 0.000000    -0.457885     0.356660 
59342.221569 0.000000 0.000000    -0.472704     0.357078 
59342.276388 0.000000 0.000000    -0.487836     0.357545 
59342.331206 0.000000 0.000000    -0.503265     0.358061 
59342.386025 0.000000 0.000000    -0.518972     0.358626 
59342.440843 0.000000 0.000000    -0.534940     0.359237 
59342.495661 0.000000 0.000000    -0.551152     0.359895 
59342.550480 0.000000 0.000000    -0.567588     0.360597 
59342.605298 0.000000 0.000000    -0.584231     0.361343 
59342.660117 0.000000 0.000000    -0.601063     0.362129 
59342.714935 0.000000 0.000000    -0.618064     0.362954 
59342.769753 0.000000 0.000000    -0.635215     0.363815 
59342.824572 0.000000 0.000000    -0.652498     0.364711 
59342.879390 0.000000 0.000000    -0.669894     0.365637 
59342.934209 0.000000 0.000000    -0.687384     0.366593 
59342.989027 0.000000 0.000000    -0.704947     0.367573 
59343.043846 0.000000 0.000000    -0.722566     0.368577 
59343.098664 0.000000 0.000000    -0.740221     0.369600 
59343.153482 0.000000 0.000000    -0.757893     0.370639 
59343.208301 0.000000 0.000000    -0.775562     0.371692 
59343.263119 0.000000 0.000000    -0.793210     0.372754 
59343.317938 0.000000 0.000000    -0.810818     0.373824 
59343.372756 0.000000 0.000000    -0.828366     0.374897 
59343.427575 0.000000 0.000000    -0.845838     0.375971 
59343.482393 0.000000 0.000000    -0.863213     0.377042 
59343.537211 0.000000 0.000000    -0.880473     0.378107 
59343.592030 0.000000 0.000000    -0.897601     0.379164 
59343.646848 0.000000 0.000000    -0.914579     0.380210 
59343.701667 0.000000 0.000000    -0.931388     0.381241 
59343.756485 0.000000 0.000000    -0.948013     0.382255 
59343.811304 0.000000 0.000000    -0.964435     0.383249 
59343.866122 0.000000 0.000000    -0.980638     0.384221 
59343.920940 0.000000 0.000000    -0.996606     0.385169 
59343.975759 0.000000 0.000000    -1.012323     0.386089 
59344.030577 0.000000 0.000000    -1.027773     0.386981 
59344.085396 0.000000 0.000000    -1.042941     0.387841 
59344.140214 0.000000 0.000000    -1.057812     0.388668 
59344.195033 0.000000 0.000000    -1.072373     0.389459 
59344.249851 0.000000 0.000000    -1.086608     0.390214 
59344.304669 0.000000 0.000000    -1.100506     0.390931 
59344.359488 0.000000 0.000000    -1.114052     0.391608 
59344.414306 0.000000 0.000000    -1.127235     0.392243 
59344.469125 0.000000 0.000000    -1.140042     0.392837 
59344.523943 0.000000 0.000000    -1.152463     0.393387 
59344.578762 0.000000 0.000000    -1.164487     0.393892 
59344.633580 0.000000 0.000000    -1.176103     0.394353 
59344.688398 0.000000 0.000000    -1.187301     0.394767 
59344.743217 0.000000 0.000000    -1.198074     0.395135 
59344.798035 0.000000 0.000000    -1.208412     0.395456 
59344.852854 0.000000 0.000000    -1.218308     0.395730 
59344.907672 0.000000 0.000000    -1.227754     0.395956 
59344.962491 0.000000 0.000000    -1.236744     0.396135 
59345.017309 0.000000 0.000000    -1.245272     0.396266 
59345.072127 0.000000 0.000000    -1.253333     0.396350 
59345.126946 0.000000 0.000000    -1.260922     0.396388 
59345.181764 0.000000 0.000000    -1.268035     0.396378 
59345.236583 0.000000 0.000000    -1.274669     0.396323 
59345.291401 0.000000 0.000000    -1.280821     0.396222 
59345.346220 0.000000 0.000000    -1.286490     0.396077 
59345.401038 0.000000 0.000000    -1.291674     0.395889 
59345.455856 0.000000 0.000000    -1.296372     0.395658 
59345.510675 0.000000 0.000000    -1.300584     0.395386 
59345.565493 0.000000 0.000000    -1.304311     0.395074 
59345.620312 0.000000 0.000000    -1.307555     0.394724 
59345.675130 0.000000 0.000000    -1.310318     0.394336 
59345.729949 0.000000 0.000000    -1.312601     0.393914 
59345.784767 0.000000 0.000000    -1.314409     0.393458 
59345.839585 0.000000 0.000000    -1.315745     0.392970 
59345.894404 0.000000 0.000000    -1.316614     0.392454 
59345.949222 0.000000 0.000000    -1.317021     0.391910 
59346.004041 0.000000 0.000000    -1.316972     0.391341 
59346.058859 0.000000 0.000000    -1.316474     0.390749 
59346.113678 0.000000 0.000000    -1.315532     0.390137 
59346.168496 0.000000 0.000000    -1.314156     0.389508 
59346.223314 0.000000 0.000000    -1.312353     0.388864 
59346.278133 0.000000 0.000000    -1.310131     0.388208 
59346.332951 0.000000 0.000000    -1.307500     0.387542 
59346.387770 0.000000 0.000000    -1.304470     0.386870 
59346.442588 0.000000 0.000000    -1.301051     0.386195 
59346.497407 0.000000 0.000000    -1.297253     0.385518 
59346.552225 0.000000 0.000000    -1.293088     0.384844 
59346.607043 0.000000 0.000000    -1.288567     0.384176 
59346.661862 0.000000 0.000000    -1.283703     0.383515 
59346.716680 0.000000 0.000000    -1.278507     0.382866 
59346.771499 0.000000 0.000000    -1.272993     0.382231 
59346.826317 0.000000 0.000000    -1.267173     0.381613 
59346.881136 0.000000 0.000000    -1.261062     0.381015 
59346.935954 0.000000 0.000000    -1.254672     0.380439 
59346.990772 0.000000 0.000000    -1.248019     0.379888 
59347.045591 0.000000 0.000000    -1.241116     0.379365 
59347.100409 0.000000 0.000000    -1.233977     0.378871 
59347.155228 0.000000 0.000000    -1.226618     0.378409 
59347.210046 0.000000 0.000000    -1.219053     0.377980 
59347.264865 0.000000 0.000000    -1.211297     0.377587 
59347.319683 0.000000 0.000000    -1.203366     0.377231 
59347.374501 0.000000 0.000000    -1.195275     0.376912 
59347.429320 0.000000 0.000000    -1.187039     0.376633 
59347.484138 0.000000 0.000000    -1.178673     0.376393 
59347.538957 0.000000 0.000000    -1.170193     0.376194 
59347.593775 0.000000 0.000000    -1.161614     0.376035 
59347.648594 0.000000 0.000000    -1.152951     0.375917 
59347.703412 0.000000 0.000000    -1.144220     0.375838 
59347.758230 0.000000 0.000000    -1.135435     0.375799 
59347.813049 0.000000 0.000000    -1.126611     0.375799 
59347.867867 0.000000 0.000000    -1.117764     0.375835 
59347.922686 0.000000 0.000000    -1.108907     0.375908 
59347.977504 0.000000 0.000000    -1.100056     0.376016 
59348.032323 0.000000 0.000000    -1.091223     0.376156 
59348.087141 0.000000 0.000000    -1.082423     0.376326 
59348.141959 0.000000 0.000000    -1.073669     0.376525 
59348.196778 0.000000 0.000000    -1.064975     0.376750 
59348.251596 0.000000 0.000000    -1.056353     0.376998 
59348.306415 0.000000 0.000000    -1.047816     0.377267 
59348.361233 0.000000 0.000000    -1.039375     0.377555 
59348.416052 0.000000 0.000000    -1.031043     0.377857 
59348.470870 0.000000 0.000000    -1.022829     0.378172 
59348.525688 0.000000 0.000000    -1.014746     0.378496 
59348.580507 0.000000 0.000000    -1.006802     0.378827 
59348.635325 0.000000 0.000000    -0.999008     0.379161 
59348.690144 0.000000 0.000000    -0.991373     0.379496 
59348.744962 0.000000 0.000000    -0.983905     0.379829 
59348.799781 0.000000 0.000000    -0.976611     0.380157 
59348.854599 0.000000 0.000000    -0.969501     0.380477 
59348.909417 0.000000 0.000000    -0.962579     0.380787 
59348.964236 0.000000 0.000000    -0.955852     0.381083 
59349.019054 0.000000 0.000000    -0.949327     0.381365 
59349.073873 0.000000 0.000000    -0.943006     0.381628 
59349.128691 0.000000 0.000000    -0.936896     0.381872 
59349.183510 0.000000 0.000000    -0.930998     0.382094 
59349.238328 0.000000 0.000000    -0.925317     0.382293 
59349.293146 0.000000 0.000000    -0.919854     0.382466 
59349.347965 0.000000 0.000000    -0.914611     0.382612 
59349.402783 0.000000 0.000000    -0.909588     0.382731 
59349.457602 0.000000 0.000000    -0.904786     0.382820 
59349.512420 0.000000 0.000000    -0.900203     0.382879 
59349.567239 0.000000 0.000000    -0.895840     0.382907 
59349.622057 0.000000 0.000000    -0.891693     0.382905 
59349.676875 0.000000 0.000000    -0.887760     0.382870 
59349.731694 0.000000 0.000000    -0.884038     0.382804 
59349.786512 0.000000 0.000000    -0.880523     0.382706 
59349.841331 0.000000 0.000000    -0.877210     0.382577 
59349.896149 0.000000 0.000000    -0.874094     0.382417 
59349.950967 0.000000 0.000000    -0.871169     0.382227 
59350.005786 0.000000 0.000000    -0.868428     0.382008 
59350.060604 0.000000 0.000000    -0.865864     0.381761 
59350.115423 0.000000 0.000000    -0.863470     0.381486 
59350.170241 0.000000 0.000000    -0.861237     0.381187 
59350.225060 0.000000 0.000000    -0.859156     0.380863 
59350.279878 0.000000 0.000000    -0.857218     0.380518 
59350.334696 0.000000 0.000000    -0.855412     0.380153 
59350.389515 0.000000 0.000000    -0.853729     0.379770 
59350.444333 0.000000 0.000000    -0.852157     0.379371 
59350.499152 0.000000 0.000000    -0.850684     0.378959 
59350.553970 0.000000 0.000000    -0.849300     0.378537 
59350.608789 0.000000 0.000000    -0.847992     0.378106 
59350.663607 0.000000 0.000000    -0.846747     0.377670 
59350.718425 0.000000 0.000000    -0.845552     0.377232 
59350.773244 0.000000 0.000000    -0.844394     0.376794 
59350.828062 0.000000 0.000000    -0.843260     0.376358 
59350.882881 0.000000 0.000000    -0.842136     0.375929 
59350.937699 0.000000 0.000000    -0.841007     0.375509 
59350.992518 0.000000 0.000000    -0.839860     0.375100 
59351.047336 0.000000 0.000000    -0.838680     0.374706 
59351.102154 0.000000 0.000000    -0.837453     0.374329 
59351.156973 0.000000 0.000000    -0.836165     0.373972 
59351.211791 0.000000 0.000000    -0.834800     0.373637 
59351.266610 0.000000 0.000000    -0.833345     0.373327 
59351.321428 0.000000 0.000000    -0.831785     0.373044 
59351.376247 0.000000 0.000000    -0.830104     0.372790 
59351.431065 0.000000 0.000000    -0.828290     0.372567 
59351.485883 0.000000 0.000000    -0.826328     0.372377 
59351.540702 0.000000 0.000000    -0.824203     0.372220 
59351.595520 0.000000 0.000000    -0.821903     0.372099 
59351.650339 0.000000 0.000000    -0.819413     0.372014 
59351.705157 0.000000 0.000000    -0.816720     0.371966 
59351.759976 0.000000 0.000000    -0.813811     0.371955 
59351.814794 0.000000 0.000000    -0.810675     0.371982 
59351.869612 0.000000 0.000000    -0.807298     0.372045 
59351.924431 0.000000 0.000000    -0.803668     0.372146 
59351.979249 0.000000 0.000000    -0.799776     0.372283 
59352.034068 0.000000 0.000000    -0.795609     0.372455 
59352.088886 0.000000 0.000000    -0.791158     0.372662 
59352.143705 0.000000 0.000000    -0.786414     0.372902 
59352.198523 0.000000 0.000000    -0.781366     0.373172 
59352.253341 0.000000 0.000000    -0.776007     0.373473 
59352.308160 0.000000 0.000000    -0.770329     0.373801 
59352.362978 0.000000 0.000000    -0.764324     0.374154 
59352.417797 0.000000 0.000000    -0.757988     0.374530 
59352.472615 0.000000 0.000000    -0.751313     0.374928 
59352.527434 0.000000 0.000000    -0.744296     0.375343 
59352.582252 0.000000 0.000000    -0.736932     0.375775 
59352.637070 0.000000 0.000000    -0.729218     0.376220 
59352.691889 0.000000 0.000000    -0.721152     0.376675 
59352.746707 0.000000 0.000000    -0.712732     0.377138 
59352.801526 0.000000 0.000000    -0.703957     0.377606 
59352.856344 0.000000 0.000000    -0.694829     0.378077 
59352.911163 0.000000 0.000000    -0.685348     0.378548 
59352.965981 0.000000 0.000000    -0.675516     0.379017 
59353.020799 0.000000 0.000000    -0.665337     0.379480 
59353.075618 0.000000 0.000000    -0.654814     0.379936 
59353.130436 0.000000 0.000000    -0.643952     0.380383 
59353.185255 0.000000 0.000000    -0.632757     0.380817 
59353.240073 0.000000 0.000000    -0.621236     0.381238 
59353.294892 0.000000 0.000000    -0.609397     0.381643 
59353.349710 0.000000 0.000000    -0.597249     0.382030 
59353.404528 0.000000 0.000000    -0.584801     0.382398 
59353.459347 0.000000 0.000000    -0.572063     0.382745 
59353.514165 0.000000 0.000000    -0.559049     0.383070 
59353.568984 0.000000 0.000000    -0.545769     0.383371 
59353.623802 0.000000 0.000000    -0.532238     0.383648 
59353.678621 0.000000 0.000000    -0.518470     0.383900 
59353.733439 0.000000 0.000000    -0.504480     0.384126 
59353.788257 0.000000 0.000000    -0.490284     0.384326 
59353.843076 0.000000 0.000000    -0.475900     0.384498 
59353.897894 0.000000 0.000000    -0.461345     0.384643 
59353.952713 0.000000 0.000000    -0.446638     0.384761 
59354.007531 0.000000 0.000000    -0.431799     0.384852 
59354.062350 0.000000 0.000000    -0.416848     0.384916 
59354.117168 0.000000 0.000000    -0.401806     0.384953 
59354.171986 0.000000 0.000000    -0.386695     0.384963 
59354.226805 0.000000 0.000000    -0.371537     0.384949 
59354.281623 0.000000 0.000000    -0.356355     0.384909 
59354.336442 0.000000 0.000000    -0.341174     0.384846 
59354.391260 0.000000 0.000000    -0.326017     0.384760 
59354.446079 0.000000 0.000000    -0.310910     0.384652 
59354.500897 0.000000 0.000000    -0.295878     0.384523 
59354.555715 0.000000 0.000000    -0.280947     0.384375 
59354.610534 0.000000 0.000000    -0.266143     0.384209 
59354.665352 0.000000 0.000000    -0.251493     0.384027 
59354.720171 0.000000 0.000000    -0.237025     0.383830 
59354.774989 0.000000 0.000000    -0.222765     0.383620 
59354.829808 0.000000 0.000000    -0.208743     0.383398 
59354.884626 0.000000 0.000000    -0.194984     0.383166 
59354.939444 0.000000 0.000000    -0.181518     0.382926 
59354.994263 0.000000 0.000000    -0.168373     0.382680 
59355.049081 0.000000 0.000000    -0.155578     0.382429 
59355.103900 0.000000 0.000000    -0.143160     0.382174 
59355.158718 0.000000 0.000000    -0.131147     0.381919 
59355.213537 0.000000 0.000000    -0.119570     0.381664 
59355.268355 0.000000 0.000000    -0.108455     0.381411 
59355.323173 0.000000 0.000000    -0.097830     0.381161 
59355.377992 0.000000 0.000000    -0.087724     0.380917 
59355.432810 0.000000 0.000000    -0.078163     0.380679 
59355.487629 0.000000 0.000000    -0.069176     0.380449 
59355.542447 0.000000 0.000000    -0.060789     0.380229 
59355.597266 0.000000 0.000000    -0.053029     0.380018 
59355.652084 0.000000 0.000000    -0.045921     0.379820 
59355.706902 0.000000 0.000000    -0.039491     0.379634 
59355.761721 0.000000 0.000000    -0.033763     0.379461 
59355.816539 0.000000 0.000000    -0.028764     0.379303 
59355.871358 0.000000 0.000000    -0.024515     0.379159 
59355.926176 0.000000 0.000000    -0.021040     0.379031 
59355.980995 0.000000 0.000000    -0.018361     0.378918 
59356.035813 0.000000 0.000000    -0.016500     0.378821 
59356.090631 0.000000 0.000000    -0.015477     0.378741 
59356.145450 0.000000 0.000000    -0.015312     0.378676 
59356.200268 0.000000 0.000000    -0.016023     0.378627 
59356.255087 0.000000 0.000000    -0.017629     0.378593 
59356.309905 0.000000 0.000000    -0.020147     0.378575 
59356.364724 0.000000 0.000000    -0.023591     0.378571 
59356.419542 0.000000 0.000000    -0.027978     0.378582 
59356.474360 0.000000 0.000000    -0.033320     0.378606 
59356.529179 0.000000 0.000000    -0.039631     0.378643 
59356.583997 0.000000 0.000000    -0.046920     0.378693 
59356.638816 0.000000 0.000000    -0.055200     0.378753 
59356.693634 0.000000 0.000000    -0.064478     0.378824 
59356.748452 0.000000 0.000000    -0.074763     0.378905 
59356.803271 0.000000 0.000000    -0.086060     0.378994 
59356.858089 0.000000 0.000000    -0.098375     0.379091 
59356.912908 0.000000 0.000000    -0.111712     0.379195 
59356.967726 0.000000 0.000000    -0.126074     0.379305 
59357.022545 0.000000 0.000000    -0.141460     0.379420 
59357.077363 0.000000 0.000000    -0.157872     0.379540 
59357.132181 0.000000 0.000000    -0.175308     0.379663 
59357.187000 0.000000 0.000000    -0.193765     0.379790 
59357.241818 0.000000 0.000000    -0.213238     0.379919 
59357.296637 0.000000 0.000000    -0.233723     0.380051 
59357.351455 0.000000 0.000000    -0.255211     0.380185 
59357.406274 0.000000 0.000000    -0.277695     0.380320 
59357.461092 0.000000 0.000000    -0.301165     0.380458 
59357.515910 0.000000 0.000000    -0.325610     0.380597 
59357.570729 0.000000 0.000000    -0.351017     0.380739 
59357.625547 0.000000 0.000000    -0.377372     0.380884 
59357.680366 0.000000 0.000000    -0.404660     0.381032 
59357.735184 0.000000 0.000000    -0.432865     0.381184 
59357.790003 0.000000 0.000000    -0.461969     0.381341 
59357.844821 0.000000 0.000000    -0.491952     0.381505 
59357.899639 0.000000 0.000000    -0.522794     0.381677 
59357.954458 0.000000 0.000000    -0.554474     0.381858 
59358.009276 0.000000 0.000000    -0.586969     0.382050 
59358.064095 0.000000 0.000000    -0.620254     0.382255 
59358.118913 0.000000 0.000000    -0.654305     0.382475 
59358.173732 0.000000 0.000000    -0.689095     0.382713 
59358.228550 0.000000 0.000000    -0.724596     0.382970 
59358.283368 0.000000 0.000000    -0.760780     0.383250 
59358.338187 0.000000 0.000000    -0.797617     0.383554 
59358.393005 0.000000 0.000000    -0.835077     0.383886 
59358.447824 0.000000 0.000000    -0.873129     0.384249 
59358.502642 0.000000 0.000000    -0.911738     0.384645 
59358.557461 0.000000 0.000000    -0.950874     0.385078 
59358.612279 0.000000 0.000000    -0.990500     0.385550 
59358.667097 0.000000 0.000000    -1.030582     0.386065 
59358.721916 0.000000 0.000000    -1.071085     0.386625 
59358.776734 0.000000 0.000000    -1.111971     0.387234 
59358.831553 0.000000 0.000000    -1.153205     0.387894 
59358.886371 0.000000 0.000000    -1.194748     0.388607 
59358.941190 0.000000 0.000000    -1.236562     0.389377 
59358.996008 0.000000 0.000000    -1.278608     0.390205 
59359.050826 0.000000 0.000000    -1.320847     0.391094 
59359.105645 0.000000 0.000000    -1.363241     0.392045 
59359.160463 0.000000 0.000000    -1.405748     0.393060 
59359.215282 0.000000 0.000000    -1.448328     0.394140 
59359.270100 0.000000 0.000000    -1.490942     0.395286 
59359.324919 0.000000 0.000000    -1.533549     0.396499 
59359.379737 0.000000 0.000000    -1.576108     0.397778 
59359.434555 0.000000 0.000000    -1.618578     0.399123 
59359.489374 0.000000 0.000000    -1.660919     0.400535 
59359.544192 0.000000 0.000000    -1.703089     0.402011 
59359.599011 0.000000 0.000000    -1.745049     0.403551 
59359.653829 0.000000 0.000000    -1.786758     0.405153 
59359.708648 0.000000 0.000000    -1.828176     0.406814 
59359.763466 0.000000 0.000000    -1.869263     0.408533 
59359.818284 0.000000 0.000000    -1.909978     0.410306 
59359.873103 0.000000 0.000000    -1.950284     0.412130 
59359.927921 0.000000 0.000000    -1.990140     0.414002 
59359.982740 0.000000 0.000000    -2.029510     0.415918 
59360.037558 0.000000 0.000000    -2.068354     0.417875 
59360.092377 0.000000 0.000000    -2.106635     0.419867 
59360.147195 0.000000 0.000000    -2.144317     0.421891 
59360.202013 0.000000 0.000000    -2.181365     0.423943 
59360.256832 0.000000 0.000000    -2.217742     0.426017 
59360.311650 0.000000 0.000000    -2.253414     0.428108 
59360.366469 0.000000 0.000000    -2.288348     0.430213 
59360.421287 0.000000 0.000000    -2.322510     0.432325 
59360.476106 0.000000 0.000000    -2.355869     0.434441 
59360.530924 0.000000 0.000000    -2.388393     0.436555 
59360.585742 0.000000 0.000000    -2.420054     0.438662 
59360.640561 0.000000 0.000000    -2.450820     0.440758 
59360.695379 0.000000 0.000000    -2.480666     0.442838 
59360.750198 0.000000 0.000000    -2.509563     0.444897 
59360.805016 0.000000 0.000000    -2.537486     0.446931 
59360.859835 0.000000 0.000000    -2.564410     0.448935 
59360.914653 0.000000 0.000000    -2.590312     0.450906 
59360.969471 0.000000 0.000000    -2.615169     0.452838 
59361.024290 0.000000 0.000000    -2.638960     0.454729 
59361.079108 0.000000 0.000000    -2.661665     0.456574 
59361.133927 0.000000 0.000000    -2.683267     0.458371 
59361.188745 0.000000 0.000000    -2.703746     0.460115 
59361.243564 0.000000 0.000000    -2.723089     0.461805 
59361.298382 0.000000 0.000000    -2.741279     0.463437 
59361.353200 0.000000 0.000000    -2.758303     0.465009 
59361.408019 0.000000 0.000000    -2.774149     0.466519 
59361.462837 0.000000 0.000000    -2.788807     0.467966 
59361.517656 0.000000 0.000000    -2.802267     0.469347 
59361.572474 0.000000 0.000000    -2.814521     0.470662 
59361.627293 0.000000 0.000000    -2.825563     0.471910 
59361.682111 0.000000 0.000000    -2.835388     0.473092 
59361.736929 0.000000 0.000000    -2.843991     0.474206 
59361.791748 0.000000 0.000000    -2.851369     0.475254 
59361.846566 0.000000 0.000000    -2.857523     0.476237 
59361.901385 0.000000 0.000000    -2.862451     0.477156 
59361.956203 0.000000 0.000000    -2.866156     0.478013 
59362.011022 0.000000 0.000000    -2.868640     0.478812 
59362.065840 0.000000 0.000000    -2.869908     0.479554 
59362.120658 0.000000 0.000000    -2.869965     0.480244 
59362.175477 0.000000 0.000000    -2.868818     0.480887 
59362.230295 0.000000 0.000000    -2.866475     0.481486 
59362.285114 0.000000 0.000000    -2.862945     0.482048 
59362.339932 0.000000 0.000000    -2.858239     0.482580 
59362.394751 0.000000 0.000000    -2.852369     0.483088 
59362.449569 0.000000 0.000000    -2.845348     0.483580 
59362.504387 0.000000 0.000000    -2.837190     0.484064 
59362.559206 0.000000 0.000000    -2.827910     0.484550 
59362.614024 0.000000 0.000000    -2.817525     0.485048 
59362.668843 0.000000 0.000000    -2.806053     0.485569 
59362.723661 0.000000 0.000000    -2.793511     0.486124 
59362.778480 0.000000 0.000000    -2.779921     0.486724 
59362.833298 0.000000 0.000000    -2.765301     0.487384 
59362.888116 0.000000 0.000000    -2.749675     0.488115 
59362.942935 0.000000 0.000000    -2.733065     0.488933 
59362.997753 0.000000 0.000000    -2.715494     0.489850 
59363.052572 0.000000 0.000000    -2.696987     0.490882 
59363.107390 0.000000 0.000000    -2.677568     0.492043 
59363.162209 0.000000 0.000000    -2.657265     0.493348 
59363.217027 0.000000 0.000000    -2.636103     0.494811 
59363.271845 0.000000 0.000000    -2.614110     0.496447 
59363.326664 0.000000 0.000000    -2.591314     0.498268 
59363.381482 0.000000 0.000000    -2.567745     0.500289 
59363.436301 0.000000 0.000000    -2.543431     0.502521 
59363.491119 0.000000 0.000000    -2.518402     0.504975 
59363.545938 0.000000 0.000000    -2.492690     0.507661 
59363.600756 0.000000 0.000000    -2.466324     0.510589 
59363.655574 0.000000 0.000000    -2.439337     0.513764 
59363.710393 0.000000 0.000000    -2.411760     0.517194 
59363.765211 0.000000 0.000000    -2.383626     0.520881 
59363.820030 0.000000 0.000000    -2.354967     0.524829 
59363.874848 0.000000 0.000000    -2.325815     0.529038 
59363.929666 0.000000 0.000000    -2.296204     0.533507 
59363.984485 0.000000 0.000000    -2.266166     0.538235 
59364.039303 0.000000 0.000000    -2.235736     0.543217 
59364.094122 0.000000 0.000000    -2.204947     0.548448 
59364.148940 0.000000 0.000000    -2.173832     0.553921 
59364.203759 0.000000 0.000000    -2.142424     0.559631 
59364.258577 0.000000 0.000000    -2.110758     0.565567 
59364.313395 0.000000 0.000000    -2.078867     0.571722 
59364.368214 0.000000 0.000000    -2.046784     0.578085 
59364.423032 0.000000 0.000000    -2.014543     0.584645 
59364.477851 0.000000 0.000000    -1.982177     0.591394 
59364.532669 0.000000 0.000000    -1.949718     0.598319 
59364.587488 0.000000 0.000000    -1.917200     0.605410 
59364.642306 0.000000 0.000000    -1.884655     0.612656 
59364.697124 0.000000 0.000000    -1.852115     0.620045 
59364.751943 0.000000 0.000000    -1.819611     0.627568 
59364.806761 0.000000 0.000000    -1.787176     0.635214 
59364.861580 0.000000 0.000000    -1.754841     0.642972 
59364.916398 0.000000 0.000000    -1.722635     0.650833 
59364.971217 0.000000 0.000000    -1.690590     0.658787 
59365.026035 0.000000 0.000000    -1.658734     0.666825 
59365.080853 0.000000 0.000000    -1.627097     0.674938 
59365.135672 0.000000 0.000000    -1.595709     0.683117 
59365.190490 0.000000 0.000000    -1.564595     0.691355 
59365.245309 0.000000 0.000000    -1.533785     0.699643 
59365.300127 0.000000 0.000000    -1.503305     0.707976 
59365.354946 0.000000 0.000000    -1.473180     0.716345 
59365.409764 0.000000 0.000000    -1.443438     0.724744 
59365.464582 0.000000 0.000000    -1.414101     0.733168 
59365.519401 0.000000 0.000000    -1.385195     0.741610 
59365.574219 0.000000 0.000000    -1.356743     0.750065 
59365.629038 0.000000 0.000000    -1.328768     0.758527 
59365.683856 0.000000 0.000000    -1.301290     0.766993 
59365.738675 0.000000 0.000000    -1.274332     0.775458 
59365.793493 0.000000 0.000000    -1.247914     0.783917 
59365.848311 0.000000 0.000000    -1.222055     0.792366 
59365.903130 0.000000 0.000000    -1.196774     0.800802 
59365.957948 0.000000 0.000000    -1.172088     0.809222 
59366.012767 0.000000 0.000000    -1.148015     0.817621 
59366.067585 0.000000 0.000000    -1.124571     0.825998 
59366.122404 0.000000 0.000000    -1.101771     0.834349 
59366.177222 0.000000 0.000000    -1.079630     0.842672 
59366.232040 0.000000 0.000000    -1.058160     0.850964 
59366.286859 0.000000 0.000000    -1.037375     0.859223 
59366.341677 0.000000 0.000000    -1.017287     0.867447 
59366.396496 0.000000 0.000000    -0.997905     0.875635 
59366.451314 0.000000 0.000000    -0.979242     0.883783 
59366.506133 0.000000 0.000000    -0.961304     0.891891 
59366.560951 0.000000 0.000000    -0.944102     0.899957 
59366.615769 0.000000 0.000000    -0.927641     0.907979 
59366.670588 0.000000 0.000000    -0.911929     0.915957 
59366.725406 0.000000 0.000000    -0.896971     0.923888 
59366.780225 0.000000 0.000000    -0.882772     0.931773 
59366.835043 0.000000 0.000000    -0.869335     0.939609 
59366.889862 0.000000 0.000000    -0.856665     0.947396 
59366.944680 0.000000 0.000000    -0.844762     0.955133 
59366.999498 0.000000 0.000000    -0.833628     0.962820 
59367.054317 0.000000 0.000000    -0.823263     0.970455 
59367.109135 0.000000 0.000000    -0.813667     0.978037 
59367.163954 0.000000 0.000000    -0.804839     0.985567 
59367.218772 0.000000 0.000000    -0.796777     0.993044 
59367.273591 0.000000 0.000000    -0.789478     1.000467 
59367.328409 0.000000 0.000000    -0.782938     1.007836 
59367.383227 0.000000 0.000000    -0.777153     1.015150 
59367.438046 0.000000 0.000000    -0.772117     1.022408 
59367.492864 0.000000 0.000000    -0.767825     1.029612 
59367.547683 0.000000 0.000000    -0.764271     1.036760 
59367.602501 0.000000 0.000000    -0.761445     1.043852 
59367.657320 0.000000 0.000000    -0.759342     1.050888 
59367.712138 0.000000 0.000000    -0.757951     1.057867 
59367.766956 0.000000 0.000000    -0.757263     1.064790 
59367.821775 0.000000 0.000000    -0.757269     1.071657 
59367.876593 0.000000 0.000000    -0.757957     1.078466 
59367.931412 0.000000 0.000000    -0.759316     1.085219 
59367.986230 0.000000 0.000000    -0.761335     1.091915 
59368.041049 0.000000 0.000000    -0.764001     1.098554 
59368.095867 0.000000 0.000000    -0.767300     1.105135 
59368.150685 0.000000 0.000000    -0.771219     1.111660 
59368.205504 0.000000 0.000000    -0.775745     1.118127 
59368.260322 0.000000 0.000000    -0.780862     1.124537 
59368.315141 0.000000 0.000000    -0.786555     1.130890 
59368.369959 0.000000 0.000000    -0.792809     1.137186 
59368.424778 0.000000 0.000000    -0.799609     1.143424 
59368.479596 0.000000 0.000000    -0.806937     1.149605 
59368.534414 0.000000 0.000000    -0.814777     1.155729 
59368.589233 0.000000 0.000000    -0.823113     1.161796 
59368.644051 0.000000 0.000000    -0.831926     1.167806 
59368.698870 0.000000 0.000000    -0.841198     1.173759 
59368.753688 0.000000 0.000000    -0.850914     1.179654 
59368.808507 0.000000 0.000000    -0.861052     1.185493 
59368.863325 0.000000 0.000000    -0.871597     1.191274 
59368.918143 0.000000 0.000000    -0.882528     1.196998 
59368.972962 0.000000 0.000000    -0.893827     1.202666 
59369.027780 0.000000 0.000000    -0.905475     1.208277 
59369.082599 0.000000 0.000000    -0.917453     1.213831 
59369.137417 0.000000 0.000000    -0.929741     1.219328 
59369.192236 0.000000 0.000000    -0.942321     1.224768 
59369.247054 0.000000 0.000000    -0.955173     1.230152 
59369.301872 0.000000 0.000000    -0.968277     1.235479 
59369.356691 0.000000 0.000000    -0.981614     1.240749 
59369.411509 0.000000 0.000000    -0.995165     1.245963 
59369.466328 0.000000 0.000000    -1.008911     1.251120 
59369.521146 0.000000 0.000000    -1.022831     1.256221 
59369.575965 0.000000 0.000000    -1.036907     1.261266 
59369.630783 0.000000 0.000000    -1.051119     1.266254 
59369.685601 0.000000 0.000000    -1.065450     1.271187 
59369.740420 0.000000 0.000000    -1.079879     1.276063 
59369.795238 0.000000 0.000000    -1.094388     1.280882 
59369.850057 0.000000 0.000000    -1.108959     1.285646 
59369.904875 0.000000 0.000000    -1.123574     1.290354 
59369.959694 0.000000 0.000000    -1.138214     1.295006 
59370.014512 0.000000 0.000000    -1.152862     1.299602 
59370.069330 0.000000 0.000000    -1.167500     1.304143 
59370.124149 0.000000 0.000000    -1.182111     1.308627 
59370.178967 0.000000 0.000000    -1.196679     1.313057 
59370.233786 0.000000 0.000000    -1.211187     1.317430 
59370.288604 0.000000 0.000000    -1.225618     1.321749 
59370.343423 0.000000 0.000000    -1.239958     1.326012 
59370.398241 0.000000 0.000000    -1.254191     1.330220 
59370.453059 0.000000 0.000000    -1.268302     1.334373 
59370.507878 0.000000 0.000000    -1.282276     1.338470 
59370.562696 0.000000 0.000000    -1.296100     1.342513 
59370.617515 0.000000 0.000000    -1.309760     1.346502 
59370.672333 0.000000 0.000000    -1.323244     1.350435 
59370.727151 0.000000 0.000000    -1.336538     1.354315 
59370.781970 0.000000 0.000000    -1.349631     1.358140 
59370.836788 0.000000 0.000000    -1.362511     1.361910 
59370.891607 0.000000 0.000000    -1.375167     1.365627 
59370.946425 0.000000 0.000000    -1.387589     1.369290 
59371.001244 0.000000 0.000000    -1.399768     1.372899 
59371.056062 0.000000 0.000000    -1.411693     1.376454 
59371.110880 0.000000 0.000000    -1.423357     1.379956 
59371.165699 0.000000 0.000000    -1.434751     1.383405 
59371.220517 0.000000 0.000000    -1.445868     1.386801 
59371.275336 0.000000 0.000000    -1.456701     1.390144 
59371.330154 0.000000 0.000000    -1.467244     1.393435 
59371.384973 0.000000 0.000000    -1.477491     1.396673 
59371.439791 0.000000 0.000000    -1.487437     1.399859 
59371.494609 0.000000 0.000000    -1.497078     1.402993 
59371.549428 0.000000 0.000000    -1.506410     1.406075 
59371.604246 0.000000 0.000000    -1.515431     1.409105 
59371.659065 0.000000 0.000000    -1.524137     1.412085 
59371.713883 0.000000 0.000000    -1.532527     1.415013 
59371.768702 0.000000 0.000000    -1.540599     1.417890 
59371.823520 0.000000 0.000000    -1.548354     1.420717 
59371.878338 0.000000 0.000000    -1.555790     1.423494 
59371.933157 0.000000 0.000000    -1.562910     1.426220 
59371.987975 0.000000 0.000000    -1.569713     1.428897 
59372.042794 0.000000 0.000000    -1.576203     1.431525 
59372.097612 0.000000 0.000000    -1.582381     1.434103 
59372.152431 0.000000 0.000000    -1.588250     1.436632 
59372.207249 0.000000 0.000000    -1.593815     1.439113 
59372.262067 0.000000 0.000000    -1.599079     1.441545 
59372.316886 0.000000 0.000000    -1.604047     1.443929 
59372.371704 0.000000 0.000000    -1.608725     1.446266 
59372.426523 0.000000 0.000000    -1.613119     1.448555 
59372.481341 0.000000 0.000000    -1.617234     1.450797 
59372.536160 0.000000 0.000000    -1.621078     1.452992 
59372.590978 0.000000 0.000000    -1.624658     1.455141 
59372.645796 0.000000 0.000000    -1.627983     1.457244 
59372.700615 0.000000 0.000000    -1.631059     1.459300 
59372.755433 0.000000 0.000000    -1.633897     1.461311 
59372.810252 0.000000 0.000000    -1.636505     1.463277 
59372.865070 0.000000 0.000000    -1.638894     1.465198 
59372.919889 0.000000 0.000000    -1.641072     1.467074 
59372.974707 0.000000 0.000000    -1.643051     1.468906 
59373.029525 0.000000 0.000000    -1.644841     1.470694 
59373.084344 0.000000 0.000000    -1.646452     1.472439 
59373.139162 0.000000 0.000000    -1.647897     1.474140 
59373.193981 0.000000 0.000000    -1.649188     1.475797 
59373.248799 0.000000 0.000000    -1.650334     1.477412 
59373.303618 0.000000 0.000000    -1.651350     1.478985 
59373.358436 0.000000 0.000000    -1.652247     1.480516 
59373.413254 0.000000 0.000000    -1.653037     1.482004 
59373.468073 0.000000 0.000000    -1.653733     1.483451 
59373.522891 0.000000 0.000000    -1.654348     1.484857 
59373.577710 0.000000 0.000000    -1.654895     1.486221 
59373.632528 0.000000 0.000000    -1.655385     1.487545 
59373.687347 0.000000 0.000000    -1.655833     1.488829 
59373.742165 0.000000 0.000000    -1.656252     1.490072 
59373.796983 0.000000 0.000000    -1.656653     1.491275 
59373.851802 0.000000 0.000000    -1.657050     1.492438 
59373.906620 0.000000 0.000000    -1.657456     1.493562 
59373.961439 0.000000 0.000000    -1.657883     1.494647 
59374.016257 0.000000 0.000000    -1.658344     1.495693 
59374.071076 0.000000 0.000000    -1.658852     1.496700 
59374.125894 0.000000 0.000000    -0.017740          nan 
