# time Tc_folded Tref_folded model model_err 
59318.211098 0.000000 0.000000    -0.080392     1.338975 
59318.265916 0.000000 0.000000    -0.106903     1.337560 
59318.320735 0.000000 0.000000    -0.133478     1.336111 
59318.375553 0.000000 0.000000    -0.160096     1.334626 
59318.430372 0.000000 0.000000    -0.186737     1.333107 
59318.485190 0.000000 0.000000    -0.213380     1.331553 
59318.540009 0.000000 0.000000    -0.240005     1.329963 
59318.594827 0.000000 0.000000    -0.266591     1.328337 
59318.649645 0.000000 0.000000    -0.293119     1.326675 
59318.704464 0.000000 0.000000    -0.319570     1.324978 
59318.759282 0.000000 0.000000    -0.345922     1.323243 
59318.814101 0.000000 0.000000    -0.372159     1.321472 
59318.868919 0.000000 0.000000    -0.398260     1.319663 
59318.923738 0.000000 0.000000    -0.424209     1.317817 
59318.978556 0.000000 0.000000    -0.449986     1.315933 
59319.033374 0.000000 0.000000    -0.475574     1.314011 
59319.088193 0.000000 0.000000    -0.500957     1.312051 
59319.143011 0.000000 0.000000    -0.526118     1.310051 
59319.197830 0.000000 0.000000    -0.551041     1.308013 
59319.252648 0.000000 0.000000    -0.575710     1.305934 
59319.307467 0.000000 0.000000    -0.600112     1.303816 
59319.362285 0.000000 0.000000    -0.624230     1.301657 
59319.417103 0.000000 0.000000    -0.648053     1.299458 
59319.471922 0.000000 0.000000    -0.671566     1.297217 
59319.526740 0.000000 0.000000    -0.694757     1.294935 
59319.581559 0.000000 0.000000    -0.717615     1.292611 
59319.636377 0.000000 0.000000    -0.740129     1.290245 
59319.691196 0.000000 0.000000    -0.762287     1.287836 
59319.746014 0.000000 0.000000    -0.784081     1.285384 
59319.800832 0.000000 0.000000    -0.805501     1.282888 
59319.855651 0.000000 0.000000    -0.826539     1.280349 
59319.910469 0.000000 0.000000    -0.847189     1.277765 
59319.965288 0.000000 0.000000    -0.867442     1.275138 
59320.020106 0.000000 0.000000    -0.887293     1.272465 
59320.074925 0.000000 0.000000    -0.906737     1.269747 
59320.129743 0.000000 0.000000    -0.925769     1.266983 
59320.184561 0.000000 0.000000    -0.944387     1.264174 
59320.239380 0.000000 0.000000    -0.962586     1.261319 
59320.294198 0.000000 0.000000    -0.980365     1.258417 
59320.349017 0.000000 0.000000    -0.997723     1.255468 
59320.403835 0.000000 0.000000    -1.014659     1.252473 
59320.458654 0.000000 0.000000    -1.031174     1.249430 
59320.513472 0.000000 0.000000    -1.047268     1.246340 
59320.568290 0.000000 0.000000    -1.062944     1.243203 
59320.623109 0.000000 0.000000    -1.078203     1.240017 
59320.677927 0.000000 0.000000    -1.093050     1.236784 
59320.732746 0.000000 0.000000    -1.107489     1.233502 
59320.787564 0.000000 0.000000    -1.121524     1.230172 
59320.842383 0.000000 0.000000    -1.135161     1.226793 
59320.897201 0.000000 0.000000    -1.148407     1.223366 
59320.952019 0.000000 0.000000    -1.161267     1.219891 
59321.006838 0.000000 0.000000    -1.173751     1.216366 
59321.061656 0.000000 0.000000    -1.185866     1.212793 
59321.116475 0.000000 0.000000    -1.197621     1.209171 
59321.171293 0.000000 0.000000    -1.209026     1.205501 
59321.226112 0.000000 0.000000    -1.220091     1.201781 
59321.280930 0.000000 0.000000    -1.230826     1.198013 
59321.335748 0.000000 0.000000    -1.241243     1.194196 
59321.390567 0.000000 0.000000    -1.251354     1.190331 
59321.445385 0.000000 0.000000    -1.261170     1.186417 
59321.500204 0.000000 0.000000    -1.270705     1.182455 
59321.555022 0.000000 0.000000    -1.279971     1.178444 
59321.609841 0.000000 0.000000    -1.288983     1.174386 
59321.664659 0.000000 0.000000    -1.297753     1.170279 
59321.719477 0.000000 0.000000    -1.306297     1.166125 
59321.774296 0.000000 0.000000    -1.314628     1.161923 
59321.829114 0.000000 0.000000    -1.322761     1.157674 
59321.883933 0.000000 0.000000    -1.330711     1.153377 
59321.938751 0.000000 0.000000    -1.338493     1.149034 
59321.993569 0.000000 0.000000    -1.346123     1.144645 
59322.048388 0.000000 0.000000    -1.353616     1.140209 
59322.103206 0.000000 0.000000    -1.360987     1.135728 
59322.158025 0.000000 0.000000    -1.368251     1.131200 
59322.212843 0.000000 0.000000    -1.375424     1.126628 
59322.267662 0.000000 0.000000    -1.382522     1.122010 
59322.322480 0.000000 0.000000    -1.389559     1.117348 
59322.377298 0.000000 0.000000    -1.396551     1.112642 
59322.432117 0.000000 0.000000    -1.403513     1.107892 
59322.486935 0.000000 0.000000    -1.410458     1.103099 
59322.541754 0.000000 0.000000    -1.417403     1.098263 
59322.596572 0.000000 0.000000    -1.424360     1.093384 
59322.651391 0.000000 0.000000    -1.431344     1.088464 
59322.706209 0.000000 0.000000    -1.438368     1.083501 
59322.761027 0.000000 0.000000    -1.445446     1.078498 
59322.815846 0.000000 0.000000    -1.452589     1.073454 
59322.870664 0.000000 0.000000    -1.459809     1.068370 
59322.925483 0.000000 0.000000    -1.467119     1.063246 
59322.980301 0.000000 0.000000    -1.474530     1.058084 
59323.035120 0.000000 0.000000    -1.482051     1.052883 
59323.089938 0.000000 0.000000    -1.489692     1.047644 
59323.144756 0.000000 0.000000    -1.497462     1.042368 
59323.199575 0.000000 0.000000    -1.505370     1.037055 
59323.254393 0.000000 0.000000    -1.513424     1.031706 
59323.309212 0.000000 0.000000    -1.521629     1.026322 
59323.364030 0.000000 0.000000    -1.529993     1.020904 
59323.418849 0.000000 0.000000    -1.538521     1.015452 
59323.473667 0.000000 0.000000    -1.547216     1.009966 
59323.528485 0.000000 0.000000    -1.556082     1.004449 
59323.583304 0.000000 0.000000    -1.565123     0.998900 
59323.638122 0.000000 0.000000    -1.574339     0.993321 
59323.692941 0.000000 0.000000    -1.583731     0.987712 
59323.747759 0.000000 0.000000    -1.593300     0.982075 
59323.802578 0.000000 0.000000    -1.603044     0.976411 
59323.857396 0.000000 0.000000    -1.612961     0.970720 
59323.912214 0.000000 0.000000    -1.623048     0.965005 
59323.967033 0.000000 0.000000    -1.633300     0.959266 
59324.021851 0.000000 0.000000    -1.643713     0.953505 
59324.076670 0.000000 0.000000    -1.654281     0.947723 
59324.131488 0.000000 0.000000    -1.664997     0.941921 
59324.186307 0.000000 0.000000    -1.675851     0.936103 
59324.241125 0.000000 0.000000    -1.686835     0.930268 
59324.295943 0.000000 0.000000    -1.697940     0.924419 
59324.350762 0.000000 0.000000    -1.709153     0.918559 
59324.405580 0.000000 0.000000    -1.720462     0.912689 
59324.460399 0.000000 0.000000    -1.731855     0.906811 
59324.515217 0.000000 0.000000    -1.743317     0.900929 
59324.570036 0.000000 0.000000    -1.754833     0.895043 
59324.624854 0.000000 0.000000    -1.766386     0.889159 
59324.679672 0.000000 0.000000    -1.777961     0.883277 
59324.734491 0.000000 0.000000    -1.789538     0.877402 
59324.789309 0.000000 0.000000    -1.801099     0.871536 
59324.844128 0.000000 0.000000    -1.812625     0.865683 
59324.898946 0.000000 0.000000    -1.824095     0.859847 
59324.953765 0.000000 0.000000    -1.835487     0.854031 
59325.008583 0.000000 0.000000    -1.846780     0.848240 
59325.063401 0.000000 0.000000    -1.857950     0.842478 
59325.118220 0.000000 0.000000    -1.868974     0.836750 
59325.173038 0.000000 0.000000    -1.879828     0.831060 
59325.227857 0.000000 0.000000    -1.890488     0.825413 
59325.282675 0.000000 0.000000    -1.900926     0.819814 
59325.337494 0.000000 0.000000    -1.911118     0.814269 
59325.392312 0.000000 0.000000    -1.921038     0.808783 
59325.447130 0.000000 0.000000    -1.930657     0.803362 
59325.501949 0.000000 0.000000    -1.939949     0.798013 
59325.556767 0.000000 0.000000    -1.948886     0.792741 
59325.611586 0.000000 0.000000    -1.957439     0.787553 
59325.666404 0.000000 0.000000    -1.965582     0.782455 
59325.721223 0.000000 0.000000    -1.973284     0.777453 
59325.776041 0.000000 0.000000    -1.980517     0.772555 
59325.830859 0.000000 0.000000    -1.987253     0.767768 
59325.885678 0.000000 0.000000    -1.993463     0.763097 
59325.940496 0.000000 0.000000    -1.999117     0.758551 
59325.995315 0.000000 0.000000    -2.004187     0.754135 
59326.050133 0.000000 0.000000    -2.008644     0.749856 
59326.104952 0.000000 0.000000    -2.012460     0.745720 
59326.159770 0.000000 0.000000    -2.015606     0.741735 
59326.214588 0.000000 0.000000    -2.018055     0.737905 
59326.269407 0.000000 0.000000    -2.019778     0.734237 
59326.324225 0.000000 0.000000    -2.020748     0.730736 
59326.379044 0.000000 0.000000    -2.020939     0.727406 
59326.433862 0.000000 0.000000    -2.020324     0.724251 
59326.488681 0.000000 0.000000    -2.018878     0.721277 
59326.543499 0.000000 0.000000    -2.016575     0.718485 
59326.598317 0.000000 0.000000    -2.013391     0.715878 
59326.653136 0.000000 0.000000    -2.009302     0.713458 
59326.707954 0.000000 0.000000    -2.004285     0.711226 
59326.762773 0.000000 0.000000    -1.998319     0.709182 
59326.817591 0.000000 0.000000    -1.991382     0.707326 
59326.872410 0.000000 0.000000    -1.983453     0.705656 
59326.927228 0.000000 0.000000    -1.974515     0.704170 
59326.982046 0.000000 0.000000    -1.964547     0.702865 
59327.036865 0.000000 0.000000    -1.953535     0.701738 
59327.091683 0.000000 0.000000    -1.941461     0.700785 
59327.146502 0.000000 0.000000    -1.928310     0.699999 
59327.201320 0.000000 0.000000    -1.914070     0.699374 
59327.256139 0.000000 0.000000    -1.898728     0.698906 
59327.310957 0.000000 0.000000    -1.882273     0.698586 
59327.365775 0.000000 0.000000    -1.864696     0.698406 
59327.420594 0.000000 0.000000    -1.845988     0.698359 
59327.475412 0.000000 0.000000    -1.826142     0.698437 
59327.530231 0.000000 0.000000    -1.805154     0.698629 
59327.585049 0.000000 0.000000    -1.783018     0.698928 
59327.639868 0.000000 0.000000    -1.759734     0.699323 
59327.694686 0.000000 0.000000    -1.735299     0.699806 
59327.749504 0.000000 0.000000    -1.709715     0.700366 
59327.804323 0.000000 0.000000    -1.682984     0.700994 
59327.859141 0.000000 0.000000    -1.655109     0.701681 
59327.913960 0.000000 0.000000    -1.626096     0.702416 
59327.968778 0.000000 0.000000    -1.595952     0.703191 
59328.023597 0.000000 0.000000    -1.564685     0.703996 
59328.078415 0.000000 0.000000    -1.532305     0.704821 
59328.133233 0.000000 0.000000    -1.498825     0.705657 
59328.188052 0.000000 0.000000    -1.464258     0.706497 
59328.242870 0.000000 0.000000    -1.428618     0.707331 
59328.297689 0.000000 0.000000    -1.391922     0.708150 
59328.352507 0.000000 0.000000    -1.354188     0.708948 
59328.407326 0.000000 0.000000    -1.315437     0.709716 
59328.462144 0.000000 0.000000    -1.275689     0.710447 
59328.516962 0.000000 0.000000    -1.234966     0.711133 
59328.571781 0.000000 0.000000    -1.193295     0.711768 
59328.626599 0.000000 0.000000    -1.150699     0.712345 
59328.681418 0.000000 0.000000    -1.107207     0.712857 
59328.736236 0.000000 0.000000    -1.062848     0.713300 
59328.791054 0.000000 0.000000    -1.017650     0.713667 
59328.845873 0.000000 0.000000    -0.971647     0.713953 
59328.900691 0.000000 0.000000    -0.924871     0.714153 
59328.955510 0.000000 0.000000    -0.877356     0.714261 
59329.010328 0.000000 0.000000    -0.829138     0.714274 
59329.065147 0.000000 0.000000    -0.780253     0.714187 
59329.119965 0.000000 0.000000    -0.730739     0.713996 
59329.174783 0.000000 0.000000    -0.680635     0.713698 
59329.229602 0.000000 0.000000    -0.629981     0.713288 
59329.284420 0.000000 0.000000    -0.578818     0.712763 
59329.339239 0.000000 0.000000    -0.527189     0.712121 
59329.394057 0.000000 0.000000    -0.475136     0.711359 
59329.448876 0.000000 0.000000    -0.422703     0.710474 
59329.503694 0.000000 0.000000    -0.369935     0.709463 
59329.558512 0.000000 0.000000    -0.316876     0.708324 
59329.613331 0.000000 0.000000    -0.263574     0.707057 
59329.668149 0.000000 0.000000    -0.210074     0.705657 
59329.722968 0.000000 0.000000    -0.156425     0.704125 
59329.777786 0.000000 0.000000    -0.102673     0.702458 
59329.832605 0.000000 0.000000    -0.048866     0.700656 
59329.887423 0.000000 0.000000     0.004947     0.698717 
59329.942241 0.000000 0.000000     0.058716     0.696640 
59329.997060 0.000000 0.000000     0.112395     0.694425 
59330.051878 0.000000 0.000000     0.165932     0.692071 
59330.106697 0.000000 0.000000     0.219280     0.689578 
59330.161515 0.000000 0.000000     0.272389     0.686946 
59330.216334 0.000000 0.000000     0.325210     0.684175 
59330.271152 0.000000 0.000000     0.377694     0.681264 
59330.325970 0.000000 0.000000     0.429792     0.678214 
59330.380789 0.000000 0.000000     0.481457     0.675026 
59330.435607 0.000000 0.000000     0.532640     0.671700 
59330.490426 0.000000 0.000000     0.583294     0.668236 
59330.545244 0.000000 0.000000     0.633371     0.664637 
59330.600063 0.000000 0.000000     0.682824     0.660903 
59330.654881 0.000000 0.000000     0.731609     0.657035 
59330.709699 0.000000 0.000000     0.779680     0.653035 
59330.764518 0.000000 0.000000     0.826992     0.648904 
59330.819336 0.000000 0.000000     0.873502     0.644645 
59330.874155 0.000000 0.000000     0.919167     0.640259 
59330.928973 0.000000 0.000000     0.963945     0.635749 
59330.983792 0.000000 0.000000     1.007795     0.631116 
59331.038610 0.000000 0.000000     1.050679     0.626365 
59331.093428 0.000000 0.000000     1.092557     0.621497 
59331.148247 0.000000 0.000000     1.133392     0.616515 
59331.203065 0.000000 0.000000     1.173148     0.611424 
59331.257884 0.000000 0.000000     1.211789     0.606225 
59331.312702 0.000000 0.000000     1.249284     0.600925 
59331.367521 0.000000 0.000000     1.285599     0.595525 
59331.422339 0.000000 0.000000     1.320704     0.590031 
59331.477157 0.000000 0.000000     1.354570     0.584448 
59331.531976 0.000000 0.000000     1.387169     0.578780 
59331.586794 0.000000 0.000000     1.418475     0.573032 
59331.641613 0.000000 0.000000     1.448463     0.567211 
59331.696431 0.000000 0.000000     1.477111     0.561322 
59331.751250 0.000000 0.000000     1.504398     0.555373 
59331.806068 0.000000 0.000000     1.530304     0.549368 
59331.860886 0.000000 0.000000     1.554811     0.543317 
59331.915705 0.000000 0.000000     1.577902     0.537226 
59331.970523 0.000000 0.000000     1.599565     0.531105 
59332.025342 0.000000 0.000000     1.619786     0.524961 
59332.080160 0.000000 0.000000     1.638554     0.518804 
59332.134979 0.000000 0.000000     1.655861     0.512643 
59332.189797 0.000000 0.000000     1.671700     0.506490 
59332.244615 0.000000 0.000000     1.686064     0.500354 
59332.299434 0.000000 0.000000     1.698951     0.494248 
59332.354252 0.000000 0.000000     1.710359     0.488183 
59332.409071 0.000000 0.000000     1.720287     0.482173 
59332.463889 0.000000 0.000000     1.728739     0.476230 
59332.518708 0.000000 0.000000     1.735717     0.470367 
59332.573526 0.000000 0.000000     1.741227     0.464600 
59332.628344 0.000000 0.000000     1.745277     0.458942 
59332.683163 0.000000 0.000000     1.747875     0.453408 
59332.737981 0.000000 0.000000     1.749032     0.448014 
59332.792800 0.000000 0.000000     1.748761     0.442774 
59332.847618 0.000000 0.000000     1.747077     0.437703 
59332.902437 0.000000 0.000000     1.743994     0.432815 
59332.957255 0.000000 0.000000     1.739530     0.428125 
59333.012073 0.000000 0.000000     1.733706     0.423646 
59333.066892 0.000000 0.000000     1.726540     0.419390 
59333.121710 0.000000 0.000000     1.718057     0.415368 
59333.176529 0.000000 0.000000     1.708279     0.411589 
59333.231347 0.000000 0.000000     1.697232     0.408062 
59333.286166 0.000000 0.000000     1.684942     0.404792 
59333.340984 0.000000 0.000000     1.671438     0.401783 
59333.395802 0.000000 0.000000     1.656749     0.399036 
59333.450621 0.000000 0.000000     1.640905     0.396551 
59333.505439 0.000000 0.000000     1.623939     0.394325 
59333.560258 0.000000 0.000000     1.605885     0.392353 
59333.615076 0.000000 0.000000     1.586775     0.390626 
59333.669895 0.000000 0.000000     1.566646     0.389135 
59333.724713 0.000000 0.000000     1.545534     0.387870 
59333.779531 0.000000 0.000000     1.523476     0.386817 
59333.834350 0.000000 0.000000     1.500511     0.385962 
59333.889168 0.000000 0.000000     1.476677     0.385290 
59333.943987 0.000000 0.000000     1.452016     0.384785 
59333.998805 0.000000 0.000000     1.426567     0.384431 
59334.053624 0.000000 0.000000     1.400372     0.384211 
59334.108442 0.000000 0.000000     1.373473     0.384110 
59334.163260 0.000000 0.000000     1.345913     0.384111 
59334.218079 0.000000 0.000000     1.317734     0.384199 
59334.272897 0.000000 0.000000     1.288980     0.384359 
59334.327716 0.000000 0.000000     1.259696     0.384577 
59334.382534 0.000000 0.000000     1.229925     0.384839 
59334.437353 0.000000 0.000000     1.199712     0.385134 
59334.492171 0.000000 0.000000     1.169101     0.385450 
59334.546989 0.000000 0.000000     1.138137     0.385777 
59334.601808 0.000000 0.000000     1.106866     0.386105 
59334.656626 0.000000 0.000000     1.075331     0.386427 
59334.711445 0.000000 0.000000     1.043579     0.386734 
59334.766263 0.000000 0.000000     1.011652     0.387020 
59334.821082 0.000000 0.000000     0.979597     0.387280 
59334.875900 0.000000 0.000000     0.947456     0.387509 
59334.930718 0.000000 0.000000     0.915275     0.387703 
59334.985537 0.000000 0.000000     0.883097     0.387858 
59335.040355 0.000000 0.000000     0.850964     0.387972 
59335.095174 0.000000 0.000000     0.818921     0.388043 
59335.149992 0.000000 0.000000     0.787008     0.388070 
59335.204811 0.000000 0.000000     0.755268     0.388052 
59335.259629 0.000000 0.000000     0.723742     0.387989 
59335.314447 0.000000 0.000000     0.692470     0.387880 
59335.369266 0.000000 0.000000     0.661491     0.387726 
59335.424084 0.000000 0.000000     0.630846     0.387529 
59335.478903 0.000000 0.000000     0.600571     0.387289 
59335.533721 0.000000 0.000000     0.570704     0.387007 
59335.588540 0.000000 0.000000     0.541282     0.386687 
59335.643358 0.000000 0.000000     0.512340     0.386328 
59335.698176 0.000000 0.000000     0.483912     0.385935 
59335.752995 0.000000 0.000000     0.456032     0.385508 
59335.807813 0.000000 0.000000     0.428732     0.385050 
59335.862632 0.000000 0.000000     0.402044     0.384564 
59335.917450 0.000000 0.000000     0.375998     0.384052 
59335.972268 0.000000 0.000000     0.350622     0.383517 
59336.027087 0.000000 0.000000     0.325945     0.382960 
59336.081905 0.000000 0.000000     0.301994     0.382385 
59336.136724 0.000000 0.000000     0.278794     0.381793 
59336.191542 0.000000 0.000000     0.256369     0.381188 
59336.246361 0.000000 0.000000     0.234742     0.380571 
59336.301179 0.000000 0.000000     0.213936     0.379944 
59336.355997 0.000000 0.000000     0.193970     0.379310 
59336.410816 0.000000 0.000000     0.174864     0.378670 
59336.465634 0.000000 0.000000     0.156636     0.378027 
59336.520453 0.000000 0.000000     0.139301     0.377381 
59336.575271 0.000000 0.000000     0.122876     0.376734 
59336.630090 0.000000 0.000000     0.107374     0.376087 
59336.684908 0.000000 0.000000     0.092808     0.375443 
59336.739726 0.000000 0.000000     0.079189     0.374801 
59336.794545 0.000000 0.000000     0.066526     0.374162 
59336.849363 0.000000 0.000000     0.054829     0.373528 
59336.904182 0.000000 0.000000     0.044103     0.372899 
59336.959000 0.000000 0.000000     0.034356     0.372276 
59337.013819 0.000000 0.000000     0.025591     0.371659 
59337.068637 0.000000 0.000000     0.017812     0.371048 
59337.123455 0.000000 0.000000     0.011021     0.370445 
59337.178274 0.000000 0.000000     0.005217     0.369849 
59337.233092 0.000000 0.000000     0.000401     0.369260 
59337.287911 0.000000 0.000000    -0.003430     0.368679 
59337.342729 0.000000 0.000000    -0.006279     0.368107 
59337.397548 0.000000 0.000000    -0.008151     0.367543 
59337.452366 0.000000 0.000000    -0.009051     0.366988 
59337.507184 0.000000 0.000000    -0.008986     0.366443 
59337.562003 0.000000 0.000000    -0.007965     0.365907 
59337.616821 0.000000 0.000000    -0.005996     0.365383 
59337.671640 0.000000 0.000000    -0.003090     0.364870 
59337.726458 0.000000 0.000000     0.000741     0.364369 
59337.781277 0.000000 0.000000     0.005486     0.363881 
59337.836095 0.000000 0.000000     0.011129     0.363408 
59337.890913 0.000000 0.000000     0.017658     0.362951 
59337.945732 0.000000 0.000000     0.025055     0.362511 
59338.000550 0.000000 0.000000     0.033305     0.362089 
59338.055369 0.000000 0.000000     0.042389     0.361688 
59338.110187 0.000000 0.000000     0.052290     0.361309 
59338.165006 0.000000 0.000000     0.062988     0.360955 
59338.219824 0.000000 0.000000     0.074464     0.360626 
59338.274642 0.000000 0.000000     0.086695     0.360326 
59338.329461 0.000000 0.000000     0.099661     0.360057 
59338.384279 0.000000 0.000000     0.113339     0.359820 
59338.439098 0.000000 0.000000     0.127705     0.359618 
59338.493916 0.000000 0.000000     0.142737     0.359454 
59338.548735 0.000000 0.000000     0.158410     0.359329 
59338.603553 0.000000 0.000000     0.174698     0.359246 
59338.658371 0.000000 0.000000     0.191576     0.359207 
59338.713190 0.000000 0.000000     0.209018     0.359213 
59338.768008 0.000000 0.000000     0.226998     0.359268 
59338.822827 0.000000 0.000000     0.245489     0.359372 
59338.877645 0.000000 0.000000     0.264462     0.359526 
59338.932464 0.000000 0.000000     0.283892     0.359734 
59338.987282 0.000000 0.000000     0.303748     0.359994 
59339.042100 0.000000 0.000000     0.324004     0.360308 
59339.096919 0.000000 0.000000     0.344630     0.360677 
59339.151737 0.000000 0.000000     0.365598     0.361101 
59339.206556 0.000000 0.000000     0.386878     0.361579 
59339.261374 0.000000 0.000000     0.408441     0.362111 
59339.316193 0.000000 0.000000     0.430259     0.362697 
59339.371011 0.000000 0.000000     0.452302     0.363334 
59339.425829 0.000000 0.000000     0.474540     0.364022 
59339.480648 0.000000 0.000000     0.496944     0.364758 
59339.535466 0.000000 0.000000     0.519485     0.365541 
59339.590285 0.000000 0.000000     0.542133     0.366368 
59339.645103 0.000000 0.000000     0.564860     0.367237 
59339.699922 0.000000 0.000000     0.587636     0.368144 
59339.754740 0.000000 0.000000     0.610432     0.369087 
59339.809558 0.000000 0.000000     0.633221     0.370062 
59339.864377 0.000000 0.000000     0.655972     0.371065 
59339.919195 0.000000 0.000000     0.678659     0.372093 
59339.974014 0.000000 0.000000     0.701253     0.373141 
59340.028832 0.000000 0.000000     0.723728     0.374207 
59340.083651 0.000000 0.000000     0.746054     0.375286 
59340.138469 0.000000 0.000000     0.768207     0.376373 
59340.193287 0.000000 0.000000     0.790159     0.377466 
59340.248106 0.000000 0.000000     0.811885     0.378560 
59340.302924 0.000000 0.000000     0.833359     0.379650 
59340.357743 0.000000 0.000000     0.854556     0.380733 
59340.412561 0.000000 0.000000     0.875452     0.381806 
59340.467380 0.000000 0.000000     0.896022     0.382863 
59340.522198 0.000000 0.000000     0.916245     0.383902 
59340.577016 0.000000 0.000000     0.936095     0.384920 
59340.631835 0.000000 0.000000     0.955553     0.385911 
59340.686653 0.000000 0.000000     0.974595     0.386874 
59340.741472 0.000000 0.000000     0.993201     0.387806 
59340.796290 0.000000 0.000000     1.011352     0.388702 
59340.851109 0.000000 0.000000     1.029027     0.389561 
59340.905927 0.000000 0.000000     1.046207     0.390380 
59340.960745 0.000000 0.000000     1.062876     0.391157 
59341.015564 0.000000 0.000000     1.079014     0.391889 
59341.070382 0.000000 0.000000     1.094607     0.392574 
59341.125201 0.000000 0.000000     1.109637     0.393210 
59341.180019 0.000000 0.000000     1.124091     0.393797 
59341.234838 0.000000 0.000000     1.137953     0.394332 
59341.289656 0.000000 0.000000     1.151210     0.394814 
59341.344474 0.000000 0.000000     1.163851     0.395243 
59341.399293 0.000000 0.000000     1.175862     0.395617 
59341.454111 0.000000 0.000000     1.187234     0.395936 
59341.508930 0.000000 0.000000     1.197955     0.396199 
59341.563748 0.000000 0.000000     1.208018     0.396407 
59341.618567 0.000000 0.000000     1.217413     0.396559 
59341.673385 0.000000 0.000000     1.226133     0.396656 
59341.728203 0.000000 0.000000     1.234172     0.396697 
59341.783022 0.000000 0.000000     1.241524     0.396684 
59341.837840 0.000000 0.000000     1.248183     0.396618 
59341.892659 0.000000 0.000000     1.254146     0.396499 
59341.947477 0.000000 0.000000     1.259410     0.396328 
59342.002296 0.000000 0.000000     1.263972     0.396108 
59342.057114 0.000000 0.000000     1.267832     0.395839 
59342.111932 0.000000 0.000000     1.270988     0.395524 
59342.166751 0.000000 0.000000     1.273441     0.395164 
59342.221569 0.000000 0.000000     1.275193     0.394761 
59342.276388 0.000000 0.000000     1.276245     0.394319 
59342.331206 0.000000 0.000000     1.276600     0.393839 
59342.386025 0.000000 0.000000     1.276263     0.393323 
59342.440843 0.000000 0.000000     1.275237     0.392776 
59342.495661 0.000000 0.000000     1.273528     0.392200 
59342.550480 0.000000 0.000000     1.271143     0.391598 
59342.605298 0.000000 0.000000     1.268089     0.390973 
59342.660117 0.000000 0.000000     1.264372     0.390329 
59342.714935 0.000000 0.000000     1.260003     0.389670 
59342.769753 0.000000 0.000000     1.254991     0.388998 
59342.824572 0.000000 0.000000     1.249345     0.388319 
59342.879390 0.000000 0.000000     1.243077     0.387636 
59342.934209 0.000000 0.000000     1.236198     0.386953 
59342.989027 0.000000 0.000000     1.228721     0.386274 
59343.043846 0.000000 0.000000     1.220659     0.385603 
59343.098664 0.000000 0.000000     1.212024     0.384944 
59343.153482 0.000000 0.000000     1.202832     0.384301 
59343.208301 0.000000 0.000000     1.193098     0.383679 
59343.263119 0.000000 0.000000     1.182837     0.383082 
59343.317938 0.000000 0.000000     1.172066     0.382513 
59343.372756 0.000000 0.000000     1.160800     0.381976 
59343.427575 0.000000 0.000000     1.149057     0.381476 
59343.482393 0.000000 0.000000     1.136855     0.381016 
59343.537211 0.000000 0.000000     1.124213     0.380598 
59343.592030 0.000000 0.000000     1.111148     0.380227 
59343.646848 0.000000 0.000000     1.097680     0.379906 
59343.701667 0.000000 0.000000     1.083828     0.379636 
59343.756485 0.000000 0.000000     1.069613     0.379422 
59343.811304 0.000000 0.000000     1.055054     0.379263 
59343.866122 0.000000 0.000000     1.040171     0.379164 
59343.920940 0.000000 0.000000     1.024987     0.379124 
59343.975759 0.000000 0.000000     1.009521     0.379145 
59344.030577 0.000000 0.000000     0.993796     0.379228 
59344.085396 0.000000 0.000000     0.977832     0.379373 
59344.140214 0.000000 0.000000     0.961651     0.379580 
59344.195033 0.000000 0.000000     0.945276     0.379849 
59344.249851 0.000000 0.000000     0.928727     0.380178 
59344.304669 0.000000 0.000000     0.912027     0.380567 
59344.359488 0.000000 0.000000     0.895198     0.381013 
59344.414306 0.000000 0.000000     0.878262     0.381516 
59344.469125 0.000000 0.000000     0.861240     0.382073 
59344.523943 0.000000 0.000000     0.844155     0.382680 
59344.578762 0.000000 0.000000     0.827029     0.383337 
59344.633580 0.000000 0.000000     0.809883     0.384039 
59344.688398 0.000000 0.000000     0.792738     0.384782 
59344.743217 0.000000 0.000000     0.775616     0.385565 
59344.798035 0.000000 0.000000     0.758538     0.386382 
59344.852854 0.000000 0.000000     0.741525     0.387230 
59344.907672 0.000000 0.000000     0.724597     0.388106 
59344.962491 0.000000 0.000000     0.707775     0.389004 
59345.017309 0.000000 0.000000     0.691078     0.389922 
59345.072127 0.000000 0.000000     0.674527     0.390854 
59345.126946 0.000000 0.000000     0.658138     0.391796 
59345.181764 0.000000 0.000000     0.641933     0.392745 
59345.236583 0.000000 0.000000     0.625928     0.393696 
59345.291401 0.000000 0.000000     0.610141     0.394646 
59345.346220 0.000000 0.000000     0.594590     0.395589 
59345.401038 0.000000 0.000000     0.579290     0.396522 
59345.455856 0.000000 0.000000     0.564259     0.397442 
59345.510675 0.000000 0.000000     0.549510     0.398344 
59345.565493 0.000000 0.000000     0.535060     0.399225 
59345.620312 0.000000 0.000000     0.520921     0.400082 
59345.675130 0.000000 0.000000     0.507108     0.400911 
59345.729949 0.000000 0.000000     0.493633     0.401708 
59345.784767 0.000000 0.000000     0.480508     0.402472 
59345.839585 0.000000 0.000000     0.467744     0.403199 
59345.894404 0.000000 0.000000     0.455352     0.403886 
59345.949222 0.000000 0.000000     0.443341     0.404531 
59346.004041 0.000000 0.000000     0.431721     0.405132 
59346.058859 0.000000 0.000000     0.420499     0.405686 
59346.113678 0.000000 0.000000     0.409683     0.406193 
59346.168496 0.000000 0.000000     0.399279     0.406649 
59346.223314 0.000000 0.000000     0.389292     0.407054 
59346.278133 0.000000 0.000000     0.379729     0.407407 
59346.332951 0.000000 0.000000     0.370592     0.407706 
59346.387770 0.000000 0.000000     0.361885     0.407950 
59346.442588 0.000000 0.000000     0.353609     0.408139 
59346.497407 0.000000 0.000000     0.345767     0.408273 
59346.552225 0.000000 0.000000     0.338358     0.408351 
59346.607043 0.000000 0.000000     0.331383     0.408374 
59346.661862 0.000000 0.000000     0.324840     0.408341 
59346.716680 0.000000 0.000000     0.318726     0.408253 
59346.771499 0.000000 0.000000     0.313040     0.408112 
59346.826317 0.000000 0.000000     0.307777     0.407917 
59346.881136 0.000000 0.000000     0.302933     0.407670 
59346.935954 0.000000 0.000000     0.298502     0.407373 
59346.990772 0.000000 0.000000     0.294478     0.407027 
59347.045591 0.000000 0.000000     0.290854     0.406634 
59347.100409 0.000000 0.000000     0.287622     0.406196 
59347.155228 0.000000 0.000000     0.284774     0.405715 
59347.210046 0.000000 0.000000     0.282300     0.405194 
59347.264865 0.000000 0.000000     0.280190     0.404637 
59347.319683 0.000000 0.000000     0.278433     0.404044 
59347.374501 0.000000 0.000000     0.277019     0.403421 
59347.429320 0.000000 0.000000     0.275934     0.402769 
59347.484138 0.000000 0.000000     0.275167     0.402094 
59347.538957 0.000000 0.000000     0.274703     0.401398 
59347.593775 0.000000 0.000000     0.274530     0.400685 
59347.648594 0.000000 0.000000     0.274632     0.399959 
59347.703412 0.000000 0.000000     0.274995     0.399224 
59347.758230 0.000000 0.000000     0.275603     0.398485 
59347.813049 0.000000 0.000000     0.276441     0.397746 
59347.867867 0.000000 0.000000     0.277492     0.397010 
59347.922686 0.000000 0.000000     0.278739     0.396283 
59347.977504 0.000000 0.000000     0.280166     0.395569 
59348.032323 0.000000 0.000000     0.281755     0.394872 
59348.087141 0.000000 0.000000     0.283490     0.394196 
59348.141959 0.000000 0.000000     0.285351     0.393545 
59348.196778 0.000000 0.000000     0.287322     0.392923 
59348.251596 0.000000 0.000000     0.289384     0.392335 
59348.306415 0.000000 0.000000     0.291519     0.391783 
59348.361233 0.000000 0.000000     0.293709     0.391271 
59348.416052 0.000000 0.000000     0.295937     0.390802 
59348.470870 0.000000 0.000000     0.298182     0.390379 
59348.525688 0.000000 0.000000     0.300429     0.390004 
59348.580507 0.000000 0.000000     0.302658     0.389679 
59348.635325 0.000000 0.000000     0.304853     0.389406 
59348.690144 0.000000 0.000000     0.306995     0.389186 
59348.744962 0.000000 0.000000     0.309067     0.389020 
59348.799781 0.000000 0.000000     0.311052     0.388908 
59348.854599 0.000000 0.000000     0.312934     0.388851 
59348.909417 0.000000 0.000000     0.314696     0.388847 
59348.964236 0.000000 0.000000     0.316322     0.388896 
59349.019054 0.000000 0.000000     0.317798     0.388998 
59349.073873 0.000000 0.000000     0.319107     0.389149 
59349.128691 0.000000 0.000000     0.320237     0.389347 
59349.183510 0.000000 0.000000     0.321172     0.389592 
59349.238328 0.000000 0.000000     0.321901     0.389879 
59349.293146 0.000000 0.000000     0.322410     0.390205 
59349.347965 0.000000 0.000000     0.322688     0.390568 
59349.402783 0.000000 0.000000     0.322723     0.390964 
59349.457602 0.000000 0.000000     0.322506     0.391389 
59349.512420 0.000000 0.000000     0.322027     0.391838 
59349.567239 0.000000 0.000000     0.321278     0.392309 
59349.622057 0.000000 0.000000     0.320250     0.392797 
59349.676875 0.000000 0.000000     0.318938     0.393298 
59349.731694 0.000000 0.000000     0.317334     0.393808 
59349.786512 0.000000 0.000000     0.315434     0.394322 
59349.841331 0.000000 0.000000     0.313233     0.394837 
59349.896149 0.000000 0.000000     0.310730     0.395348 
59349.950967 0.000000 0.000000     0.307921     0.395852 
59350.005786 0.000000 0.000000     0.304806     0.396346 
59350.060604 0.000000 0.000000     0.301385     0.396824 
59350.115423 0.000000 0.000000     0.297658     0.397284 
59350.170241 0.000000 0.000000     0.293628     0.397723 
59350.225060 0.000000 0.000000     0.289299     0.398138 
59350.279878 0.000000 0.000000     0.284674     0.398526 
59350.334696 0.000000 0.000000     0.279758     0.398884 
59350.389515 0.000000 0.000000     0.274558     0.399210 
59350.444333 0.000000 0.000000     0.269083     0.399502 
59350.499152 0.000000 0.000000     0.263339     0.399758 
59350.553970 0.000000 0.000000     0.257337     0.399977 
59350.608789 0.000000 0.000000     0.251088     0.400157 
59350.663607 0.000000 0.000000     0.244603     0.400298 
59350.718425 0.000000 0.000000     0.237896     0.400398 
59350.773244 0.000000 0.000000     0.230980     0.400458 
59350.828062 0.000000 0.000000     0.223870     0.400476 
59350.882881 0.000000 0.000000     0.216582     0.400454 
59350.937699 0.000000 0.000000     0.209133     0.400391 
59350.992518 0.000000 0.000000     0.201540     0.400288 
59351.047336 0.000000 0.000000     0.193824     0.400146 
59351.102154 0.000000 0.000000     0.186002     0.399967 
59351.156973 0.000000 0.000000     0.178097     0.399751 
59351.211791 0.000000 0.000000     0.170129     0.399501 
59351.266610 0.000000 0.000000     0.162120     0.399217 
59351.321428 0.000000 0.000000     0.154094     0.398904 
59351.376247 0.000000 0.000000     0.146074     0.398561 
59351.431065 0.000000 0.000000     0.138085     0.398193 
59351.485883 0.000000 0.000000     0.130152     0.397802 
59351.540702 0.000000 0.000000     0.122301     0.397391 
59351.595520 0.000000 0.000000     0.114557     0.396963 
59351.650339 0.000000 0.000000     0.106948     0.396522 
59351.705157 0.000000 0.000000     0.099501     0.396070 
59351.759976 0.000000 0.000000     0.092244     0.395611 
59351.814794 0.000000 0.000000     0.085204     0.395149 
59351.869612 0.000000 0.000000     0.078411     0.394687 
59351.924431 0.000000 0.000000     0.071892     0.394229 
59351.979249 0.000000 0.000000     0.065678     0.393778 
59352.034068 0.000000 0.000000     0.059796     0.393339 
59352.088886 0.000000 0.000000     0.054276     0.392915 
59352.143705 0.000000 0.000000     0.049147     0.392510 
59352.198523 0.000000 0.000000     0.044438     0.392126 
59352.253341 0.000000 0.000000     0.040179     0.391768 
59352.308160 0.000000 0.000000     0.036398     0.391438 
59352.362978 0.000000 0.000000     0.033124     0.391140 
59352.417797 0.000000 0.000000     0.030386     0.390876 
59352.472615 0.000000 0.000000     0.028211     0.390648 
59352.527434 0.000000 0.000000     0.026629     0.390460 
59352.582252 0.000000 0.000000     0.025665     0.390313 
59352.637070 0.000000 0.000000     0.025347     0.390209 
59352.691889 0.000000 0.000000     0.025702     0.390149 
59352.746707 0.000000 0.000000     0.026754     0.390135 
59352.801526 0.000000 0.000000     0.028530     0.390167 
59352.856344 0.000000 0.000000     0.031053     0.390245 
59352.911163 0.000000 0.000000     0.034347     0.390371 
59352.965981 0.000000 0.000000     0.038435     0.390542 
59353.020799 0.000000 0.000000     0.043338     0.390760 
59353.075618 0.000000 0.000000     0.049077     0.391023 
59353.130436 0.000000 0.000000     0.055673     0.391330 
59353.185255 0.000000 0.000000     0.063144     0.391680 
59353.240073 0.000000 0.000000     0.071508     0.392070 
59353.294892 0.000000 0.000000     0.080781     0.392499 
59353.349710 0.000000 0.000000     0.090979     0.392965 
59353.404528 0.000000 0.000000     0.102115     0.393465 
59353.459347 0.000000 0.000000     0.114204     0.393997 
59353.514165 0.000000 0.000000     0.127256     0.394558 
59353.568984 0.000000 0.000000     0.141282     0.395145 
59353.623802 0.000000 0.000000     0.156290     0.395756 
59353.678621 0.000000 0.000000     0.172287     0.396387 
59353.733439 0.000000 0.000000     0.189281     0.397035 
59353.788257 0.000000 0.000000     0.207274     0.397697 
59353.843076 0.000000 0.000000     0.226270     0.398371 
59353.897894 0.000000 0.000000     0.246271     0.399053 
59353.952713 0.000000 0.000000     0.267276     0.399740 
59354.007531 0.000000 0.000000     0.289283     0.400430 
59354.062350 0.000000 0.000000     0.312290     0.401119 
59354.117168 0.000000 0.000000     0.336290     0.401806 
59354.171986 0.000000 0.000000     0.361278     0.402487 
59354.226805 0.000000 0.000000     0.387245     0.403160 
59354.281623 0.000000 0.000000     0.414181     0.403822 
59354.336442 0.000000 0.000000     0.442075     0.404473 
59354.391260 0.000000 0.000000     0.470914     0.405109 
59354.446079 0.000000 0.000000     0.500682     0.405729 
59354.500897 0.000000 0.000000     0.531364     0.406332 
59354.555715 0.000000 0.000000     0.562942     0.406915 
59354.610534 0.000000 0.000000     0.595395     0.407478 
59354.665352 0.000000 0.000000     0.628703     0.408020 
59354.720171 0.000000 0.000000     0.662843     0.408540 
59354.774989 0.000000 0.000000     0.697791     0.409036 
59354.829808 0.000000 0.000000     0.733520     0.409509 
59354.884626 0.000000 0.000000     0.770003     0.409959 
59354.939444 0.000000 0.000000     0.807213     0.410385 
59354.994263 0.000000 0.000000     0.845117     0.410787 
59355.049081 0.000000 0.000000     0.883685     0.411165 
59355.103900 0.000000 0.000000     0.922884     0.411519 
59355.158718 0.000000 0.000000     0.962679     0.411851 
59355.213537 0.000000 0.000000     1.003035     0.412161 
59355.268355 0.000000 0.000000     1.043914     0.412450 
59355.323173 0.000000 0.000000     1.085280     0.412718 
59355.377992 0.000000 0.000000     1.127091     0.412966 
59355.432810 0.000000 0.000000     1.169310     0.413196 
59355.487629 0.000000 0.000000     1.211893     0.413409 
59355.542447 0.000000 0.000000     1.254799     0.413606 
59355.597266 0.000000 0.000000     1.297985     0.413789 
59355.652084 0.000000 0.000000     1.341406     0.413959 
59355.706902 0.000000 0.000000     1.385017     0.414118 
59355.761721 0.000000 0.000000     1.428774     0.414266 
59355.816539 0.000000 0.000000     1.472630     0.414406 
59355.871358 0.000000 0.000000     1.516537     0.414540 
59355.926176 0.000000 0.000000     1.560449     0.414668 
59355.980995 0.000000 0.000000     1.604318     0.414792 
59356.035813 0.000000 0.000000     1.648095     0.414914 
59356.090631 0.000000 0.000000     1.691733     0.415036 
59356.145450 0.000000 0.000000     1.735181     0.415158 
59356.200268 0.000000 0.000000     1.778391     0.415281 
59356.255087 0.000000 0.000000     1.821315     0.415408 
59356.309905 0.000000 0.000000     1.863902     0.415539 
59356.364724 0.000000 0.000000     1.906104     0.415675 
59356.419542 0.000000 0.000000     1.947872     0.415817 
59356.474360 0.000000 0.000000     1.989157     0.415965 
59356.529179 0.000000 0.000000     2.029910     0.416121 
59356.583997 0.000000 0.000000     2.070083     0.416284 
59356.638816 0.000000 0.000000     2.109628     0.416456 
59356.693634 0.000000 0.000000     2.148499     0.416635 
59356.748452 0.000000 0.000000     2.186648     0.416823 
59356.803271 0.000000 0.000000     2.224029     0.417018 
59356.858089 0.000000 0.000000     2.260597     0.417221 
59356.912908 0.000000 0.000000     2.296306     0.417431 
59356.967726 0.000000 0.000000     2.331114     0.417648 
59357.022545 0.000000 0.000000     2.364977     0.417871 
59357.077363 0.000000 0.000000     2.397853     0.418099 
59357.132181 0.000000 0.000000     2.429701     0.418331 
59357.187000 0.000000 0.000000     2.460481     0.418567 
59357.241818 0.000000 0.000000     2.490155     0.418805 
59357.296637 0.000000 0.000000     2.518685     0.419044 
59357.351455 0.000000 0.000000     2.546034     0.419284 
59357.406274 0.000000 0.000000     2.572169     0.419523 
59357.461092 0.000000 0.000000     2.597054     0.419761 
59357.515910 0.000000 0.000000     2.620659     0.419997 
59357.570729 0.000000 0.000000     2.642952     0.420230 
59357.625547 0.000000 0.000000     2.663905     0.420460 
59357.680366 0.000000 0.000000     2.683489     0.420686 
59357.735184 0.000000 0.000000     2.701680     0.420909 
59357.790003 0.000000 0.000000     2.718452     0.421128 
59357.844821 0.000000 0.000000     2.733783     0.421345 
59357.899639 0.000000 0.000000     2.747652     0.421561 
59357.954458 0.000000 0.000000     2.760041     0.421776 
59358.009276 0.000000 0.000000     2.770931     0.421993 
59358.064095 0.000000 0.000000     2.780308     0.422214 
59358.118913 0.000000 0.000000     2.788157     0.422442 
59358.173732 0.000000 0.000000     2.794467     0.422682 
59358.228550 0.000000 0.000000     2.799228     0.422936 
59358.283368 0.000000 0.000000     2.802432     0.423211 
59358.338187 0.000000 0.000000     2.804073     0.423511 
59358.393005 0.000000 0.000000     2.804146     0.423845 
59358.447824 0.000000 0.000000     2.802649     0.424218 
59358.502642 0.000000 0.000000     2.799582     0.424639 
59358.557461 0.000000 0.000000     2.794946     0.425118 
59358.612279 0.000000 0.000000     2.788745     0.425664 
59358.667097 0.000000 0.000000     2.780984     0.426288 
59358.721916 0.000000 0.000000     2.771670     0.427002 
59358.776734 0.000000 0.000000     2.760813     0.427818 
59358.831553 0.000000 0.000000     2.748422     0.428749 
59358.886371 0.000000 0.000000     2.734512     0.429809 
59358.941190 0.000000 0.000000     2.719097     0.431012 
59358.996008 0.000000 0.000000     2.702192     0.432373 
59359.050826 0.000000 0.000000     2.683818     0.433906 
59359.105645 0.000000 0.000000     2.663993     0.435626 
59359.160463 0.000000 0.000000     2.642739     0.437547 
59359.215282 0.000000 0.000000     2.620080     0.439685 
59359.270100 0.000000 0.000000     2.596041     0.442051 
59359.324919 0.000000 0.000000     2.570648     0.444660 
59359.379737 0.000000 0.000000     2.543931     0.447522 
59359.434555 0.000000 0.000000     2.515918     0.450647 
59359.489374 0.000000 0.000000     2.486641     0.454046 
59359.544192 0.000000 0.000000     2.456133     0.457725 
59359.599011 0.000000 0.000000     2.424428     0.461689 
59359.653829 0.000000 0.000000     2.391561     0.465942 
59359.708648 0.000000 0.000000     2.357570     0.470487 
59359.763466 0.000000 0.000000     2.322492     0.475324 
59359.818284 0.000000 0.000000     2.286367     0.480450 
59359.873103 0.000000 0.000000     2.249235     0.485862 
59359.927921 0.000000 0.000000     2.211137     0.491556 
59359.982740 0.000000 0.000000     2.172116     0.497524 
59360.037558 0.000000 0.000000     2.132216     0.503760 
59360.092377 0.000000 0.000000     2.091480     0.510253 
59360.147195 0.000000 0.000000     2.049954     0.516996 
59360.202013 0.000000 0.000000     2.007684     0.523976 
59360.256832 0.000000 0.000000     1.964716     0.531182 
59360.311650 0.000000 0.000000     1.921097     0.538603 
59360.366469 0.000000 0.000000     1.876876     0.546227 
59360.421287 0.000000 0.000000     1.832100     0.554041 
59360.476106 0.000000 0.000000     1.786819     0.562034 
59360.530924 0.000000 0.000000     1.741081     0.570193 
59360.585742 0.000000 0.000000     1.694936     0.578505 
59360.640561 0.000000 0.000000     1.648433     0.586960 
59360.695379 0.000000 0.000000     1.601622     0.595546 
59360.750198 0.000000 0.000000     1.554554     0.604251 
59360.805016 0.000000 0.000000     1.507278     0.613064 
59360.859835 0.000000 0.000000     1.459844     0.621975 
59360.914653 0.000000 0.000000     1.412302     0.630974 
59360.969471 0.000000 0.000000     1.364702     0.640050 
59361.024290 0.000000 0.000000     1.317092     0.649195 
59361.079108 0.000000 0.000000     1.269524     0.658400 
59361.133927 0.000000 0.000000     1.222044     0.667656 
59361.188745 0.000000 0.000000     1.174702     0.676955 
59361.243564 0.000000 0.000000     1.127546     0.686289 
59361.298382 0.000000 0.000000     1.080623     0.695650 
59361.353200 0.000000 0.000000     1.033980     0.705033 
59361.408019 0.000000 0.000000     0.987664     0.714429 
59361.462837 0.000000 0.000000     0.941719     0.723832 
59361.517656 0.000000 0.000000     0.896192     0.733237 
59361.572474 0.000000 0.000000     0.851125     0.742638 
59361.627293 0.000000 0.000000     0.806563     0.752029 
59361.682111 0.000000 0.000000     0.762547     0.761405 
59361.736929 0.000000 0.000000     0.719119     0.770761 
59361.791748 0.000000 0.000000     0.676319     0.780092 
59361.846566 0.000000 0.000000     0.634187     0.789394 
59361.901385 0.000000 0.000000     0.592761     0.798663 
59361.956203 0.000000 0.000000     0.552079     0.807894 
59362.011022 0.000000 0.000000     0.512175     0.817084 
59362.065840 0.000000 0.000000     0.473086     0.826229 
59362.120658 0.000000 0.000000     0.434846     0.835326 
59362.175477 0.000000 0.000000     0.397485     0.844370 
59362.230295 0.000000 0.000000     0.361037     0.853361 
59362.285114 0.000000 0.000000     0.325530     0.862293 
59362.339932 0.000000 0.000000     0.290993     0.871165 
59362.394751 0.000000 0.000000     0.257453     0.879974 
59362.449569 0.000000 0.000000     0.224937     0.888718 
59362.504387 0.000000 0.000000     0.193469     0.897394 
59362.559206 0.000000 0.000000     0.163071     0.905999 
59362.614024 0.000000 0.000000     0.133766     0.914533 
59362.668843 0.000000 0.000000     0.105574     0.922992 
59362.723661 0.000000 0.000000     0.078513     0.931375 
59362.778480 0.000000 0.000000     0.052601     0.939681 
59362.833298 0.000000 0.000000     0.027854     0.947908 
59362.888116 0.000000 0.000000     0.004286     0.956054 
59362.942935 0.000000 0.000000    -0.018091     0.964118 
59362.997753 0.000000 0.000000    -0.039263     0.972098 
59363.052572 0.000000 0.000000    -0.059222     0.979994 
59363.107390 0.000000 0.000000    -0.077959     0.987805 
59363.162209 0.000000 0.000000    -0.095466     0.995529 
59363.217027 0.000000 0.000000    -0.111739     1.003166 
59363.271845 0.000000 0.000000    -0.126772     1.010714 
59363.326664 0.000000 0.000000    -0.140564     1.018174 
59363.381482 0.000000 0.000000    -0.153112     1.025544 
59363.436301 0.000000 0.000000    -0.164417     1.032824 
59363.491119 0.000000 0.000000    -0.174480     1.040013 
59363.545938 0.000000 0.000000    -0.183304     1.047111 
59363.600756 0.000000 0.000000    -0.190893     1.054119 
59363.655574 0.000000 0.000000    -0.197253     1.061034 
59363.710393 0.000000 0.000000    -0.202390     1.067859 
59363.765211 0.000000 0.000000    -0.206312     1.074591 
59363.820030 0.000000 0.000000    -0.209029     1.081231 
59363.874848 0.000000 0.000000    -0.210552     1.087780 
59363.929666 0.000000 0.000000    -0.210891     1.094237 
59363.984485 0.000000 0.000000    -0.210060     1.100603 
59364.039303 0.000000 0.000000    -0.208073     1.106877 
59364.094122 0.000000 0.000000    -0.204946     1.113059 
59364.148940 0.000000 0.000000    -0.200694     1.119151 
59364.203759 0.000000 0.000000    -0.195335     1.125152 
59364.258577 0.000000 0.000000    -0.188888     1.131064 
59364.313395 0.000000 0.000000    -0.181371     1.136885 
59364.368214 0.000000 0.000000    -0.172805     1.142617 
59364.423032 0.000000 0.000000    -0.163212     1.148260 
59364.477851 0.000000 0.000000    -0.152613     1.153815 
59364.532669 0.000000 0.000000    -0.141031     1.159282 
59364.587488 0.000000 0.000000    -0.128491     1.164661 
59364.642306 0.000000 0.000000    -0.115017     1.169955 
59364.697124 0.000000 0.000000    -0.100634     1.175162 
59364.751943 0.000000 0.000000    -0.085367     1.180284 
59364.806761 0.000000 0.000000    -0.069245     1.185322 
59364.861580 0.000000 0.000000    -0.052294     1.190275 
59364.916398 0.000000 0.000000    -0.034541     1.195146 
59364.971217 0.000000 0.000000    -0.016016     1.199934 
59365.026035 0.000000 0.000000     0.003253     1.204640 
59365.080853 0.000000 0.000000     0.023236     1.209266 
59365.135672 0.000000 0.000000     0.043904     1.213811 
59365.190490 0.000000 0.000000     0.065227     1.218277 
59365.245309 0.000000 0.000000     0.087174     1.222665 
59365.300127 0.000000 0.000000     0.109714     1.226975 
59365.354946 0.000000 0.000000     0.132816     1.231208 
59365.409764 0.000000 0.000000     0.156449     1.235365 
59365.464582 0.000000 0.000000     0.180582     1.239446 
59365.519401 0.000000 0.000000     0.205183     1.243453 
59365.574219 0.000000 0.000000     0.230219     1.247387 
59365.629038 0.000000 0.000000     0.255661     1.251247 
59365.683856 0.000000 0.000000     0.281475     1.255035 
59365.738675 0.000000 0.000000     0.307630     1.258752 
59365.793493 0.000000 0.000000     0.334094     1.262399 
59365.848311 0.000000 0.000000     0.360835     1.265975 
59365.903130 0.000000 0.000000     0.387822     1.269483 
59365.957948 0.000000 0.000000     0.415024     1.272923 
59366.012767 0.000000 0.000000     0.442409     1.276295 
59366.067585 0.000000 0.000000     0.469946     1.279600 
59366.122404 0.000000 0.000000     0.497604     1.282840 
59366.177222 0.000000 0.000000     0.525353     1.286014 
59366.232040 0.000000 0.000000     0.553164     1.289124 
59366.286859 0.000000 0.000000     0.581005     1.292169 
59366.341677 0.000000 0.000000     0.608848     1.295152 
59366.396496 0.000000 0.000000     0.636663     1.298072 
59366.451314 0.000000 0.000000     0.664422     1.300931 
59366.506133 0.000000 0.000000     0.692097     1.303728 
59366.560951 0.000000 0.000000     0.719660     1.306465 
59366.615769 0.000000 0.000000     0.747084     1.309142 
59366.670588 0.000000 0.000000     0.774342     1.311760 
59366.725406 0.000000 0.000000     0.801408     1.314320 
59366.780225 0.000000 0.000000     0.828258     1.316821 
59366.835043 0.000000 0.000000     0.854866     1.319265 
59366.889862 0.000000 0.000000     0.881207     1.321653 
59366.944680 0.000000 0.000000     0.907259     1.323984 
59366.999498 0.000000 0.000000     0.932998     1.326259 
59367.054317 0.000000 0.000000     0.958403     1.328480 
59367.109135 0.000000 0.000000     0.983452     1.330646 
59367.163954 0.000000 0.000000     1.008124     1.332758 
59367.218772 0.000000 0.000000     1.032399     1.334816 
59367.273591 0.000000 0.000000     1.056258     1.336821 
59367.328409 0.000000 0.000000     1.079683     1.338774 
59367.383227 0.000000 0.000000     1.102655     1.340675 
59367.438046 0.000000 0.000000     1.125159     1.342525 
59367.492864 0.000000 0.000000     1.147178     1.344324 
59367.547683 0.000000 0.000000     1.168697     1.346072 
59367.602501 0.000000 0.000000     1.189702     1.347770 
59367.657320 0.000000 0.000000     1.210179     1.349418 
59367.712138 0.000000 0.000000     1.230116     1.351018 
59367.766956 0.000000 0.000000     1.249500     1.352569 
59367.821775 0.000000 0.000000     1.268321     1.354071 
59367.876593 0.000000 0.000000     1.286569     1.355526 
59367.931412 0.000000 0.000000     1.304235     1.356934 
59367.986230 0.000000 0.000000     1.321310     1.358295 
59368.041049 0.000000 0.000000     1.337787     1.359609 
59368.095867 0.000000 0.000000     1.353659     1.360877 
59368.150685 0.000000 0.000000     1.368922     1.362100 
59368.205504 0.000000 0.000000     1.383570     1.363278 
59368.260322 0.000000 0.000000     1.397599     1.364410 
59368.315141 0.000000 0.000000     1.411006     1.365499 
59368.369959 0.000000 0.000000     1.423790     1.366544 
59368.424778 0.000000 0.000000     1.435948     1.367545 
59368.479596 0.000000 0.000000     1.447481     1.368503 
59368.534414 0.000000 0.000000     1.458390     1.369418 
59368.589233 0.000000 0.000000     1.468674     1.370291 
59368.644051 0.000000 0.000000     1.478338     1.371123 
59368.698870 0.000000 0.000000     1.487383     1.371912 
59368.753688 0.000000 0.000000     1.495813     1.372661 
59368.808507 0.000000 0.000000     1.503634     1.373369 
59368.863325 0.000000 0.000000     1.510850     1.374037 
59368.918143 0.000000 0.000000     1.517468     1.374664 
59368.972962 0.000000 0.000000     1.523495     1.375253 
59369.027780 0.000000 0.000000     1.528938     1.375802 
59369.082599 0.000000 0.000000     1.533806     1.376312 
59369.137417 0.000000 0.000000     1.538109     1.376784 
59369.192236 0.000000 0.000000     1.541856     1.377218 
59369.247054 0.000000 0.000000     1.545057     1.377615 
59369.301872 0.000000 0.000000     1.547724     1.377974 
59369.356691 0.000000 0.000000     1.549870     1.378296 
59369.411509 0.000000 0.000000     1.551506     1.378582 
59369.466328 0.000000 0.000000     1.552645     1.378832 
59369.521146 0.000000 0.000000     1.553302     1.379047 
59369.575965 0.000000 0.000000     1.553491     1.379225 
59369.630783 0.000000 0.000000     1.553226     1.379369 
59369.685601 0.000000 0.000000     1.552523     1.379479 
59369.740420 0.000000 0.000000     1.551398     1.379554 
59369.795238 0.000000 0.000000     1.549867     1.379595 
59369.850057 0.000000 0.000000     1.547946     1.379603 
59369.904875 0.000000 0.000000     1.545654     1.379577 
59369.959694 0.000000 0.000000     1.543007     1.379519 
59370.014512 0.000000 0.000000     1.540023     1.379428 
59370.069330 0.000000 0.000000     1.536721     1.379305 
59370.124149 0.000000 0.000000     1.533118     1.379151 
59370.178967 0.000000 0.000000     1.529235     1.378965 
59370.233786 0.000000 0.000000     1.525089     1.378748 
59370.288604 0.000000 0.000000     1.520700     1.378500 
59370.343423 0.000000 0.000000     1.516087     1.378222 
59370.398241 0.000000 0.000000     1.511271     1.377914 
59370.453059 0.000000 0.000000     1.506269     1.377576 
59370.507878 0.000000 0.000000     1.501103     1.377209 
59370.562696 0.000000 0.000000     1.495792     1.376812 
59370.617515 0.000000 0.000000     1.490356     1.376387 
59370.672333 0.000000 0.000000     1.484815     1.375934 
59370.727151 0.000000 0.000000     1.479187     1.375452 
59370.781970 0.000000 0.000000     1.473494     1.374943 
59370.836788 0.000000 0.000000     1.467754     1.374405 
59370.891607 0.000000 0.000000     1.461988     1.373841 
59370.946425 0.000000 0.000000     1.456213     1.373250 
59371.001244 0.000000 0.000000     1.450450     1.372632 
59371.056062 0.000000 0.000000     1.444717     1.371988 
59371.110880 0.000000 0.000000     1.439033     1.371318 
59371.165699 0.000000 0.000000     1.433415     1.370621 
59371.220517 0.000000 0.000000     1.427883     1.369900 
59371.275336 0.000000 0.000000     1.422453     1.369153 
59371.330154 0.000000 0.000000     1.417143     1.368381 
59371.384973 0.000000 0.000000     1.411970     1.367585 
59371.439791 0.000000 0.000000     1.406950     1.366764 
59371.494609 0.000000 0.000000     1.402098     1.365919 
59371.549428 0.000000 0.000000     1.397431     1.365050 
59371.604246 0.000000 0.000000     1.392964     1.364157 
59371.659065 0.000000 0.000000     1.388710     1.363241 
59371.713883 0.000000 0.000000     1.384683     1.362302 
59371.768702 0.000000 0.000000     1.380898     1.361340 
59371.823520 0.000000 0.000000     1.377366     1.360355 
59371.878338 0.000000 0.000000     1.374099     1.359348 
59371.933157 0.000000 0.000000     1.371109     1.358319 
59371.987975 0.000000 0.000000     1.368406     1.357268 
59372.042794 0.000000 0.000000     1.366001     1.356195 
59372.097612 0.000000 0.000000     1.363903     1.355101 
59372.152431 0.000000 0.000000     1.362120     1.353986 
59372.207249 0.000000 0.000000     1.360660     1.352850 
59372.262067 0.000000 0.000000     1.359530     1.351693 
59372.316886 0.000000 0.000000     1.358737     1.350516 
59372.371704 0.000000 0.000000     1.358287     1.349319 
59372.426523 0.000000 0.000000     1.358182     1.348102 
59372.481341 0.000000 0.000000     1.358429     1.346866 
59372.536160 0.000000 0.000000     1.359030     1.345611 
59372.590978 0.000000 0.000000     1.359988     1.344336 
59372.645796 0.000000 0.000000     1.361303     1.343043 
59372.700615 0.000000 0.000000     1.362977     1.341732 
59372.755433 0.000000 0.000000     1.365010     1.340402 
59372.810252 0.000000 0.000000     1.367401     1.339055 
59372.865070 0.000000 0.000000     1.370148     1.337691 
59372.919889 0.000000 0.000000     1.373249     1.336309 
59372.974707 0.000000 0.000000     1.376701     1.334911 
59373.029525 0.000000 0.000000     1.380499     1.333496 
59373.084344 0.000000 0.000000     1.384639     1.332065 
59373.139162 0.000000 0.000000     1.389115     1.330619 
59373.193981 0.000000 0.000000     1.393921     1.329157 
59373.248799 0.000000 0.000000     1.399049     1.327681 
59373.303618 0.000000 0.000000     1.404492     1.326190 
59373.358436 0.000000 0.000000     1.410241     1.324685 
59373.413254 0.000000 0.000000     1.416287     1.323166 
59373.468073 0.000000 0.000000     1.422621     1.321635 
59373.522891 0.000000 0.000000     1.429230     1.320090 
59373.577710 0.000000 0.000000     1.436105     1.318533 
59373.632528 0.000000 0.000000     1.443233     1.316965 
59373.687347 0.000000 0.000000     1.450601     1.315385 
59373.742165 0.000000 0.000000     1.458198     1.313794 
59373.796983 0.000000 0.000000     1.466008     1.312193 
59373.851802 0.000000 0.000000     1.474019     1.310582 
59373.906620 0.000000 0.000000     1.482215     1.308962 
59373.961439 0.000000 0.000000     1.490581     1.307333 
59374.016257 0.000000 0.000000     1.499102     1.305696 
59374.071076 0.000000 0.000000     1.507762     1.304051 
59374.125894 0.000000 0.000000     1.861094          nan 
