# time Tc_folded Tref_folded value value_err offset model full_model val_compare val_compare_err residuals residuals_err jitter jitter_flag offset_flag subset_flag 
59333.151961 1.115581 0.331757 -2.770000 0.197000 -0.400752 -1.121276 -2.066687 -1.824589 0.197000 -0.703313 0.197000 0.845817  -1  -1  -1 
59333.152667 1.116287 0.332000 -1.924000 0.197000 -0.400752 -1.117814 -2.063180 -0.978634 0.197000 0.139180 0.197000 0.845817  -1  -1  -1 
59333.153373 1.116993 0.332244 -2.959000 0.197000 -0.400752 -1.114350 -2.059671 -2.013679 0.197000 -0.899329 0.197000 0.845817  -1  -1  -1 
59336.044295 1.107708 0.329042 -3.670000 0.196000 -0.400752 -1.159733 -2.836120 -1.993613 0.196000 -0.833880 0.196000 0.845817  -1  -1  -1 
59336.045745 1.109158 0.329542 -1.842000 0.196000 -0.400752 -1.152672 -2.829384 -0.165288 0.196000 0.987384 0.196000 0.845817  -1  -1  -1 
59336.046451 1.109864 0.329786 -2.082000 0.196000 -0.400752 -1.149230 -2.826100 -0.405130 0.196000 0.744100 0.196000 0.845817  -1  -1  -1 
59337.054588 -0.782206 0.677394 0.800000 0.204000 -0.400752 2.006838 0.244547 2.562290 0.204000 0.555453 0.204000 0.845817  -1  -1  -1 
59337.055294 -0.781500 0.677638 1.084000 0.204000 -0.400752 2.006575 0.244332 2.846242 0.204000 0.839668 0.204000 0.845817  -1  -1  -1 
59337.055999 -0.780795 0.677881 1.685000 0.204000 -0.400752 2.006308 0.244114 3.447194 0.204000 1.440886 0.204000 0.845817  -1  -1  -1 
59338.142666 0.305872 0.052567 -3.695000 0.193000 -0.400752 -1.533832 -3.039207 -2.189624 0.193000 -0.655793 0.193000 0.845817  -1  -1  -1 
59338.143375 0.306581 0.052811 -4.166000 0.193000 -0.400752 -1.536650 -3.041748 -2.660902 0.193000 -1.124252 0.193000 0.845817  -1  -1  -1 
59338.144784 0.307990 0.053297 -3.391000 0.192000 -0.400752 -1.542243 -3.046789 -1.886455 0.192000 -0.344211 0.192000 0.845817  -1  -1  -1 
59339.164449 1.327655 0.404881 -0.406000 0.196000 -0.400752 -0.039684 -1.038687 0.593002 0.196000 0.632687 0.196000 0.845817  -1  -1  -1 
59339.165155 1.328361 0.405124 -2.684000 0.196000 -0.400752 -0.036121 -1.034720 -1.685401 0.196000 -1.649280 0.196000 0.845817  -1  -1  -1 
59339.166567 1.329773 0.405611 -0.028000 0.196000 -0.400752 -0.028999 -1.026789 0.969791 0.196000 0.998789 0.196000 0.845817  -1  -1  -1 
59340.102238 -0.634763 0.728233 1.154000 0.196000 -0.400752 1.873995 1.427627 1.600368 0.196000 -0.273627 0.196000 0.845817  -1  -1  -1 
59340.103650 -0.633351 0.728720 1.360000 0.196000 -0.400752 1.871984 1.426436 1.805548 0.196000 -0.066436 0.196000 0.845817  -1  -1  -1 
59340.104356 -0.632645 0.728964 0.898000 0.197000 -0.400752 1.870974 1.425836 1.343138 0.197000 -0.527836 0.197000 0.845817  -1  -1  -1 
59341.060305 0.323304 0.058578 -1.111000 0.200000 -0.400752 -1.602272 -1.545991 -1.167281 0.200000 0.434991 0.200000 0.845817  -1  -1  -1 
59341.061717 0.324716 0.059064 -1.590000 0.201000 -0.400752 -1.607735 -1.550821 -1.646914 0.201000 -0.039179 0.201000 0.845817  -1  -1  -1 
59341.062423 0.325422 0.059308 -1.253000 0.201000 -0.400752 -1.610461 -1.553231 -1.310230 0.201000 0.300231 0.201000 0.845817  -1  -1  -1 
59342.127214 1.390213 0.426451 0.050000 0.194000 -0.400752 0.269957 0.678910 -0.358953 0.194000 -0.628910 0.194000 0.845817  -1  -1  -1 
59342.128626 1.391625 0.426938 1.355000 0.194000 -0.400752 0.276781 0.686022 0.945759 0.194000 0.668978 0.194000 0.845817  -1  -1  -1 
59342.129333 1.392332 0.427182 -0.812000 0.194000 -0.400752 0.280195 0.689580 -1.221385 0.194000 -1.501580 0.194000 0.845817  -1  -1  -1 
59343.096509 -0.540699 0.760667 1.988000 0.195000 -0.400752 1.710737 2.207706 1.491031 0.195000 -0.219706 0.195000 0.845817  -1  -1  -1 
59343.097921 -0.539287 0.761154 2.506000 0.195000 -0.400752 1.707842 2.204790 2.009052 0.195000 0.301210 0.195000 0.845817  -1  -1  -1 
59343.098626 -0.538582 0.761397 2.200000 0.195000 -0.400752 1.706391 2.203329 1.703063 0.195000 -0.003329 0.195000 0.845817  -1  -1  -1 
59345.087496 -1.449919 0.447165 -0.696000 0.201000 -0.400752 0.552315 0.781119 -0.924804 0.201000 -1.477119 0.201000 0.845817  -1  -1  -1 
59345.088908 -1.448507 0.447652 1.858000 0.200000 -0.400752 0.558738 0.787300 1.629438 0.200000 1.070700 0.200000 0.845817  -1  -1  -1 
59345.089615 -1.447800 0.447896 1.968000 0.200000 -0.400752 0.561950 0.790391 1.739559 0.200000 1.177609 0.200000 0.845817  -1  -1  -1 
59347.165174 0.627759 0.163555 -2.802000 0.196000 -0.400752 -2.355855 -2.267224 -2.890631 0.196000 -0.534776 0.196000 0.845817  -1  -1  -1 
59347.165880 0.628465 0.163798 -1.935000 0.196000 -0.400752 -2.356328 -2.267655 -2.023674 0.196000 0.332655 0.196000 0.845817  -1  -1  -1 
59347.166589 0.629174 0.164042 -4.061000 0.196000 -0.400752 -2.356797 -2.268079 -4.149717 0.196000 -1.792921 0.196000 0.845817  -1  -1  -1 
59349.156919 -0.280703 0.850314 1.677000 0.194000 -0.400752 0.975295 1.296551 1.355744 0.194000 0.380449 0.194000 0.845817  -1  -1  -1 
59349.159037 -0.278585 0.851044 0.724000 0.194000 -0.400752 0.967775 1.289255 0.402520 0.194000 -0.565255 0.194000 0.845817  -1  -1  -1 
59349.159743 -0.277879 0.851288 2.045000 0.195000 -0.400752 0.965263 1.286818 1.723446 0.195000 0.758182 0.195000 0.845817  -1  -1  -1 
59351.095299 -1.242530 0.518673 3.229000 0.199000 -0.400752 1.362787 1.704444 2.887343 0.199000 1.524556 0.199000 0.845817  -1  -1  -1 
59351.096005 -1.241824 0.518917 1.539000 0.199000 -0.400752 1.365035 1.706641 1.197394 0.199000 -0.167641 0.199000 0.845817  -1  -1  -1 
59351.097417 -1.240412 0.519404 0.629000 0.199000 -0.400752 1.369521 1.711023 0.287498 0.199000 -1.082023 0.199000 0.845817  -1  -1  -1 
59352.132027 -0.205802 0.876140 0.491000 0.196000 -0.400752 0.696501 0.968944 0.218557 0.196000 -0.477944 0.196000 0.845817  -1  -1  -1 
59352.134142 -0.203687 0.876870 1.053000 0.195000 -0.400752 0.688263 0.960640 0.780622 0.195000 0.092360 0.195000 0.845817  -1  -1  -1 
59352.134848 -0.202981 0.877113 -0.236000 0.195000 -0.400752 0.685509 0.957864 -0.508356 0.195000 -1.193864 0.195000 0.845817  -1  -1  -1 
59358.106134 -0.032109 0.936030 2.204000 0.216000 -0.400752 -0.033884 3.162051 -0.991935 0.216000 -0.958051 0.216000 0.845817  -1  -1  -1 
59358.106840 -0.031403 0.936274 4.348000 0.216000 -0.400752 -0.037031 3.159002 1.151967 0.216000 1.188998 0.216000 0.845817  -1  -1  -1 
59358.108959 -0.029284 0.937004 5.673000 0.216000 -0.400752 -0.046482 3.149841 2.476676 0.216000 2.523159 0.216000 0.845817  -1  -1  -1 
59359.054266 0.916023 0.262949 1.143000 0.217000 -0.400752 -1.962179 1.127951 -1.947130 0.217000 0.015049 0.217000 0.845817  -1  -1  -1 
59359.056384 0.918141 0.263679 1.230000 0.218000 -0.400752 -1.955191 1.134182 -1.859373 0.218000 0.095818 0.218000 0.845817  -1  -1  -1 
59359.057090 0.918847 0.263923 0.803000 0.218000 -0.400752 -1.952850 1.136270 -2.286120 0.218000 -0.333270 0.218000 0.845817  -1  -1  -1 
59360.145042 -0.893408 0.639052 3.290000 0.210000 -0.400752 2.001792 4.447921 0.843871 0.210000 -1.157921 0.210000 0.845817  -1  -1  -1 
59360.146454 -0.891996 0.639539 4.504000 0.210000 -0.400752 2.002443 4.447469 2.058974 0.210000 0.056531 0.210000 0.845817  -1  -1  -1 
59360.147195 -0.891255 0.639794 4.142000 0.209000 -0.400752 2.002779 4.447226 1.697553 0.209000 -0.305226 0.209000 0.845817  -1  -1  -1 
