# time Tc_folded Tref_folded model model_err 
59318.211098 0.000000 0.000000     0.034470     1.668117 
59318.265916 0.000000 0.000000     0.002826     1.666920 
59318.320735 0.000000 0.000000    -0.029047     1.665681 
59318.375553 0.000000 0.000000    -0.061126     1.664399 
59318.430372 0.000000 0.000000    -0.093384     1.663074 
59318.485190 0.000000 0.000000    -0.125798     1.661706 
59318.540009 0.000000 0.000000    -0.158343     1.660295 
59318.594827 0.000000 0.000000    -0.190994     1.658841 
59318.649645 0.000000 0.000000    -0.223727     1.657342 
59318.704464 0.000000 0.000000    -0.256519     1.655799 
59318.759282 0.000000 0.000000    -0.289345     1.654212 
59318.814101 0.000000 0.000000    -0.322182     1.652580 
59318.868919 0.000000 0.000000    -0.355006     1.650902 
59318.923738 0.000000 0.000000    -0.387795     1.649180 
59318.978556 0.000000 0.000000    -0.420525     1.647411 
59319.033374 0.000000 0.000000    -0.453175     1.645596 
59319.088193 0.000000 0.000000    -0.485723     1.643734 
59319.143011 0.000000 0.000000    -0.518148     1.641825 
59319.197830 0.000000 0.000000    -0.550429     1.639869 
59319.252648 0.000000 0.000000    -0.582545     1.637865 
59319.307467 0.000000 0.000000    -0.614477     1.635813 
59319.362285 0.000000 0.000000    -0.646206     1.633713 
59319.417103 0.000000 0.000000    -0.677713     1.631563 
59319.471922 0.000000 0.000000    -0.708980     1.629364 
59319.526740 0.000000 0.000000    -0.739991     1.627115 
59319.581559 0.000000 0.000000    -0.770728     1.624815 
59319.636377 0.000000 0.000000    -0.801176     1.622465 
59319.691196 0.000000 0.000000    -0.831319     1.620064 
59319.746014 0.000000 0.000000    -0.861144     1.617611 
59319.800832 0.000000 0.000000    -0.890637     1.615107 
59319.855651 0.000000 0.000000    -0.919785     1.612549 
59319.910469 0.000000 0.000000    -0.948577     1.609939 
59319.965288 0.000000 0.000000    -0.977000     1.607276 
59320.020106 0.000000 0.000000    -1.005046     1.604559 
59320.074925 0.000000 0.000000    -1.032705     1.601788 
59320.129743 0.000000 0.000000    -1.059967     1.598962 
59320.184561 0.000000 0.000000    -1.086826     1.596081 
59320.239380 0.000000 0.000000    -1.113275     1.593145 
59320.294198 0.000000 0.000000    -1.139309     1.590154 
59320.349017 0.000000 0.000000    -1.164921     1.587106 
59320.403835 0.000000 0.000000    -1.190109     1.584002 
59320.458654 0.000000 0.000000    -1.214869     1.580841 
59320.513472 0.000000 0.000000    -1.239199     1.577623 
59320.568290 0.000000 0.000000    -1.263098     1.574347 
59320.623109 0.000000 0.000000    -1.286566     1.571013 
59320.677927 0.000000 0.000000    -1.309603     1.567621 
59320.732746 0.000000 0.000000    -1.332210     1.564171 
59320.787564 0.000000 0.000000    -1.354390     1.560662 
59320.842383 0.000000 0.000000    -1.376147     1.557093 
59320.897201 0.000000 0.000000    -1.397484     1.553465 
59320.952019 0.000000 0.000000    -1.418406     1.549778 
59321.006838 0.000000 0.000000    -1.438919     1.546031 
59321.061656 0.000000 0.000000    -1.459029     1.542223 
59321.116475 0.000000 0.000000    -1.478745     1.538355 
59321.171293 0.000000 0.000000    -1.498074     1.534427 
59321.226112 0.000000 0.000000    -1.517025     1.530437 
59321.280930 0.000000 0.000000    -1.535607     1.526387 
59321.335748 0.000000 0.000000    -1.553832     1.522275 
59321.390567 0.000000 0.000000    -1.571710     1.518102 
59321.445385 0.000000 0.000000    -1.589253     1.513868 
59321.500204 0.000000 0.000000    -1.606472     1.509572 
59321.555022 0.000000 0.000000    -1.623382     1.505213 
59321.609841 0.000000 0.000000    -1.639995     1.500793 
59321.664659 0.000000 0.000000    -1.656325     1.496311 
59321.719477 0.000000 0.000000    -1.672386     1.491767 
59321.774296 0.000000 0.000000    -1.688194     1.487161 
59321.829114 0.000000 0.000000    -1.703764     1.482492 
59321.883933 0.000000 0.000000    -1.719110     1.477760 
59321.938751 0.000000 0.000000    -1.734250     1.472966 
59321.993569 0.000000 0.000000    -1.749199     1.468110 
59322.048388 0.000000 0.000000    -1.763973     1.463191 
59322.103206 0.000000 0.000000    -1.778589     1.458209 
59322.158025 0.000000 0.000000    -1.793064     1.453164 
59322.212843 0.000000 0.000000    -1.807414     1.448057 
59322.267662 0.000000 0.000000    -1.821657     1.442887 
59322.322480 0.000000 0.000000    -1.835809     1.437653 
59322.377298 0.000000 0.000000    -1.849886     1.432357 
59322.432117 0.000000 0.000000    -1.863907     1.426998 
59322.486935 0.000000 0.000000    -1.877886     1.421576 
59322.541754 0.000000 0.000000    -1.891841     1.416091 
59322.596572 0.000000 0.000000    -1.905787     1.410543 
59322.651391 0.000000 0.000000    -1.919741     1.404932 
59322.706209 0.000000 0.000000    -1.933717     1.399257 
59322.761027 0.000000 0.000000    -1.947731     1.393520 
59322.815846 0.000000 0.000000    -1.961798     1.387719 
59322.870664 0.000000 0.000000    -1.975932     1.381855 
59322.925483 0.000000 0.000000    -1.990146     1.375927 
59322.980301 0.000000 0.000000    -2.004454     1.369937 
59323.035120 0.000000 0.000000    -2.018867     1.363883 
59323.089938 0.000000 0.000000    -2.033399     1.357765 
59323.144756 0.000000 0.000000    -2.048059     1.351584 
59323.199575 0.000000 0.000000    -2.062859     1.345339 
59323.254393 0.000000 0.000000    -2.077808     1.339031 
59323.309212 0.000000 0.000000    -2.092914     1.332659 
59323.364030 0.000000 0.000000    -2.108187     1.326223 
59323.418849 0.000000 0.000000    -2.123632     1.319724 
59323.473667 0.000000 0.000000    -2.139256     1.313160 
59323.528485 0.000000 0.000000    -2.155064     1.306533 
59323.583304 0.000000 0.000000    -2.171061     1.299842 
59323.638122 0.000000 0.000000    -2.187249     1.293086 
59323.692941 0.000000 0.000000    -2.203631     1.286267 
59323.747759 0.000000 0.000000    -2.220207     1.279383 
59323.802578 0.000000 0.000000    -2.236978     1.272436 
59323.857396 0.000000 0.000000    -2.253943     1.265423 
59323.912214 0.000000 0.000000    -2.271098     1.258347 
59323.967033 0.000000 0.000000    -2.288441     1.251207 
59324.021851 0.000000 0.000000    -2.305968     1.244002 
59324.076670 0.000000 0.000000    -2.323671     1.236733 
59324.131488 0.000000 0.000000    -2.341545     1.229400 
59324.186307 0.000000 0.000000    -2.359581     1.222003 
59324.241125 0.000000 0.000000    -2.377769     1.214542 
59324.295943 0.000000 0.000000    -2.396099     1.207017 
59324.350762 0.000000 0.000000    -2.414560     1.199428 
59324.405580 0.000000 0.000000    -2.433138     1.191776 
59324.460399 0.000000 0.000000    -2.451818     1.184061 
59324.515217 0.000000 0.000000    -2.470586     1.176283 
59324.570036 0.000000 0.000000    -2.489425     1.168442 
59324.624854 0.000000 0.000000    -2.508317     1.160539 
59324.679672 0.000000 0.000000    -2.527244     1.152575 
59324.734491 0.000000 0.000000    -2.546184     1.144549 
59324.789309 0.000000 0.000000    -2.565118     1.136463 
59324.844128 0.000000 0.000000    -2.584022     1.128316 
59324.898946 0.000000 0.000000    -2.602873     1.120111 
59324.953765 0.000000 0.000000    -2.621647     1.111848 
59325.008583 0.000000 0.000000    -2.640319     1.103527 
59325.063401 0.000000 0.000000    -2.658863     1.095150 
59325.118220 0.000000 0.000000    -2.677250     1.086719 
59325.173038 0.000000 0.000000    -2.695453     1.078233 
59325.227857 0.000000 0.000000    -2.713442     1.069696 
59325.282675 0.000000 0.000000    -2.731188     1.061108 
59325.337494 0.000000 0.000000    -2.748661     1.052471 
59325.392312 0.000000 0.000000    -2.765828     1.043787 
59325.447130 0.000000 0.000000    -2.782658     1.035059 
59325.501949 0.000000 0.000000    -2.799118     1.026288 
59325.556767 0.000000 0.000000    -2.815175     1.017477 
59325.611586 0.000000 0.000000    -2.830794     1.008629 
59325.666404 0.000000 0.000000    -2.845943     0.999747 
59325.721223 0.000000 0.000000    -2.860585     0.990833 
59325.776041 0.000000 0.000000    -2.874687     0.981893 
59325.830859 0.000000 0.000000    -2.888212     0.972928 
59325.885678 0.000000 0.000000    -2.901126     0.963945 
59325.940496 0.000000 0.000000    -2.913392     0.954945 
59325.995315 0.000000 0.000000    -2.924976     0.945936 
59326.050133 0.000000 0.000000    -2.935841     0.936921 
59326.104952 0.000000 0.000000    -2.945951     0.927906 
59326.159770 0.000000 0.000000    -2.955270     0.918898 
59326.214588 0.000000 0.000000    -2.963765     0.909901 
59326.269407 0.000000 0.000000    -2.971398     0.900924 
59326.324225 0.000000 0.000000    -2.978135     0.891973 
59326.379044 0.000000 0.000000    -2.983942     0.883056 
59326.433862 0.000000 0.000000    -2.988785     0.874181 
59326.488681 0.000000 0.000000    -2.992630     0.865357 
59326.543499 0.000000 0.000000    -2.995443     0.856592 
59326.598317 0.000000 0.000000    -2.997193     0.847898 
59326.653136 0.000000 0.000000    -2.997848     0.839283 
59326.707954 0.000000 0.000000    -2.997377     0.830759 
59326.762773 0.000000 0.000000    -2.995751     0.822337 
59326.817591 0.000000 0.000000    -2.992939     0.814029 
59326.872410 0.000000 0.000000    -2.988914     0.805847 
59326.927228 0.000000 0.000000    -2.983650     0.797804 
59326.982046 0.000000 0.000000    -2.977119     0.789912 
59327.036865 0.000000 0.000000    -2.969297     0.782185 
59327.091683 0.000000 0.000000    -2.960160     0.774638 
59327.146502 0.000000 0.000000    -2.949687     0.767283 
59327.201320 0.000000 0.000000    -2.937857     0.760134 
59327.256139 0.000000 0.000000    -2.924649     0.753206 
59327.310957 0.000000 0.000000    -2.910046     0.746512 
59327.365775 0.000000 0.000000    -2.894031     0.740065 
59327.420594 0.000000 0.000000    -2.876589     0.733878 
59327.475412 0.000000 0.000000    -2.857707     0.727963 
59327.530231 0.000000 0.000000    -2.837372     0.722331 
59327.585049 0.000000 0.000000    -2.815575     0.716993 
59327.639868 0.000000 0.000000    -2.792307     0.711957 
59327.694686 0.000000 0.000000    -2.767562     0.707231 
59327.749504 0.000000 0.000000    -2.741334     0.702821 
59327.804323 0.000000 0.000000    -2.713620     0.698731 
59327.859141 0.000000 0.000000    -2.684420     0.694964 
59327.913960 0.000000 0.000000    -2.653733     0.691520 
59327.968778 0.000000 0.000000    -2.621562     0.688397 
59328.023597 0.000000 0.000000    -2.587912     0.685592 
59328.078415 0.000000 0.000000    -2.552789     0.683100 
59328.133233 0.000000 0.000000    -2.516200     0.680914 
59328.188052 0.000000 0.000000    -2.478157     0.679023 
59328.242870 0.000000 0.000000    -2.438671     0.677417 
59328.297689 0.000000 0.000000    -2.397756     0.676083 
59328.352507 0.000000 0.000000    -2.355429     0.675008 
59328.407326 0.000000 0.000000    -2.311706     0.674176 
59328.462144 0.000000 0.000000    -2.266608     0.673571 
59328.516962 0.000000 0.000000    -2.220157     0.673175 
59328.571781 0.000000 0.000000    -2.172376     0.672971 
59328.626599 0.000000 0.000000    -2.123291     0.672941 
59328.681418 0.000000 0.000000    -2.072929     0.673066 
59328.736236 0.000000 0.000000    -2.021320     0.673328 
59328.791054 0.000000 0.000000    -1.968493     0.673709 
59328.845873 0.000000 0.000000    -1.914483     0.674190 
59328.900691 0.000000 0.000000    -1.859324     0.674754 
59328.955510 0.000000 0.000000    -1.803052     0.675383 
59329.010328 0.000000 0.000000    -1.745705     0.676061 
59329.065147 0.000000 0.000000    -1.687322     0.676771 
59329.119965 0.000000 0.000000    -1.627945     0.677499 
59329.174783 0.000000 0.000000    -1.567616     0.678229 
59329.229602 0.000000 0.000000    -1.506380     0.678948 
59329.284420 0.000000 0.000000    -1.444282     0.679643 
59329.339239 0.000000 0.000000    -1.381369     0.680300 
59329.394057 0.000000 0.000000    -1.317689     0.680909 
59329.448876 0.000000 0.000000    -1.253292     0.681459 
59329.503694 0.000000 0.000000    -1.188229     0.681940 
59329.558512 0.000000 0.000000    -1.122551     0.682341 
59329.613331 0.000000 0.000000    -1.056311     0.682655 
59329.668149 0.000000 0.000000    -0.989563     0.682874 
59329.722968 0.000000 0.000000    -0.922362     0.682990 
59329.777786 0.000000 0.000000    -0.854763     0.682996 
59329.832605 0.000000 0.000000    -0.786823     0.682887 
59329.887423 0.000000 0.000000    -0.718599     0.682656 
59329.942241 0.000000 0.000000    -0.650148     0.682300 
59329.997060 0.000000 0.000000    -0.581529     0.681812 
59330.051878 0.000000 0.000000    -0.512799     0.681190 
59330.106697 0.000000 0.000000    -0.444019     0.680429 
59330.161515 0.000000 0.000000    -0.375248     0.679527 
59330.216334 0.000000 0.000000    -0.306544     0.678481 
59330.271152 0.000000 0.000000    -0.237968     0.677289 
59330.325970 0.000000 0.000000    -0.169579     0.675948 
59330.380789 0.000000 0.000000    -0.101436     0.674457 
59330.435607 0.000000 0.000000    -0.033600     0.672816 
59330.490426 0.000000 0.000000     0.033872     0.671023 
59330.545244 0.000000 0.000000     0.100919     0.669078 
59330.600063 0.000000 0.000000     0.167483     0.666980 
59330.654881 0.000000 0.000000     0.233506     0.664730 
59330.709699 0.000000 0.000000     0.298932     0.662328 
59330.764518 0.000000 0.000000     0.363702     0.659775 
59330.819336 0.000000 0.000000     0.427761     0.657072 
59330.874155 0.000000 0.000000     0.491053     0.654221 
59330.928973 0.000000 0.000000     0.553523     0.651222 
59330.983792 0.000000 0.000000     0.615119     0.648078 
59331.038610 0.000000 0.000000     0.675788     0.644791 
59331.093428 0.000000 0.000000     0.735477     0.641363 
59331.148247 0.000000 0.000000     0.794138     0.637797 
59331.203065 0.000000 0.000000     0.851720     0.634096 
59331.257884 0.000000 0.000000     0.908176     0.630263 
59331.312702 0.000000 0.000000     0.963460     0.626302 
59331.367521 0.000000 0.000000     1.017526     0.622217 
59331.422339 0.000000 0.000000     1.070332     0.618011 
59331.477157 0.000000 0.000000     1.121835     0.613690 
59331.531976 0.000000 0.000000     1.171994     0.609258 
59331.586794 0.000000 0.000000     1.220772     0.604720 
59331.641613 0.000000 0.000000     1.268131     0.600081 
59331.696431 0.000000 0.000000     1.314037     0.595348 
59331.751250 0.000000 0.000000     1.358455     0.590526 
59331.806068 0.000000 0.000000     1.401354     0.585622 
59331.860886 0.000000 0.000000     1.442705     0.580644 
59331.915705 0.000000 0.000000     1.482480     0.575597 
59331.970523 0.000000 0.000000     1.520654     0.570491 
59332.025342 0.000000 0.000000     1.557202     0.565332 
59332.080160 0.000000 0.000000     1.592102     0.560130 
59332.134979 0.000000 0.000000     1.625336     0.554893 
59332.189797 0.000000 0.000000     1.656886     0.549632 
59332.244615 0.000000 0.000000     1.686736     0.544355 
59332.299434 0.000000 0.000000     1.714873     0.539073 
59332.354252 0.000000 0.000000     1.741285     0.533797 
59332.409071 0.000000 0.000000     1.765963     0.528537 
59332.463889 0.000000 0.000000     1.788902     0.523306 
59332.518708 0.000000 0.000000     1.810094     0.518115 
59332.573526 0.000000 0.000000     1.829539     0.512976 
59332.628344 0.000000 0.000000     1.847235     0.507902 
59332.683163 0.000000 0.000000     1.863183     0.502906 
59332.737981 0.000000 0.000000     1.877388     0.497999 
59332.792800 0.000000 0.000000     1.889856     0.493196 
59332.847618 0.000000 0.000000     1.900593     0.488508 
59332.902437 0.000000 0.000000     1.909610     0.483948 
59332.957255 0.000000 0.000000     1.916919     0.479530 
59333.012073 0.000000 0.000000     1.922534     0.475263 
59333.066892 0.000000 0.000000     1.926471     0.471161 
59333.121710 0.000000 0.000000     1.928747     0.467233 
59333.176529 0.000000 0.000000     1.929383     0.463489 
59333.231347 0.000000 0.000000     1.928400     0.459937 
59333.286166 0.000000 0.000000     1.925821     0.456586 
59333.340984 0.000000 0.000000     1.921673     0.453440 
59333.395802 0.000000 0.000000     1.915982     0.450506 
59333.450621 0.000000 0.000000     1.908776     0.447784 
59333.505439 0.000000 0.000000     1.900088     0.445278 
59333.560258 0.000000 0.000000     1.889947     0.442987 
59333.615076 0.000000 0.000000     1.878389     0.440909 
59333.669895 0.000000 0.000000     1.865448     0.439041 
59333.724713 0.000000 0.000000     1.851161     0.437377 
59333.779531 0.000000 0.000000     1.835567     0.435911 
59333.834350 0.000000 0.000000     1.818703     0.434636 
59333.889168 0.000000 0.000000     1.800611     0.433541 
59333.943987 0.000000 0.000000     1.781333     0.432619 
59333.998805 0.000000 0.000000     1.760912     0.431856 
59334.053624 0.000000 0.000000     1.739391     0.431243 
59334.108442 0.000000 0.000000     1.716816     0.430767 
59334.163260 0.000000 0.000000     1.693232     0.430417 
59334.218079 0.000000 0.000000     1.668687     0.430178 
59334.272897 0.000000 0.000000     1.643227     0.430041 
59334.327716 0.000000 0.000000     1.616902     0.429992 
59334.382534 0.000000 0.000000     1.589761     0.430019 
59334.437353 0.000000 0.000000     1.561852     0.430112 
59334.492171 0.000000 0.000000     1.533226     0.430260 
59334.546989 0.000000 0.000000     1.503933     0.430452 
59334.601808 0.000000 0.000000     1.474025     0.430679 
59334.656626 0.000000 0.000000     1.443553     0.430931 
59334.711445 0.000000 0.000000     1.412568     0.431201 
59334.766263 0.000000 0.000000     1.381121     0.431481 
59334.821082 0.000000 0.000000     1.349265     0.431764 
59334.875900 0.000000 0.000000     1.317050     0.432045 
59334.930718 0.000000 0.000000     1.284530     0.432316 
59334.985537 0.000000 0.000000     1.251754     0.432575 
59335.040355 0.000000 0.000000     1.218775     0.432816 
59335.095174 0.000000 0.000000     1.185644     0.433036 
59335.149992 0.000000 0.000000     1.152411     0.433232 
59335.204811 0.000000 0.000000     1.119128     0.433402 
59335.259629 0.000000 0.000000     1.085842     0.433543 
59335.314447 0.000000 0.000000     1.052605     0.433654 
59335.369266 0.000000 0.000000     1.019465     0.433735 
59335.424084 0.000000 0.000000     0.986470     0.433784 
59335.478903 0.000000 0.000000     0.953668     0.433802 
59335.533721 0.000000 0.000000     0.921105     0.433787 
59335.588540 0.000000 0.000000     0.888828     0.433742 
59335.643358 0.000000 0.000000     0.856881     0.433665 
59335.698176 0.000000 0.000000     0.825309     0.433558 
59335.752995 0.000000 0.000000     0.794154     0.433423 
59335.807813 0.000000 0.000000     0.763460     0.433259 
59335.862632 0.000000 0.000000     0.733268     0.433069 
59335.917450 0.000000 0.000000     0.703616     0.432854 
59335.972268 0.000000 0.000000     0.674545     0.432615 
59336.027087 0.000000 0.000000     0.646092     0.432354 
59336.081905 0.000000 0.000000     0.618294     0.432072 
59336.136724 0.000000 0.000000     0.591185     0.431771 
59336.191542 0.000000 0.000000     0.564801     0.431452 
59336.246361 0.000000 0.000000     0.539173     0.431117 
59336.301179 0.000000 0.000000     0.514332     0.430767 
59336.355997 0.000000 0.000000     0.490310     0.430404 
59336.410816 0.000000 0.000000     0.467134     0.430029 
59336.465634 0.000000 0.000000     0.444832     0.429643 
59336.520453 0.000000 0.000000     0.423429     0.429247 
59336.575271 0.000000 0.000000     0.402950     0.428843 
59336.630090 0.000000 0.000000     0.383416     0.428431 
59336.684908 0.000000 0.000000     0.364850     0.428013 
59336.739726 0.000000 0.000000     0.347272     0.427588 
59336.794545 0.000000 0.000000     0.330699     0.427158 
59336.849363 0.000000 0.000000     0.315148     0.426724 
59336.904182 0.000000 0.000000     0.300634     0.426286 
59336.959000 0.000000 0.000000     0.287171     0.425844 
59337.013819 0.000000 0.000000     0.274772     0.425399 
59337.068637 0.000000 0.000000     0.263446     0.424951 
59337.123455 0.000000 0.000000     0.253203     0.424501 
59337.178274 0.000000 0.000000     0.244050     0.424049 
59337.233092 0.000000 0.000000     0.235994     0.423595 
59337.287911 0.000000 0.000000     0.229039     0.423140 
59337.342729 0.000000 0.000000     0.223187     0.422684 
59337.397548 0.000000 0.000000     0.218442     0.422227 
59337.452366 0.000000 0.000000     0.214801     0.421771 
59337.507184 0.000000 0.000000     0.212265     0.421315 
59337.562003 0.000000 0.000000     0.210830     0.420860 
59337.616821 0.000000 0.000000     0.210493     0.420407 
59337.671640 0.000000 0.000000     0.211247     0.419956 
59337.726458 0.000000 0.000000     0.213085     0.419510 
59337.781277 0.000000 0.000000     0.216000     0.419068 
59337.836095 0.000000 0.000000     0.219981     0.418632 
59337.890913 0.000000 0.000000     0.225017     0.418203 
59337.945732 0.000000 0.000000     0.231097     0.417783 
59338.000550 0.000000 0.000000     0.238206     0.417374 
59338.055369 0.000000 0.000000     0.246331     0.416976 
59338.110187 0.000000 0.000000     0.255454     0.416593 
59338.165006 0.000000 0.000000     0.265560     0.416226 
59338.219824 0.000000 0.000000     0.276630     0.415877 
59338.274642 0.000000 0.000000     0.288644     0.415548 
59338.329461 0.000000 0.000000     0.301583     0.415242 
59338.384279 0.000000 0.000000     0.315425     0.414962 
59338.439098 0.000000 0.000000     0.330148     0.414709 
59338.493916 0.000000 0.000000     0.345728     0.414487 
59338.548735 0.000000 0.000000     0.362142     0.414298 
59338.603553 0.000000 0.000000     0.379365     0.414144 
59338.658371 0.000000 0.000000     0.397370     0.414028 
59338.713190 0.000000 0.000000     0.416132     0.413952 
59338.768008 0.000000 0.000000     0.435623     0.413920 
59338.822827 0.000000 0.000000     0.455814     0.413933 
59338.877645 0.000000 0.000000     0.476678     0.413993 
59338.932464 0.000000 0.000000     0.498185     0.414102 
59338.987282 0.000000 0.000000     0.520305     0.414263 
59339.042100 0.000000 0.000000     0.543008     0.414477 
59339.096919 0.000000 0.000000     0.566263     0.414744 
59339.151737 0.000000 0.000000     0.590038     0.415067 
59339.206556 0.000000 0.000000     0.614302     0.415445 
59339.261374 0.000000 0.000000     0.639023     0.415880 
59339.316193 0.000000 0.000000     0.664168     0.416372 
59339.371011 0.000000 0.000000     0.689704     0.416919 
59339.425829 0.000000 0.000000     0.715599     0.417523 
59339.480648 0.000000 0.000000     0.741820     0.418181 
59339.535466 0.000000 0.000000     0.768332     0.418894 
59339.590285 0.000000 0.000000     0.795104     0.419659 
59339.645103 0.000000 0.000000     0.822100     0.420474 
59339.699922 0.000000 0.000000     0.849289     0.421337 
59339.754740 0.000000 0.000000     0.876635     0.422247 
59339.809558 0.000000 0.000000     0.904106     0.423199 
59339.864377 0.000000 0.000000     0.931669     0.424192 
59339.919195 0.000000 0.000000     0.959289     0.425222 
59339.974014 0.000000 0.000000     0.986935     0.426286 
59340.028832 0.000000 0.000000     1.014572     0.427380 
59340.083651 0.000000 0.000000     1.042169     0.428500 
59340.138469 0.000000 0.000000     1.069693     0.429643 
59340.193287 0.000000 0.000000     1.097111     0.430804 
59340.248106 0.000000 0.000000     1.124393     0.431980 
59340.302924 0.000000 0.000000     1.151506     0.433167 
59340.357743 0.000000 0.000000     1.178421     0.434360 
59340.412561 0.000000 0.000000     1.205105     0.435555 
59340.467380 0.000000 0.000000     1.231529     0.436748 
59340.522198 0.000000 0.000000     1.257665     0.437936 
59340.577016 0.000000 0.000000     1.283481     0.439114 
59340.631835 0.000000 0.000000     1.308951     0.440278 
59340.686653 0.000000 0.000000     1.334047     0.441425 
59340.741472 0.000000 0.000000     1.358741     0.442550 
59340.796290 0.000000 0.000000     1.383006     0.443651 
59340.851109 0.000000 0.000000     1.406817     0.444724 
59340.905927 0.000000 0.000000     1.430149     0.445766 
59340.960745 0.000000 0.000000     1.452977     0.446774 
59341.015564 0.000000 0.000000     1.475278     0.447744 
59341.070382 0.000000 0.000000     1.497029     0.448674 
59341.125201 0.000000 0.000000     1.518207     0.449561 
59341.180019 0.000000 0.000000     1.538792     0.450404 
59341.234838 0.000000 0.000000     1.558763     0.451199 
59341.289656 0.000000 0.000000     1.578100     0.451945 
59341.344474 0.000000 0.000000     1.596785     0.452640 
59341.399293 0.000000 0.000000     1.614799     0.453282 
59341.454111 0.000000 0.000000     1.632127     0.453871 
59341.508930 0.000000 0.000000     1.648753     0.454404 
59341.563748 0.000000 0.000000     1.664660     0.454881 
59341.618567 0.000000 0.000000     1.679836     0.455301 
59341.673385 0.000000 0.000000     1.694266     0.455663 
59341.728203 0.000000 0.000000     1.707940     0.455967 
59341.783022 0.000000 0.000000     1.720846     0.456213 
59341.837840 0.000000 0.000000     1.732973     0.456400 
59341.892659 0.000000 0.000000     1.744313     0.456529 
59341.947477 0.000000 0.000000     1.754857     0.456600 
59342.002296 0.000000 0.000000     1.764599     0.456614 
59342.057114 0.000000 0.000000     1.773532     0.456571 
59342.111932 0.000000 0.000000     1.781652     0.456473 
59342.166751 0.000000 0.000000     1.788953     0.456320 
59342.221569 0.000000 0.000000     1.795434     0.456114 
59342.276388 0.000000 0.000000     1.801092     0.455856 
59342.331206 0.000000 0.000000     1.805926     0.455548 
59342.386025 0.000000 0.000000     1.809937     0.455191 
59342.440843 0.000000 0.000000     1.813124     0.454789 
59342.495661 0.000000 0.000000     1.815491     0.454342 
59342.550480 0.000000 0.000000     1.817040     0.453854 
59342.605298 0.000000 0.000000     1.817776     0.453327 
59342.660117 0.000000 0.000000     1.817703     0.452763 
59342.714935 0.000000 0.000000     1.816827     0.452166 
59342.769753 0.000000 0.000000     1.815156     0.451538 
59342.824572 0.000000 0.000000     1.812696     0.450882 
59342.879390 0.000000 0.000000     1.809458     0.450203 
59342.934209 0.000000 0.000000     1.805451     0.449502 
59342.989027 0.000000 0.000000     1.800684     0.448785 
59343.043846 0.000000 0.000000     1.795171     0.448054 
59343.098664 0.000000 0.000000     1.788923     0.447313 
59343.153482 0.000000 0.000000     1.781954     0.446566 
59343.208301 0.000000 0.000000     1.774277     0.445816 
59343.263119 0.000000 0.000000     1.765908     0.445069 
59343.317938 0.000000 0.000000     1.756861     0.444328 
59343.372756 0.000000 0.000000     1.747155     0.443596 
59343.427575 0.000000 0.000000     1.736805     0.442878 
59343.482393 0.000000 0.000000     1.725829     0.442178 
59343.537211 0.000000 0.000000     1.714247     0.441499 
59343.592030 0.000000 0.000000     1.702077     0.440847 
59343.646848 0.000000 0.000000     1.689339     0.440223 
59343.701667 0.000000 0.000000     1.676054     0.439633 
59343.756485 0.000000 0.000000     1.662242     0.439079 
59343.811304 0.000000 0.000000     1.647925     0.438565 
59343.866122 0.000000 0.000000     1.633125     0.438095 
59343.920940 0.000000 0.000000     1.617865     0.437670 
59343.975759 0.000000 0.000000     1.602167     0.437295 
59344.030577 0.000000 0.000000     1.586055     0.436970 
59344.085396 0.000000 0.000000     1.569552     0.436699 
59344.140214 0.000000 0.000000     1.552683     0.436484 
59344.195033 0.000000 0.000000     1.535472     0.436325 
59344.249851 0.000000 0.000000     1.517943     0.436224 
59344.304669 0.000000 0.000000     1.500122     0.436183 
59344.359488 0.000000 0.000000     1.482032     0.436201 
59344.414306 0.000000 0.000000     1.463700     0.436278 
59344.469125 0.000000 0.000000     1.445151     0.436415 
59344.523943 0.000000 0.000000     1.426410     0.436611 
59344.578762 0.000000 0.000000     1.407501     0.436865 
59344.633580 0.000000 0.000000     1.388452     0.437176 
59344.688398 0.000000 0.000000     1.369286     0.437541 
59344.743217 0.000000 0.000000     1.350030     0.437960 
59344.798035 0.000000 0.000000     1.330707     0.438430 
59344.852854 0.000000 0.000000     1.311344     0.438949 
59344.907672 0.000000 0.000000     1.291964     0.439512 
59344.962491 0.000000 0.000000     1.272593     0.440119 
59345.017309 0.000000 0.000000     1.253254     0.440765 
59345.072127 0.000000 0.000000     1.233972     0.441446 
59345.126946 0.000000 0.000000     1.214769     0.442160 
59345.181764 0.000000 0.000000     1.195670     0.442902 
59345.236583 0.000000 0.000000     1.176696     0.443668 
59345.291401 0.000000 0.000000     1.157870     0.444456 
59345.346220 0.000000 0.000000     1.139213     0.445259 
59345.401038 0.000000 0.000000     1.120747     0.446075 
59345.455856 0.000000 0.000000     1.102493     0.446900 
59345.510675 0.000000 0.000000     1.084470     0.447728 
59345.565493 0.000000 0.000000     1.066698     0.448557 
59345.620312 0.000000 0.000000     1.049195     0.449382 
59345.675130 0.000000 0.000000     1.031980     0.450199 
59345.729949 0.000000 0.000000     1.015070     0.451004 
59345.784767 0.000000 0.000000     0.998481     0.451794 
59345.839585 0.000000 0.000000     0.982229     0.452565 
59345.894404 0.000000 0.000000     0.966329     0.453313 
59345.949222 0.000000 0.000000     0.950795     0.454036 
59346.004041 0.000000 0.000000     0.935640     0.454729 
59346.058859 0.000000 0.000000     0.920878     0.455391 
59346.113678 0.000000 0.000000     0.906518     0.456017 
59346.168496 0.000000 0.000000     0.892572     0.456606 
59346.223314 0.000000 0.000000     0.879050     0.457155 
59346.278133 0.000000 0.000000     0.865960     0.457662 
59346.332951 0.000000 0.000000     0.853309     0.458124 
59346.387770 0.000000 0.000000     0.841105     0.458540 
59346.442588 0.000000 0.000000     0.829354     0.458909 
59346.497407 0.000000 0.000000     0.818060     0.459229 
59346.552225 0.000000 0.000000     0.807227     0.459498 
59346.607043 0.000000 0.000000     0.796858     0.459716 
59346.661862 0.000000 0.000000     0.786954     0.459882 
59346.716680 0.000000 0.000000     0.777517     0.459996 
59346.771499 0.000000 0.000000     0.768546     0.460058 
59346.826317 0.000000 0.000000     0.760040     0.460067 
59346.881136 0.000000 0.000000     0.751996     0.460024 
59346.935954 0.000000 0.000000     0.744413     0.459929 
59346.990772 0.000000 0.000000     0.737284     0.459784 
59347.045591 0.000000 0.000000     0.730607     0.459588 
59347.100409 0.000000 0.000000     0.724373     0.459344 
59347.155228 0.000000 0.000000     0.718577     0.459053 
59347.210046 0.000000 0.000000     0.713210     0.458716 
59347.264865 0.000000 0.000000     0.708263     0.458336 
59347.319683 0.000000 0.000000     0.703728     0.457914 
59347.374501 0.000000 0.000000     0.699592     0.457454 
59347.429320 0.000000 0.000000     0.695846     0.456957 
59347.484138 0.000000 0.000000     0.692476     0.456426 
59347.538957 0.000000 0.000000     0.689469     0.455866 
59347.593775 0.000000 0.000000     0.686813     0.455277 
59347.648594 0.000000 0.000000     0.684491     0.454665 
59347.703412 0.000000 0.000000     0.682490     0.454033 
59347.758230 0.000000 0.000000     0.680794     0.453383 
59347.813049 0.000000 0.000000     0.679385     0.452721 
59347.867867 0.000000 0.000000     0.678248     0.452050 
59347.922686 0.000000 0.000000     0.677363     0.451374 
59347.977504 0.000000 0.000000     0.676715     0.450697 
59348.032323 0.000000 0.000000     0.676283     0.450024 
59348.087141 0.000000 0.000000     0.676050     0.449357 
59348.141959 0.000000 0.000000     0.675995     0.448703 
59348.196778 0.000000 0.000000     0.676099     0.448063 
59348.251596 0.000000 0.000000     0.676343     0.447444 
59348.306415 0.000000 0.000000     0.676707     0.446847 
59348.361233 0.000000 0.000000     0.677169     0.446278 
59348.416052 0.000000 0.000000     0.677710     0.445740 
59348.470870 0.000000 0.000000     0.678309     0.445236 
59348.525688 0.000000 0.000000     0.678946     0.444770 
59348.580507 0.000000 0.000000     0.679600     0.444343 
59348.635325 0.000000 0.000000     0.680251     0.443960 
59348.690144 0.000000 0.000000     0.680878     0.443622 
59348.744962 0.000000 0.000000     0.681462     0.443331 
59348.799781 0.000000 0.000000     0.681982     0.443088 
59348.854599 0.000000 0.000000     0.682419     0.442896 
59348.909417 0.000000 0.000000     0.682754     0.442755 
59348.964236 0.000000 0.000000     0.682968     0.442665 
59349.019054 0.000000 0.000000     0.683041     0.442626 
59349.073873 0.000000 0.000000     0.682957     0.442639 
59349.128691 0.000000 0.000000     0.682697     0.442701 
59349.183510 0.000000 0.000000     0.682245     0.442814 
59349.238328 0.000000 0.000000     0.681585     0.442974 
59349.293146 0.000000 0.000000     0.680700     0.443180 
59349.347965 0.000000 0.000000     0.679577     0.443430 
59349.402783 0.000000 0.000000     0.678200     0.443721 
59349.457602 0.000000 0.000000     0.676557     0.444051 
59349.512420 0.000000 0.000000     0.674635     0.444417 
59349.567239 0.000000 0.000000     0.672422     0.444815 
59349.622057 0.000000 0.000000     0.669908     0.445243 
59349.676875 0.000000 0.000000     0.667083     0.445696 
59349.731694 0.000000 0.000000     0.663939     0.446170 
59349.786512 0.000000 0.000000     0.660467     0.446663 
59349.841331 0.000000 0.000000     0.656662     0.447171 
59349.896149 0.000000 0.000000     0.652517     0.447688 
59349.950967 0.000000 0.000000     0.648029     0.448213 
59350.005786 0.000000 0.000000     0.643193     0.448740 
59350.060604 0.000000 0.000000     0.638009     0.449266 
59350.115423 0.000000 0.000000     0.632475     0.449787 
59350.170241 0.000000 0.000000     0.626592     0.450300 
59350.225060 0.000000 0.000000     0.620361     0.450802 
59350.279878 0.000000 0.000000     0.613786     0.451288 
59350.334696 0.000000 0.000000     0.606869     0.451757 
59350.389515 0.000000 0.000000     0.599618     0.452205 
59350.444333 0.000000 0.000000     0.592037     0.452629 
59350.499152 0.000000 0.000000     0.584137     0.453027 
59350.553970 0.000000 0.000000     0.575925     0.453397 
59350.608789 0.000000 0.000000     0.567412     0.453736 
59350.663607 0.000000 0.000000     0.558610     0.454043 
59350.718425 0.000000 0.000000     0.549532     0.454316 
59350.773244 0.000000 0.000000     0.540192     0.454554 
59350.828062 0.000000 0.000000     0.530607     0.454756 
59350.882881 0.000000 0.000000     0.520793     0.454922 
59350.937699 0.000000 0.000000     0.510767     0.455050 
59350.992518 0.000000 0.000000     0.500550     0.455140 
59351.047336 0.000000 0.000000     0.490161     0.455192 
59351.102154 0.000000 0.000000     0.479623     0.455208 
59351.156973 0.000000 0.000000     0.468957     0.455186 
59351.211791 0.000000 0.000000     0.458189     0.455128 
59351.266610 0.000000 0.000000     0.447342     0.455035 
59351.321428 0.000000 0.000000     0.436442     0.454909 
59351.376247 0.000000 0.000000     0.425517     0.454750 
59351.431065 0.000000 0.000000     0.414593     0.454560 
59351.485883 0.000000 0.000000     0.403701     0.454341 
59351.540702 0.000000 0.000000     0.392869     0.454096 
59351.595520 0.000000 0.000000     0.382128     0.453827 
59351.650339 0.000000 0.000000     0.371508     0.453535 
59351.705157 0.000000 0.000000     0.361042     0.453225 
59351.759976 0.000000 0.000000     0.350762     0.452897 
59351.814794 0.000000 0.000000     0.340702     0.452557 
59351.869612 0.000000 0.000000     0.330893     0.452205 
59351.924431 0.000000 0.000000     0.321372     0.451846 
59351.979249 0.000000 0.000000     0.312172     0.451483 
59352.034068 0.000000 0.000000     0.303327     0.451119 
59352.088886 0.000000 0.000000     0.294874     0.450757 
59352.143705 0.000000 0.000000     0.286847     0.450401 
59352.198523 0.000000 0.000000     0.279281     0.450054 
59352.253341 0.000000 0.000000     0.272213     0.449718 
59352.308160 0.000000 0.000000     0.265678     0.449398 
59352.362978 0.000000 0.000000     0.259712     0.449096 
59352.417797 0.000000 0.000000     0.254349     0.448816 
59352.472615 0.000000 0.000000     0.249624     0.448560 
59352.527434 0.000000 0.000000     0.245574     0.448330 
59352.582252 0.000000 0.000000     0.242232     0.448130 
59352.637070 0.000000 0.000000     0.239632     0.447962 
59352.691889 0.000000 0.000000     0.237809     0.447827 
59352.746707 0.000000 0.000000     0.236795     0.447728 
59352.801526 0.000000 0.000000     0.236622     0.447667 
59352.856344 0.000000 0.000000     0.237323     0.447644 
59352.911163 0.000000 0.000000     0.238929     0.447661 
59352.965981 0.000000 0.000000     0.241469     0.447719 
59353.020799 0.000000 0.000000     0.244974     0.447819 
59353.075618 0.000000 0.000000     0.249471     0.447959 
59353.130436 0.000000 0.000000     0.254987     0.448142 
59353.185255 0.000000 0.000000     0.261550     0.448366 
59353.240073 0.000000 0.000000     0.269183     0.448631 
59353.294892 0.000000 0.000000     0.277911     0.448935 
59353.349710 0.000000 0.000000     0.287756     0.449279 
59353.404528 0.000000 0.000000     0.298740     0.449661 
59353.459347 0.000000 0.000000     0.310882     0.450079 
59353.514165 0.000000 0.000000     0.324200     0.450531 
59353.568984 0.000000 0.000000     0.338713     0.451016 
59353.623802 0.000000 0.000000     0.354433     0.451532 
59353.678621 0.000000 0.000000     0.371376     0.452077 
59353.733439 0.000000 0.000000     0.389554     0.452648 
59353.788257 0.000000 0.000000     0.408977     0.453243 
59353.843076 0.000000 0.000000     0.429652     0.453859 
59353.897894 0.000000 0.000000     0.451589     0.454494 
59353.952713 0.000000 0.000000     0.474790     0.455146 
59354.007531 0.000000 0.000000     0.499260     0.455812 
59354.062350 0.000000 0.000000     0.525000     0.456489 
59354.117168 0.000000 0.000000     0.552009     0.457176 
59354.171986 0.000000 0.000000     0.580285     0.457868 
59354.226805 0.000000 0.000000     0.609824     0.458565 
59354.281623 0.000000 0.000000     0.640619     0.459264 
59354.336442 0.000000 0.000000     0.672662     0.459962 
59354.391260 0.000000 0.000000     0.705943     0.460658 
59354.446079 0.000000 0.000000     0.740449     0.461350 
59354.500897 0.000000 0.000000     0.776167     0.462035 
59354.555715 0.000000 0.000000     0.813081     0.462712 
59354.610534 0.000000 0.000000     0.851172     0.463380 
59354.665352 0.000000 0.000000     0.890419     0.464037 
59354.720171 0.000000 0.000000     0.930803     0.464682 
59354.774989 0.000000 0.000000     0.972297     0.465313 
59354.829808 0.000000 0.000000     1.014877     0.465930 
59354.884626 0.000000 0.000000     1.058515     0.466532 
59354.939444 0.000000 0.000000     1.103181     0.467118 
59354.994263 0.000000 0.000000     1.148845     0.467688 
59355.049081 0.000000 0.000000     1.195471     0.468242 
59355.103900 0.000000 0.000000     1.243027     0.468780 
59355.158718 0.000000 0.000000     1.291474     0.469300 
59355.213537 0.000000 0.000000     1.340775     0.469805 
59355.268355 0.000000 0.000000     1.390890     0.470293 
59355.323173 0.000000 0.000000     1.441776     0.470766 
59355.377992 0.000000 0.000000     1.493391     0.471223 
59355.432810 0.000000 0.000000     1.545691     0.471666 
59355.487629 0.000000 0.000000     1.598628     0.472096 
59355.542447 0.000000 0.000000     1.652156     0.472513 
59355.597266 0.000000 0.000000     1.706225     0.472918 
59355.652084 0.000000 0.000000     1.760787     0.473313 
59355.706902 0.000000 0.000000     1.815788     0.473697 
59355.761721 0.000000 0.000000     1.871178     0.474074 
59355.816539 0.000000 0.000000     1.926903     0.474444 
59355.871358 0.000000 0.000000     1.982908     0.474807 
59355.926176 0.000000 0.000000     2.039139     0.475167 
59355.980995 0.000000 0.000000     2.095539     0.475522 
59356.035813 0.000000 0.000000     2.152051     0.475876 
59356.090631 0.000000 0.000000     2.208618     0.476230 
59356.145450 0.000000 0.000000     2.265182     0.476583 
59356.200268 0.000000 0.000000     2.321684     0.476939 
59356.255087 0.000000 0.000000     2.378066     0.477297 
59356.309905 0.000000 0.000000     2.434268     0.477659 
59356.364724 0.000000 0.000000     2.490231     0.478026 
59356.419542 0.000000 0.000000     2.545894     0.478398 
59356.474360 0.000000 0.000000     2.601200     0.478777 
59356.529179 0.000000 0.000000     2.656087     0.479163 
59356.583997 0.000000 0.000000     2.710495     0.479556 
59356.638816 0.000000 0.000000     2.764367     0.479958 
59356.693634 0.000000 0.000000     2.817642     0.480368 
59356.748452 0.000000 0.000000     2.870262     0.480786 
59356.803271 0.000000 0.000000     2.922168     0.481213 
59356.858089 0.000000 0.000000     2.973303     0.481648 
59356.912908 0.000000 0.000000     3.023609     0.482092 
59356.967726 0.000000 0.000000     3.073030     0.482543 
59357.022545 0.000000 0.000000     3.121511     0.483002 
59357.077363 0.000000 0.000000     3.168997     0.483467 
59357.132181 0.000000 0.000000     3.215433     0.483938 
59357.187000 0.000000 0.000000     3.260767     0.484415 
59357.241818 0.000000 0.000000     3.304948     0.484897 
59357.296637 0.000000 0.000000     3.347925     0.485383 
59357.351455 0.000000 0.000000     3.389648     0.485871 
59357.406274 0.000000 0.000000     3.430070     0.486362 
59357.461092 0.000000 0.000000     3.469144     0.486854 
59357.515910 0.000000 0.000000     3.506825     0.487346 
59357.570729 0.000000 0.000000     3.543071     0.487839 
59357.625547 0.000000 0.000000     3.577838     0.488331 
59357.680366 0.000000 0.000000     3.611087     0.488822 
59357.735184 0.000000 0.000000     3.642779     0.489311 
59357.790003 0.000000 0.000000     3.672878     0.489800 
59357.844821 0.000000 0.000000     3.701349     0.490288 
59357.899639 0.000000 0.000000     3.728158     0.490775 
59357.954458 0.000000 0.000000     3.753275     0.491264 
59358.009276 0.000000 0.000000     3.776671     0.491754 
59358.064095 0.000000 0.000000     3.798319     0.492248 
59358.118913 0.000000 0.000000     3.818194     0.492747 
59358.173732 0.000000 0.000000     3.836273     0.493256 
59358.228550 0.000000 0.000000     3.852534     0.493776 
59358.283368 0.000000 0.000000     3.866961     0.494313 
59358.338187 0.000000 0.000000     3.879535     0.494869 
59358.393005 0.000000 0.000000     3.890244     0.495452 
59358.447824 0.000000 0.000000     3.899075     0.496066 
59358.502642 0.000000 0.000000     3.906018     0.496718 
59358.557461 0.000000 0.000000     3.911065     0.497416 
59358.612279 0.000000 0.000000     3.914213     0.498168 
59358.667097 0.000000 0.000000     3.915457     0.498983 
59358.721916 0.000000 0.000000     3.914797     0.499871 
59358.776734 0.000000 0.000000     3.912234     0.500842 
59358.831553 0.000000 0.000000     3.907773     0.501909 
59358.886371 0.000000 0.000000     3.901419     0.503082 
59358.941190 0.000000 0.000000     3.893180     0.504376 
59358.996008 0.000000 0.000000     3.883068     0.505803 
59359.050826 0.000000 0.000000     3.871094     0.507376 
59359.105645 0.000000 0.000000     3.857274     0.509111 
59359.160463 0.000000 0.000000     3.841625     0.511021 
59359.215282 0.000000 0.000000     3.824166     0.513122 
59359.270100 0.000000 0.000000     3.804918     0.515426 
59359.324919 0.000000 0.000000     3.783905     0.517950 
59359.379737 0.000000 0.000000     3.761151     0.520705 
59359.434555 0.000000 0.000000     3.736684     0.523705 
59359.489374 0.000000 0.000000     3.710535     0.526961 
59359.544192 0.000000 0.000000     3.682732     0.530486 
59359.599011 0.000000 0.000000     3.653311     0.534289 
59359.653829 0.000000 0.000000     3.622305     0.538377 
59359.708648 0.000000 0.000000     3.589751     0.542759 
59359.763466 0.000000 0.000000     3.555687     0.547439 
59359.818284 0.000000 0.000000     3.520154     0.552421 
59359.873103 0.000000 0.000000     3.483193     0.557707 
59359.927921 0.000000 0.000000     3.444846     0.563297 
59359.982740 0.000000 0.000000     3.405158     0.569191 
59360.037558 0.000000 0.000000     3.364176     0.575384 
59360.092377 0.000000 0.000000     3.321946     0.581873 
59360.147195 0.000000 0.000000     3.278516     0.588652 
59360.202013 0.000000 0.000000     3.233937     0.595713 
59360.256832 0.000000 0.000000     3.188258     0.603049 
59360.311650 0.000000 0.000000     3.141533     0.610651 
59360.366469 0.000000 0.000000     3.093812     0.618507 
59360.421287 0.000000 0.000000     3.045151     0.626609 
59360.476106 0.000000 0.000000     2.995603     0.634944 
59360.530924 0.000000 0.000000     2.945224     0.643501 
59360.585742 0.000000 0.000000     2.894070     0.652268 
59360.640561 0.000000 0.000000     2.842196     0.661233 
59360.695379 0.000000 0.000000     2.789661     0.670385 
59360.750198 0.000000 0.000000     2.736521     0.679711 
59360.805016 0.000000 0.000000     2.682834     0.689199 
59360.859835 0.000000 0.000000     2.628658     0.698838 
59360.914653 0.000000 0.000000     2.574053     0.708616 
59360.969471 0.000000 0.000000     2.519075     0.718522 
59361.024290 0.000000 0.000000     2.463783     0.728546 
59361.079108 0.000000 0.000000     2.408237     0.738676 
59361.133927 0.000000 0.000000     2.352494     0.748903 
59361.188745 0.000000 0.000000     2.296612     0.759217 
59361.243564 0.000000 0.000000     2.240651     0.769608 
59361.298382 0.000000 0.000000     2.184666     0.780067 
59361.353200 0.000000 0.000000     2.128717     0.790585 
59361.408019 0.000000 0.000000     2.072859     0.801155 
59361.462837 0.000000 0.000000     2.017149     0.811768 
59361.517656 0.000000 0.000000     1.961642     0.822416 
59361.572474 0.000000 0.000000     1.906395     0.833093 
59361.627293 0.000000 0.000000     1.851461     0.843790 
59361.682111 0.000000 0.000000     1.796894     0.854503 
59361.736929 0.000000 0.000000     1.742748     0.865223 
59361.791748 0.000000 0.000000     1.689072     0.875946 
59361.846566 0.000000 0.000000     1.635920     0.886665 
59361.901385 0.000000 0.000000     1.583341     0.897375 
59361.956203 0.000000 0.000000     1.531384     0.908071 
59362.011022 0.000000 0.000000     1.480096     0.918747 
59362.065840 0.000000 0.000000     1.429524     0.929400 
59362.120658 0.000000 0.000000     1.379715     0.940024 
59362.175477 0.000000 0.000000     1.330712     0.950615 
59362.230295 0.000000 0.000000     1.282557     0.961169 
59362.285114 0.000000 0.000000     1.235293     0.971682 
59362.339932 0.000000 0.000000     1.188961     0.982151 
59362.394751 0.000000 0.000000     1.143597     0.992572 
59362.449569 0.000000 0.000000     1.099241     1.002941 
59362.504387 0.000000 0.000000     1.055928     1.013256 
59362.559206 0.000000 0.000000     1.013693     1.023514 
59362.614024 0.000000 0.000000     0.972568     1.033711 
59362.668843 0.000000 0.000000     0.932584     1.043846 
59362.723661 0.000000 0.000000     0.893772     1.053914 
59362.778480 0.000000 0.000000     0.856160     1.063916 
59362.833298 0.000000 0.000000     0.819773     1.073846 
59362.888116 0.000000 0.000000     0.784638     1.083705 
59362.942935 0.000000 0.000000     0.750777     1.093490 
59362.997753 0.000000 0.000000     0.718212     1.103198 
59363.052572 0.000000 0.000000     0.686963     1.112829 
59363.107390 0.000000 0.000000     0.657049     1.122380 
59363.162209 0.000000 0.000000     0.628485     1.131850 
59363.217027 0.000000 0.000000     0.601287     1.141238 
59363.271845 0.000000 0.000000     0.575468     1.150542 
59363.326664 0.000000 0.000000     0.551040     1.159761 
59363.381482 0.000000 0.000000     0.528012     1.168895 
59363.436301 0.000000 0.000000     0.506393     1.177941 
59363.491119 0.000000 0.000000     0.486191     1.186899 
59363.545938 0.000000 0.000000     0.467408     1.195769 
59363.600756 0.000000 0.000000     0.450050     1.204549 
59363.655574 0.000000 0.000000     0.434118     1.213239 
59363.710393 0.000000 0.000000     0.419611     1.221838 
59363.765211 0.000000 0.000000     0.406530     1.230345 
59363.820030 0.000000 0.000000     0.394870     1.238761 
59363.874848 0.000000 0.000000     0.384627     1.247085 
59363.929666 0.000000 0.000000     0.375795     1.255317 
59363.984485 0.000000 0.000000     0.368367     1.263455 
59364.039303 0.000000 0.000000     0.362334     1.271501 
59364.094122 0.000000 0.000000     0.357685     1.279455 
59364.148940 0.000000 0.000000     0.354410     1.287315 
59364.203759 0.000000 0.000000     0.352493     1.295082 
59364.258577 0.000000 0.000000     0.351922     1.302756 
59364.313395 0.000000 0.000000     0.352681     1.310337 
59364.368214 0.000000 0.000000     0.354752     1.317826 
59364.423032 0.000000 0.000000     0.358116     1.325222 
59364.477851 0.000000 0.000000     0.362756     1.332526 
59364.532669 0.000000 0.000000     0.368650     1.339738 
59364.587488 0.000000 0.000000     0.375776     1.346858 
59364.642306 0.000000 0.000000     0.384111     1.353887 
59364.697124 0.000000 0.000000     0.393632     1.360825 
59364.751943 0.000000 0.000000     0.404314     1.367672 
59364.806761 0.000000 0.000000     0.416131     1.374430 
59364.861580 0.000000 0.000000     0.429056     1.381098 
59364.916398 0.000000 0.000000     0.443062     1.387676 
59364.971217 0.000000 0.000000     0.458120     1.394166 
59365.026035 0.000000 0.000000     0.474200     1.400568 
59365.080853 0.000000 0.000000     0.491274     1.406883 
59365.135672 0.000000 0.000000     0.509310     1.413111 
59365.190490 0.000000 0.000000     0.528277     1.419252 
59365.245309 0.000000 0.000000     0.548143     1.425307 
59365.300127 0.000000 0.000000     0.568876     1.431278 
59365.354946 0.000000 0.000000     0.590442     1.437164 
59365.409764 0.000000 0.000000     0.612808     1.442966 
59365.464582 0.000000 0.000000     0.635940     1.448685 
59365.519401 0.000000 0.000000     0.659803     1.454321 
59365.574219 0.000000 0.000000     0.684364     1.459875 
59365.629038 0.000000 0.000000     0.709586     1.465349 
59365.683856 0.000000 0.000000     0.735435     1.470741 
59365.738675 0.000000 0.000000     0.761876     1.476054 
59365.793493 0.000000 0.000000     0.788872     1.481287 
59365.848311 0.000000 0.000000     0.816388     1.486441 
59365.903130 0.000000 0.000000     0.844387     1.491518 
59365.957948 0.000000 0.000000     0.872836     1.496517 
59366.012767 0.000000 0.000000     0.901696     1.501439 
59366.067585 0.000000 0.000000     0.930933     1.506286 
59366.122404 0.000000 0.000000     0.960510     1.511057 
59366.177222 0.000000 0.000000     0.990393     1.515753 
59366.232040 0.000000 0.000000     1.020545     1.520375 
59366.286859 0.000000 0.000000     1.050932     1.524923 
59366.341677 0.000000 0.000000     1.081518     1.529399 
59366.396496 0.000000 0.000000     1.112268     1.533802 
59366.451314 0.000000 0.000000     1.143149     1.538133 
59366.506133 0.000000 0.000000     1.174126     1.542393 
59366.560951 0.000000 0.000000     1.205165     1.546582 
59366.615769 0.000000 0.000000     1.236233     1.550702 
59366.670588 0.000000 0.000000     1.267297     1.554751 
59366.725406 0.000000 0.000000     1.298325     1.558732 
59366.780225 0.000000 0.000000     1.329286     1.562645 
59366.835043 0.000000 0.000000     1.360147     1.566489 
59366.889862 0.000000 0.000000     1.390879     1.570267 
59366.944680 0.000000 0.000000     1.421450     1.573977 
59366.999498 0.000000 0.000000     1.451833     1.577621 
59367.054317 0.000000 0.000000     1.481997     1.581199 
59367.109135 0.000000 0.000000     1.511915     1.584712 
59367.163954 0.000000 0.000000     1.541560     1.588160 
59367.218772 0.000000 0.000000     1.570905     1.591543 
59367.273591 0.000000 0.000000     1.599924     1.594863 
59367.328409 0.000000 0.000000     1.628592     1.598119 
59367.383227 0.000000 0.000000     1.656886     1.601312 
59367.438046 0.000000 0.000000     1.684780     1.604443 
59367.492864 0.000000 0.000000     1.712254     1.607511 
59367.547683 0.000000 0.000000     1.739285     1.610518 
59367.602501 0.000000 0.000000     1.765852     1.613463 
59367.657320 0.000000 0.000000     1.791937     1.616348 
59367.712138 0.000000 0.000000     1.817519     1.619172 
59367.766956 0.000000 0.000000     1.842580     1.621936 
59367.821775 0.000000 0.000000     1.867105     1.624640 
59367.876593 0.000000 0.000000     1.891076     1.627286 
59367.931412 0.000000 0.000000     1.914478     1.629872 
59367.986230 0.000000 0.000000     1.937298     1.632400 
59368.041049 0.000000 0.000000     1.959522     1.634870 
59368.095867 0.000000 0.000000     1.981138     1.637282 
59368.150685 0.000000 0.000000     2.002135     1.639637 
59368.205504 0.000000 0.000000     2.022502     1.641936 
59368.260322 0.000000 0.000000     2.042231     1.644177 
59368.315141 0.000000 0.000000     2.061313     1.646363 
59368.369959 0.000000 0.000000     2.079741     1.648493 
59368.424778 0.000000 0.000000     2.097510     1.650567 
59368.479596 0.000000 0.000000     2.114613     1.652587 
59368.534414 0.000000 0.000000     2.131047     1.654551 
59368.589233 0.000000 0.000000     2.146809     1.656462 
59368.644051 0.000000 0.000000     2.161897     1.658319 
59368.698870 0.000000 0.000000     2.176310     1.660122 
59368.753688 0.000000 0.000000     2.190047     1.661872 
59368.808507 0.000000 0.000000     2.203109     1.663569 
59368.863325 0.000000 0.000000     2.215499     1.665214 
59368.918143 0.000000 0.000000     2.227219     1.666807 
59368.972962 0.000000 0.000000     2.238273     1.668349 
59369.027780 0.000000 0.000000     2.248665     1.669839 
59369.082599 0.000000 0.000000     2.258402     1.671278 
59369.137417 0.000000 0.000000     2.267489     1.672666 
59369.192236 0.000000 0.000000     2.275935     1.674004 
59369.247054 0.000000 0.000000     2.283748     1.675293 
59369.301872 0.000000 0.000000     2.290936     1.676532 
59369.356691 0.000000 0.000000     2.297510     1.677722 
59369.411509 0.000000 0.000000     2.303481     1.678863 
59369.466328 0.000000 0.000000     2.308860     1.679956 
59369.521146 0.000000 0.000000     2.313660     1.681001 
59369.575965 0.000000 0.000000     2.317894     1.681999 
59369.630783 0.000000 0.000000     2.321576     1.682949 
59369.685601 0.000000 0.000000     2.324720     1.683852 
59369.740420 0.000000 0.000000     2.327342     1.684709 
59369.795238 0.000000 0.000000     2.329458     1.685520 
59369.850057 0.000000 0.000000     2.331084     1.686285 
59369.904875 0.000000 0.000000     2.332238     1.687005 
59369.959694 0.000000 0.000000     2.332937     1.687679 
59370.014512 0.000000 0.000000     2.333199     1.688310 
59370.069330 0.000000 0.000000     2.333044     1.688895 
59370.124149 0.000000 0.000000     2.332490     1.689437 
59370.178967 0.000000 0.000000     2.331557     1.689936 
59370.233786 0.000000 0.000000     2.330266     1.690391 
59370.288604 0.000000 0.000000     2.328636     1.690804 
59370.343423 0.000000 0.000000     2.326689     1.691174 
59370.398241 0.000000 0.000000     2.324445     1.691502 
59370.453059 0.000000 0.000000     2.321927     1.691789 
59370.507878 0.000000 0.000000     2.319155     1.692034 
59370.562696 0.000000 0.000000     2.316152     1.692238 
59370.617515 0.000000 0.000000     2.312940     1.692402 
59370.672333 0.000000 0.000000     2.309539     1.692525 
59370.727151 0.000000 0.000000     2.305974     1.692609 
59370.781970 0.000000 0.000000     2.302265     1.692653 
59370.836788 0.000000 0.000000     2.298436     1.692658 
59370.891607 0.000000 0.000000     2.294508     1.692624 
59370.946425 0.000000 0.000000     2.290504     1.692551 
59371.001244 0.000000 0.000000     2.286445     1.692440 
59371.056062 0.000000 0.000000     2.282354     1.692292 
59371.110880 0.000000 0.000000     2.278253     1.692106 
59371.165699 0.000000 0.000000     2.274162     1.691883 
59371.220517 0.000000 0.000000     2.270103     1.691623 
59371.275336 0.000000 0.000000     2.266098     1.691327 
59371.330154 0.000000 0.000000     2.262166     1.690994 
59371.384973 0.000000 0.000000     2.258329     1.690626 
59371.439791 0.000000 0.000000     2.254606     1.690222 
59371.494609 0.000000 0.000000     2.251016     1.689783 
59371.549428 0.000000 0.000000     2.247580     1.689309 
59371.604246 0.000000 0.000000     2.244314     1.688800 
59371.659065 0.000000 0.000000     2.241238     1.688257 
59371.713883 0.000000 0.000000     2.238369     1.687681 
59371.768702 0.000000 0.000000     2.235724     1.687070 
59371.823520 0.000000 0.000000     2.233319     1.686426 
59371.878338 0.000000 0.000000     2.231170     1.685750 
59371.933157 0.000000 0.000000     2.229291     1.685040 
59371.987975 0.000000 0.000000     2.227697     1.684298 
59372.042794 0.000000 0.000000     2.226402     1.683524 
59372.097612 0.000000 0.000000     2.225419     1.682718 
59372.152431 0.000000 0.000000     2.224758     1.681880 
59372.207249 0.000000 0.000000     2.224433     1.681011 
59372.262067 0.000000 0.000000     2.224452     1.680111 
59372.316886 0.000000 0.000000     2.224827     1.679181 
59372.371704 0.000000 0.000000     2.225565     1.678220 
59372.426523 0.000000 0.000000     2.226674     1.677228 
59372.481341 0.000000 0.000000     2.228161     1.676208 
59372.536160 0.000000 0.000000     2.230034     1.675157 
59372.590978 0.000000 0.000000     2.232295     1.674078 
59372.645796 0.000000 0.000000     2.234951     1.672969 
59372.700615 0.000000 0.000000     2.238004     1.671832 
59372.755433 0.000000 0.000000     2.241457     1.670667 
59372.810252 0.000000 0.000000     2.245311     1.669474 
59372.865070 0.000000 0.000000     2.249568     1.668253 
59372.919889 0.000000 0.000000     2.254225     1.667005 
59372.974707 0.000000 0.000000     2.259283     1.665730 
59373.029525 0.000000 0.000000     2.264739     1.664428 
59373.084344 0.000000 0.000000     2.270589     1.663100 
59373.139162 0.000000 0.000000     2.276831     1.661746 
59373.193981 0.000000 0.000000     2.283458     1.660366 
59373.248799 0.000000 0.000000     2.290465     1.658962 
59373.303618 0.000000 0.000000     2.297844     1.657532 
59373.358436 0.000000 0.000000     2.305589     1.656078 
59373.413254 0.000000 0.000000     2.313691     1.654600 
59373.468073 0.000000 0.000000     2.322140     1.653099 
59373.522891 0.000000 0.000000     2.330926     1.651574 
59373.577710 0.000000 0.000000     2.340038     1.650026 
59373.632528 0.000000 0.000000     2.349465     1.648456 
59373.687347 0.000000 0.000000     2.359193     1.646864 
59373.742165 0.000000 0.000000     2.369209     1.645251 
59373.796983 0.000000 0.000000     2.379499     1.643616 
59373.851802 0.000000 0.000000     2.390049     1.641962 
59373.906620 0.000000 0.000000     2.400843     1.640287 
59373.961439 0.000000 0.000000     2.411864     1.638592 
59374.016257 0.000000 0.000000     2.423098     1.636878 
59374.071076 0.000000 0.000000     2.434525     1.635146 
59374.125894 0.000000 0.000000    -0.000000     0.115487 
