# time Tc_folded Tref_folded model model_err 
59330.571122 0.000000 0.000000     2.683340     0.714296 
59330.605774 0.000000 0.000000     2.639303     0.709713 
59330.640426 0.000000 0.000000     2.594954     0.705237 
59330.675078 0.000000 0.000000     2.550304     0.700870 
59330.709730 0.000000 0.000000     2.505366     0.696611 
59330.744382 0.000000 0.000000     2.460153     0.692462 
59330.779034 0.000000 0.000000     2.414676     0.688422 
59330.813686 0.000000 0.000000     2.368948     0.684492 
59330.848338 0.000000 0.000000     2.322982     0.680671 
59330.882990 0.000000 0.000000     2.276790     0.676958 
59330.917642 0.000000 0.000000     2.230386     0.673355 
59330.952294 0.000000 0.000000     2.183781     0.669859 
59330.986946 0.000000 0.000000     2.136990     0.666469 
59331.021598 0.000000 0.000000     2.090025     0.663185 
59331.056250 0.000000 0.000000     2.042900     0.660006 
59331.090902 0.000000 0.000000     1.995627     0.656929 
59331.125554 0.000000 0.000000     1.948221     0.653953 
59331.160206 0.000000 0.000000     1.900693     0.651076 
59331.194858 0.000000 0.000000     1.853059     0.648296 
59331.229510 0.000000 0.000000     1.805330     0.645611 
59331.264162 0.000000 0.000000     1.757522     0.643019 
59331.298814 0.000000 0.000000     1.709646     0.640517 
59331.333466 0.000000 0.000000     1.661718     0.638102 
59331.368118 0.000000 0.000000     1.613749     0.635773 
59331.402770 0.000000 0.000000     1.565755     0.633525 
59331.437422 0.000000 0.000000     1.517748     0.631356 
59331.472074 0.000000 0.000000     1.469743     0.629264 
59331.506726 0.000000 0.000000     1.421752     0.627244 
59331.541378 0.000000 0.000000     1.373789     0.625294 
59331.576030 0.000000 0.000000     1.325868     0.623412 
59331.610682 0.000000 0.000000     1.278002     0.621593 
59331.645334 0.000000 0.000000     1.230205     0.619834 
59331.679986 0.000000 0.000000     1.182490     0.618133 
59331.714638 0.000000 0.000000     1.134871     0.616486 
59331.749290 0.000000 0.000000     1.087361     0.614891 
59331.783942 0.000000 0.000000     1.039972     0.613343 
59331.818594 0.000000 0.000000     0.992719     0.611840 
59331.853246 0.000000 0.000000     0.945614     0.610379 
59331.887898 0.000000 0.000000     0.898671     0.608957 
59331.922550 0.000000 0.000000     0.851902     0.607571 
59331.957202 0.000000 0.000000     0.805320     0.606218 
59331.991854 0.000000 0.000000     0.758939     0.604896 
59332.026506 0.000000 0.000000     0.712769     0.603601 
59332.061158 0.000000 0.000000     0.666825     0.602332 
59332.095810 0.000000 0.000000     0.621118     0.601085 
59332.130462 0.000000 0.000000     0.575662     0.599859 
59332.165114 0.000000 0.000000     0.530466     0.598651 
59332.199766 0.000000 0.000000     0.485545     0.597459 
59332.234418 0.000000 0.000000     0.440910     0.596280 
59332.269070 0.000000 0.000000     0.396572     0.595113 
59332.303722 0.000000 0.000000     0.352543     0.593956 
59332.338374 0.000000 0.000000     0.308834     0.592807 
59332.373026 0.000000 0.000000     0.265458     0.591664 
59332.407678 0.000000 0.000000     0.222423     0.590526 
59332.442330 0.000000 0.000000     0.179743     0.589392 
59332.476982 0.000000 0.000000     0.137427     0.588259 
59332.511634 0.000000 0.000000     0.095485     0.587127 
59332.546286 0.000000 0.000000     0.053929     0.585995 
59332.580938 0.000000 0.000000     0.012768     0.584861 
59332.615590 0.000000 0.000000    -0.027988     0.583724 
59332.650242 0.000000 0.000000    -0.068329     0.582584 
59332.684894 0.000000 0.000000    -0.108246     0.581440 
59332.719546 0.000000 0.000000    -0.147728     0.580291 
59332.754198 0.000000 0.000000    -0.186768     0.579136 
59332.788850 0.000000 0.000000    -0.225357     0.577975 
59332.823502 0.000000 0.000000    -0.263485     0.576807 
59332.858154 0.000000 0.000000    -0.301144     0.575633 
59332.892806 0.000000 0.000000    -0.338326     0.574451 
59332.927458 0.000000 0.000000    -0.375024     0.573262 
59332.962110 0.000000 0.000000    -0.411228     0.572065 
59332.996762 0.000000 0.000000    -0.446933     0.570860 
59333.031414 0.000000 0.000000    -0.482131     0.569648 
59333.066066 0.000000 0.000000    -0.516815     0.568428 
59333.100718 0.000000 0.000000    -0.550977     0.567201 
59333.135370 0.000000 0.000000    -0.584613     0.565967 
59333.170022 0.000000 0.000000    -0.617714     0.564725 
59333.204674 0.000000 0.000000    -0.650277     0.563476 
59333.239326 0.000000 0.000000    -0.682294     0.562221 
59333.273978 0.000000 0.000000    -0.713760     0.560960 
59333.308630 0.000000 0.000000    -0.744671     0.559693 
59333.343282 0.000000 0.000000    -0.775022     0.558422 
59333.377934 0.000000 0.000000    -0.804807     0.557145 
59333.412586 0.000000 0.000000    -0.834022     0.555864 
59333.447238 0.000000 0.000000    -0.862664     0.554580 
59333.481890 0.000000 0.000000    -0.890728     0.553293 
59333.516542 0.000000 0.000000    -0.918212     0.552004 
59333.551194 0.000000 0.000000    -0.945111     0.550713 
59333.585846 0.000000 0.000000    -0.971422     0.549421 
59333.620498 0.000000 0.000000    -0.997144     0.548129 
59333.655150 0.000000 0.000000    -1.022274     0.546838 
59333.689802 0.000000 0.000000    -1.046809     0.545547 
59333.724454 0.000000 0.000000    -1.070748     0.544260 
59333.759106 0.000000 0.000000    -1.094088     0.542975 
59333.793758 0.000000 0.000000    -1.116829     0.541693 
59333.828410 0.000000 0.000000    -1.138970     0.540417 
59333.863062 0.000000 0.000000    -1.160510     0.539145 
59333.897714 0.000000 0.000000    -1.181447     0.537880 
59333.932366 0.000000 0.000000    -1.201783     0.536621 
59333.967018 0.000000 0.000000    -1.221517     0.535371 
59334.001670 0.000000 0.000000    -1.240649     0.534129 
59334.036322 0.000000 0.000000    -1.259181     0.532896 
59334.070974 0.000000 0.000000    -1.277112     0.531673 
59334.105626 0.000000 0.000000    -1.294443     0.530461 
59334.140278 0.000000 0.000000    -1.311177     0.529261 
59334.174930 0.000000 0.000000    -1.327315     0.528073 
59334.209582 0.000000 0.000000    -1.342859     0.526899 
59334.244234 0.000000 0.000000    -1.357811     0.525738 
59334.278886 0.000000 0.000000    -1.372172     0.524591 
59334.313538 0.000000 0.000000    -1.385947     0.523460 
59334.348190 0.000000 0.000000    -1.399138     0.522345 
59334.382842 0.000000 0.000000    -1.411747     0.521246 
59334.417494 0.000000 0.000000    -1.423779     0.520164 
59334.452146 0.000000 0.000000    -1.435237     0.519099 
59334.486798 0.000000 0.000000    -1.446125     0.518052 
59334.521450 0.000000 0.000000    -1.456447     0.517024 
59334.556102 0.000000 0.000000    -1.466207     0.516015 
59334.590754 0.000000 0.000000    -1.475410     0.515026 
59334.625406 0.000000 0.000000    -1.484061     0.514056 
59334.660058 0.000000 0.000000    -1.492165     0.513106 
59334.694710 0.000000 0.000000    -1.499726     0.512177 
59334.729362 0.000000 0.000000    -1.506751     0.511268 
59334.764014 0.000000 0.000000    -1.513246     0.510380 
59334.798666 0.000000 0.000000    -1.519215     0.509514 
59334.833318 0.000000 0.000000    -1.524665     0.508669 
59334.867970 0.000000 0.000000    -1.529603     0.507845 
59334.902622 0.000000 0.000000    -1.534035     0.507043 
59334.937274 0.000000 0.000000    -1.537967     0.506262 
59334.971926 0.000000 0.000000    -1.541406     0.505503 
59335.006578 0.000000 0.000000    -1.544360     0.504766 
59335.041230 0.000000 0.000000    -1.546835     0.504050 
59335.075882 0.000000 0.000000    -1.548840     0.503356 
59335.110534 0.000000 0.000000    -1.550381     0.502684 
59335.145186 0.000000 0.000000    -1.551466     0.502032 
59335.179838 0.000000 0.000000    -1.552103     0.501402 
59335.214490 0.000000 0.000000    -1.552301     0.500792 
59335.249142 0.000000 0.000000    -1.552066     0.500204 
59335.283794 0.000000 0.000000    -1.551409     0.499635 
59335.318446 0.000000 0.000000    -1.550336     0.499087 
59335.353098 0.000000 0.000000    -1.548858     0.498559 
59335.387750 0.000000 0.000000    -1.546981     0.498050 
59335.422402 0.000000 0.000000    -1.544716     0.497561 
59335.457054 0.000000 0.000000    -1.542071     0.497090 
59335.491706 0.000000 0.000000    -1.539055     0.496638 
59335.526358 0.000000 0.000000    -1.535678     0.496204 
59335.561010 0.000000 0.000000    -1.531948     0.495788 
59335.595662 0.000000 0.000000    -1.527876     0.495389 
59335.630314 0.000000 0.000000    -1.523470     0.495007 
59335.664966 0.000000 0.000000    -1.518740     0.494641 
59335.699618 0.000000 0.000000    -1.513696     0.494291 
59335.734270 0.000000 0.000000    -1.508347     0.493957 
59335.768922 0.000000 0.000000    -1.502704     0.493638 
59335.803574 0.000000 0.000000    -1.496776     0.493333 
59335.838226 0.000000 0.000000    -1.490572     0.493042 
59335.872878 0.000000 0.000000    -1.484104     0.492765 
59335.907530 0.000000 0.000000    -1.477381     0.492502 
59335.942182 0.000000 0.000000    -1.470412     0.492250 
59335.976834 0.000000 0.000000    -1.463209     0.492011 
59336.011486 0.000000 0.000000    -1.455781     0.491784 
59336.046138 0.000000 0.000000    -1.448138     0.491568 
59336.080790 0.000000 0.000000    -1.440291     0.491363 
59336.115442 0.000000 0.000000    -1.432250     0.491168 
59336.150094 0.000000 0.000000    -1.424025     0.490983 
59336.184746 0.000000 0.000000    -1.415625     0.490807 
59336.219398 0.000000 0.000000    -1.407062     0.490640 
59336.254050 0.000000 0.000000    -1.398346     0.490482 
59336.288702 0.000000 0.000000    -1.389486     0.490332 
59336.323354 0.000000 0.000000    -1.380493     0.490190 
59336.358006 0.000000 0.000000    -1.371378     0.490054 
59336.392658 0.000000 0.000000    -1.362149     0.489926 
59336.427310 0.000000 0.000000    -1.352818     0.489804 
59336.461962 0.000000 0.000000    -1.343394     0.489688 
59336.496614 0.000000 0.000000    -1.333888     0.489578 
59336.531266 0.000000 0.000000    -1.324309     0.489473 
59336.565918 0.000000 0.000000    -1.314667     0.489373 
59336.600570 0.000000 0.000000    -1.304973     0.489277 
59336.635222 0.000000 0.000000    -1.295235     0.489186 
59336.669874 0.000000 0.000000    -1.285465     0.489098 
59336.704526 0.000000 0.000000    -1.275671     0.489014 
59336.739178 0.000000 0.000000    -1.265863     0.488933 
59336.773830 0.000000 0.000000    -1.256050     0.488855 
59336.808482 0.000000 0.000000    -1.246243     0.488780 
59336.843134 0.000000 0.000000    -1.236450     0.488706 
59336.877786 0.000000 0.000000    -1.226682     0.488635 
59336.912438 0.000000 0.000000    -1.216946     0.488566 
59336.947090 0.000000 0.000000    -1.207252     0.488498 
59336.981742 0.000000 0.000000    -1.197609     0.488431 
59337.016394 0.000000 0.000000    -1.188027     0.488365 
59337.051046 0.000000 0.000000    -1.178513     0.488300 
59337.085698 0.000000 0.000000    -1.169077     0.488235 
59337.120350 0.000000 0.000000    -1.159727     0.488170 
59337.155002 0.000000 0.000000    -1.150471     0.488106 
59337.189654 0.000000 0.000000    -1.141318     0.488041 
59337.224306 0.000000 0.000000    -1.132276     0.487976 
59337.258958 0.000000 0.000000    -1.123353     0.487911 
59337.293610 0.000000 0.000000    -1.114557     0.487844 
59337.328262 0.000000 0.000000    -1.105896     0.487777 
59337.362914 0.000000 0.000000    -1.097378     0.487708 
59337.397566 0.000000 0.000000    -1.089009     0.487639 
59337.432218 0.000000 0.000000    -1.080798     0.487568 
59337.466870 0.000000 0.000000    -1.072751     0.487495 
59337.501522 0.000000 0.000000    -1.064876     0.487421 
59337.536174 0.000000 0.000000    -1.057180     0.487345 
59337.570826 0.000000 0.000000    -1.049668     0.487267 
59337.605478 0.000000 0.000000    -1.042349     0.487187 
59337.640130 0.000000 0.000000    -1.035228     0.487105 
59337.674782 0.000000 0.000000    -1.028312     0.487021 
59337.709434 0.000000 0.000000    -1.021606     0.486935 
59337.744086 0.000000 0.000000    -1.015117     0.486846 
59337.778738 0.000000 0.000000    -1.008851     0.486756 
59337.813390 0.000000 0.000000    -1.002813     0.486662 
59337.848042 0.000000 0.000000    -0.997008     0.486566 
59337.882694 0.000000 0.000000    -0.991443     0.486468 
59337.917346 0.000000 0.000000    -0.986121     0.486368 
59337.951998 0.000000 0.000000    -0.981048     0.486265 
59337.986650 0.000000 0.000000    -0.976229     0.486159 
59338.021302 0.000000 0.000000    -0.971668     0.486051 
59338.055954 0.000000 0.000000    -0.967370     0.485941 
59338.090606 0.000000 0.000000    -0.963338     0.485828 
59338.125258 0.000000 0.000000    -0.959578     0.485714 
59338.159910 0.000000 0.000000    -0.956092     0.485597 
59338.194562 0.000000 0.000000    -0.952884     0.485478 
59338.229214 0.000000 0.000000    -0.949958     0.485356 
59338.263866 0.000000 0.000000    -0.947318     0.485233 
59338.298518 0.000000 0.000000    -0.944966     0.485109 
59338.333170 0.000000 0.000000    -0.942904     0.484982 
59338.367822 0.000000 0.000000    -0.941137     0.484854 
59338.402474 0.000000 0.000000    -0.939667     0.484725 
59338.437126 0.000000 0.000000    -0.938495     0.484594 
59338.471778 0.000000 0.000000    -0.937624     0.484463 
59338.506430 0.000000 0.000000    -0.937057     0.484331 
59338.541082 0.000000 0.000000    -0.936794     0.484198 
59338.575734 0.000000 0.000000    -0.936838     0.484065 
59338.610386 0.000000 0.000000    -0.937190     0.483932 
59338.645038 0.000000 0.000000    -0.937851     0.483799 
59338.679690 0.000000 0.000000    -0.938822     0.483666 
59338.714342 0.000000 0.000000    -0.940105     0.483534 
59338.748994 0.000000 0.000000    -0.941699     0.483403 
59338.783646 0.000000 0.000000    -0.943606     0.483274 
59338.818298 0.000000 0.000000    -0.945826     0.483145 
59338.852950 0.000000 0.000000    -0.948359     0.483019 
59338.887602 0.000000 0.000000    -0.951205     0.482895 
59338.922254 0.000000 0.000000    -0.954364     0.482774 
59338.956906 0.000000 0.000000    -0.957836     0.482655 
59338.991558 0.000000 0.000000    -0.961619     0.482540 
59339.026210 0.000000 0.000000    -0.965714     0.482428 
59339.060862 0.000000 0.000000    -0.970119     0.482321 
59339.095514 0.000000 0.000000    -0.974834     0.482218 
59339.130166 0.000000 0.000000    -0.979857     0.482119 
59339.164818 0.000000 0.000000    -0.985186     0.482026 
59339.199470 0.000000 0.000000    -0.990821     0.481938 
59339.234122 0.000000 0.000000    -0.996759     0.481856 
59339.268774 0.000000 0.000000    -1.003000     0.481781 
59339.303426 0.000000 0.000000    -1.009539     0.481712 
59339.338078 0.000000 0.000000    -1.016376     0.481651 
59339.372730 0.000000 0.000000    -1.023509     0.481597 
59339.407382 0.000000 0.000000    -1.030934     0.481550 
59339.442034 0.000000 0.000000    -1.038649     0.481513 
59339.476686 0.000000 0.000000    -1.046651     0.481484 
59339.511338 0.000000 0.000000    -1.054937     0.481464 
59339.545990 0.000000 0.000000    -1.063505     0.481454 
59339.580642 0.000000 0.000000    -1.072350     0.481453 
59339.615294 0.000000 0.000000    -1.081470     0.481463 
59339.649946 0.000000 0.000000    -1.090861     0.481483 
59339.684598 0.000000 0.000000    -1.100520     0.481514 
59339.719250 0.000000 0.000000    -1.110442     0.481557 
59339.753902 0.000000 0.000000    -1.120624     0.481611 
59339.788554 0.000000 0.000000    -1.131061     0.481677 
59339.823206 0.000000 0.000000    -1.141750     0.481755 
59339.857858 0.000000 0.000000    -1.152686     0.481846 
59339.892510 0.000000 0.000000    -1.163865     0.481949 
59339.927162 0.000000 0.000000    -1.175283     0.482065 
59339.961814 0.000000 0.000000    -1.186934     0.482195 
59339.996466 0.000000 0.000000    -1.198814     0.482338 
59340.031118 0.000000 0.000000    -1.210918     0.482494 
59340.065770 0.000000 0.000000    -1.223241     0.482664 
59340.100422 0.000000 0.000000    -1.235779     0.482848 
59340.135074 0.000000 0.000000    -1.248525     0.483046 
59340.169726 0.000000 0.000000    -1.261475     0.483258 
59340.204378 0.000000 0.000000    -1.274623     0.483484 
59340.239030 0.000000 0.000000    -1.287964     0.483724 
59340.273682 0.000000 0.000000    -1.301493     0.483978 
59340.308334 0.000000 0.000000    -1.315203     0.484246 
59340.342986 0.000000 0.000000    -1.329090     0.484528 
59340.377638 0.000000 0.000000    -1.343147     0.484824 
59340.412290 0.000000 0.000000    -1.357368     0.485134 
59340.446942 0.000000 0.000000    -1.371748     0.485458 
59340.481594 0.000000 0.000000    -1.386281     0.485796 
59340.516246 0.000000 0.000000    -1.400960     0.486146 
59340.550898 0.000000 0.000000    -1.415780     0.486510 
59340.585550 0.000000 0.000000    -1.430734     0.486887 
59340.620202 0.000000 0.000000    -1.445816     0.487277 
59340.654854 0.000000 0.000000    -1.461020     0.487679 
59340.689506 0.000000 0.000000    -1.476340     0.488094 
59340.724158 0.000000 0.000000    -1.491770     0.488520 
59340.758810 0.000000 0.000000    -1.507302     0.488957 
59340.793462 0.000000 0.000000    -1.522930     0.489406 
59340.828114 0.000000 0.000000    -1.538649     0.489865 
59340.862766 0.000000 0.000000    -1.554451     0.490335 
59340.897418 0.000000 0.000000    -1.570330     0.490814 
59340.932070 0.000000 0.000000    -1.586280     0.491303 
59340.966722 0.000000 0.000000    -1.602293     0.491801 
59341.001374 0.000000 0.000000    -1.618364     0.492307 
59341.036026 0.000000 0.000000    -1.634486     0.492821 
59341.070678 0.000000 0.000000    -1.650652     0.493343 
59341.105330 0.000000 0.000000    -1.666856     0.493871 
59341.139982 0.000000 0.000000    -1.683090     0.494405 
59341.174634 0.000000 0.000000    -1.699349     0.494945 
59341.209286 0.000000 0.000000    -1.715625     0.495491 
59341.243938 0.000000 0.000000    -1.731913     0.496041 
59341.278590 0.000000 0.000000    -1.748205     0.496595 
59341.313242 0.000000 0.000000    -1.764496     0.497152 
59341.347894 0.000000 0.000000    -1.780777     0.497712 
59341.382546 0.000000 0.000000    -1.797044     0.498274 
59341.417198 0.000000 0.000000    -1.813289     0.498838 
59341.451850 0.000000 0.000000    -1.829506     0.499402 
59341.486502 0.000000 0.000000    -1.845688     0.499967 
59341.521154 0.000000 0.000000    -1.861829     0.500532 
59341.555806 0.000000 0.000000    -1.877923     0.501096 
59341.590458 0.000000 0.000000    -1.893963     0.501658 
59341.625110 0.000000 0.000000    -1.909943     0.502218 
59341.659762 0.000000 0.000000    -1.925857     0.502775 
59341.694414 0.000000 0.000000    -1.941697     0.503329 
59341.729066 0.000000 0.000000    -1.957460     0.503879 
59341.763718 0.000000 0.000000    -1.973137     0.504424 
59341.798370 0.000000 0.000000    -1.988723     0.504965 
59341.833022 0.000000 0.000000    -2.004212     0.505499 
59341.867674 0.000000 0.000000    -2.019598     0.506027 
59341.902326 0.000000 0.000000    -2.034876     0.506549 
59341.936978 0.000000 0.000000    -2.050038     0.507063 
59341.971630 0.000000 0.000000    -2.065081     0.507569 
59342.006282 0.000000 0.000000    -2.079997     0.508066 
59342.040934 0.000000 0.000000    -2.094781     0.508555 
59342.075586 0.000000 0.000000    -2.109429     0.509034 
59342.110238 0.000000 0.000000    -2.123933     0.509503 
59342.144890 0.000000 0.000000    -2.138290     0.509962 
59342.179542 0.000000 0.000000    -2.152493     0.510410 
59342.214194 0.000000 0.000000    -2.166538     0.510846 
59342.248846 0.000000 0.000000    -2.180419     0.511271 
59342.283498 0.000000 0.000000    -2.194131     0.511683 
59342.318150 0.000000 0.000000    -2.207670     0.512083 
59342.352802 0.000000 0.000000    -2.221031     0.512470 
59342.387454 0.000000 0.000000    -2.234208     0.512844 
59342.422106 0.000000 0.000000    -2.247198     0.513203 
59342.456758 0.000000 0.000000    -2.259995     0.513549 
59342.491410 0.000000 0.000000    -2.272596     0.513881 
59342.526062 0.000000 0.000000    -2.284996     0.514197 
59342.560714 0.000000 0.000000    -2.297190     0.514499 
59342.595366 0.000000 0.000000    -2.309176     0.514786 
59342.630018 0.000000 0.000000    -2.320948     0.515057 
59342.664670 0.000000 0.000000    -2.332503     0.515313 
59342.699322 0.000000 0.000000    -2.343837     0.515553 
59342.733974 0.000000 0.000000    -2.354946     0.515776 
59342.768626 0.000000 0.000000    -2.365828     0.515984 
59342.803278 0.000000 0.000000    -2.376478     0.516175 
59342.837930 0.000000 0.000000    -2.386893     0.516350 
59342.872582 0.000000 0.000000    -2.397071     0.516508 
59342.907234 0.000000 0.000000    -2.407007     0.516649 
59342.941886 0.000000 0.000000    -2.416700     0.516773 
59342.976538 0.000000 0.000000    -2.426146     0.516881 
59343.011190 0.000000 0.000000    -2.435343     0.516972 
59343.045842 0.000000 0.000000    -2.444289     0.517046 
59343.080494 0.000000 0.000000    -2.452980     0.517103 
59343.115146 0.000000 0.000000    -2.461414     0.517144 
59343.149798 0.000000 0.000000    -2.469590     0.517167 
59343.184450 0.000000 0.000000    -2.477505     0.517174 
59343.219102 0.000000 0.000000    -2.485158     0.517164 
59343.253754 0.000000 0.000000    -2.492547     0.517138 
59343.288406 0.000000 0.000000    -2.499670     0.517095 
59343.323058 0.000000 0.000000    -2.506525     0.517036 
59343.357710 0.000000 0.000000    -2.513112     0.516961 
59343.392362 0.000000 0.000000    -2.519429     0.516870 
59343.427014 0.000000 0.000000    -2.525475     0.516763 
59343.461666 0.000000 0.000000    -2.531249     0.516641 
59343.496318 0.000000 0.000000    -2.536751     0.516504 
59343.530970 0.000000 0.000000    -2.541979     0.516351 
59343.565622 0.000000 0.000000    -2.546933     0.516184 
59343.600274 0.000000 0.000000    -2.551612     0.516002 
59343.634926 0.000000 0.000000    -2.556017     0.515806 
59343.669578 0.000000 0.000000    -2.560148     0.515596 
59343.704230 0.000000 0.000000    -2.564003     0.515373 
59343.738882 0.000000 0.000000    -2.567584     0.515136 
59343.773534 0.000000 0.000000    -2.570890     0.514887 
59343.808186 0.000000 0.000000    -2.573922     0.514626 
59343.842838 0.000000 0.000000    -2.576681     0.514352 
59343.877490 0.000000 0.000000    -2.579167     0.514067 
59343.912142 0.000000 0.000000    -2.581381     0.513771 
59343.946794 0.000000 0.000000    -2.583323     0.513464 
59343.981446 0.000000 0.000000    -2.584996     0.513147 
59344.016098 0.000000 0.000000    -2.586399     0.512821 
59344.050750 0.000000 0.000000    -2.587534     0.512485 
59344.085402 0.000000 0.000000    -2.588403     0.512140 
59344.120054 0.000000 0.000000    -2.589008     0.511788 
59344.154706 0.000000 0.000000    -2.589349     0.511427 
59344.189358 0.000000 0.000000    -2.589428     0.511060 
59344.224010 0.000000 0.000000    -2.589248     0.510686 
59344.258662 0.000000 0.000000    -2.588810     0.510306 
59344.293314 0.000000 0.000000    -2.588117     0.509921 
59344.327966 0.000000 0.000000    -2.587171     0.509531 
59344.362618 0.000000 0.000000    -2.585974     0.509137 
59344.397270 0.000000 0.000000    -2.584528     0.508739 
59344.431922 0.000000 0.000000    -2.582837     0.508339 
59344.466574 0.000000 0.000000    -2.580902     0.507935 
59344.501226 0.000000 0.000000    -2.578726     0.507530 
59344.535878 0.000000 0.000000    -2.576313     0.507124 
59344.570530 0.000000 0.000000    -2.573666     0.506717 
59344.605182 0.000000 0.000000    -2.570787     0.506311 
59344.639834 0.000000 0.000000    -2.567679     0.505905 
59344.674486 0.000000 0.000000    -2.564346     0.505500 
59344.709138 0.000000 0.000000    -2.560791     0.505097 
59344.743790 0.000000 0.000000    -2.557018     0.504697 
59344.778442 0.000000 0.000000    -2.553030     0.504299 
59344.813094 0.000000 0.000000    -2.548831     0.503906 
59344.847746 0.000000 0.000000    -2.544424     0.503517 
59344.882398 0.000000 0.000000    -2.539813     0.503132 
59344.917050 0.000000 0.000000    -2.535002     0.502753 
59344.951702 0.000000 0.000000    -2.529995     0.502381 
59344.986354 0.000000 0.000000    -2.524796     0.502014 
59345.021006 0.000000 0.000000    -2.519409     0.501655 
59345.055658 0.000000 0.000000    -2.513838     0.501303 
59345.090310 0.000000 0.000000    -2.508087     0.500960 
59345.124962 0.000000 0.000000    -2.502160     0.500625 
59345.159614 0.000000 0.000000    -2.496062     0.500299 
59345.194266 0.000000 0.000000    -2.489797     0.499983 
59345.228918 0.000000 0.000000    -2.483370     0.499677 
59345.263570 0.000000 0.000000    -2.476784     0.499381 
59345.298222 0.000000 0.000000    -2.470044     0.499096 
59345.332874 0.000000 0.000000    -2.463156     0.498822 
59345.367526 0.000000 0.000000    -2.456122     0.498560 
59345.402178 0.000000 0.000000    -2.448949     0.498309 
59345.436830 0.000000 0.000000    -2.441640     0.498071 
59345.471482 0.000000 0.000000    -2.434201     0.497844 
59345.506134 0.000000 0.000000    -2.426635     0.497631 
59345.540786 0.000000 0.000000    -2.418948     0.497430 
59345.575438 0.000000 0.000000    -2.411145     0.497242 
59345.610090 0.000000 0.000000    -2.403229     0.497067 
59345.644742 0.000000 0.000000    -2.395206     0.496906 
59345.679394 0.000000 0.000000    -2.387081     0.496758 
59345.714046 0.000000 0.000000    -2.378858     0.496623 
59345.748698 0.000000 0.000000    -2.370542     0.496502 
59345.783350 0.000000 0.000000    -2.362138     0.496394 
59345.818002 0.000000 0.000000    -2.353650     0.496299 
59345.852654 0.000000 0.000000    -2.345083     0.496218 
59345.887306 0.000000 0.000000    -2.336443     0.496150 
59345.921958 0.000000 0.000000    -2.327733     0.496095 
59345.956610 0.000000 0.000000    -2.318959     0.496053 
59345.991262 0.000000 0.000000    -2.310125     0.496024 
59346.025914 0.000000 0.000000    -2.301235     0.496007 
59346.060566 0.000000 0.000000    -2.292295     0.496003 
59346.095218 0.000000 0.000000    -2.283309     0.496011 
59346.129870 0.000000 0.000000    -2.274281     0.496031 
59346.164522 0.000000 0.000000    -2.265217     0.496062 
59346.199174 0.000000 0.000000    -2.256120     0.496104 
59346.233826 0.000000 0.000000    -2.246995     0.496157 
59346.268478 0.000000 0.000000    -2.237846     0.496221 
59346.303130 0.000000 0.000000    -2.228678     0.496295 
59346.337782 0.000000 0.000000    -2.219496     0.496378 
59346.372434 0.000000 0.000000    -2.210302     0.496470 
59346.407086 0.000000 0.000000    -2.201102     0.496572 
59346.441738 0.000000 0.000000    -2.191900     0.496681 
59346.476390 0.000000 0.000000    -2.182699     0.496798 
59346.511042 0.000000 0.000000    -2.173504     0.496923 
59346.545694 0.000000 0.000000    -2.164318     0.497055 
59346.580346 0.000000 0.000000    -2.155146     0.497192 
59346.614998 0.000000 0.000000    -2.145992     0.497336 
59346.649650 0.000000 0.000000    -2.136858     0.497485 
59346.684302 0.000000 0.000000    -2.127749     0.497638 
59346.718954 0.000000 0.000000    -2.118668     0.497796 
59346.753606 0.000000 0.000000    -2.109618     0.497957 
59346.788258 0.000000 0.000000    -2.100604     0.498122 
59346.822910 0.000000 0.000000    -2.091628     0.498289 
59346.857562 0.000000 0.000000    -2.082694     0.498458 
59346.892214 0.000000 0.000000    -2.073804     0.498628 
59346.926866 0.000000 0.000000    -2.064962     0.498800 
59346.961518 0.000000 0.000000    -2.056170     0.498972 
59346.996170 0.000000 0.000000    -2.047432     0.499144 
59347.030822 0.000000 0.000000    -2.038750     0.499315 
59347.065474 0.000000 0.000000    -2.030127     0.499485 
59347.100126 0.000000 0.000000    -2.021565     0.499654 
59347.134778 0.000000 0.000000    -2.013067     0.499820 
59347.169430 0.000000 0.000000    -2.004635     0.499984 
59347.204082 0.000000 0.000000    -1.996271     0.500145 
59347.238734 0.000000 0.000000    -1.987978     0.500302 
59347.273386 0.000000 0.000000    -1.979757     0.500456 
59347.308038 0.000000 0.000000    -1.971610     0.500605 
59347.342690 0.000000 0.000000    -1.963540     0.500750 
59347.377342 0.000000 0.000000    -1.955547     0.500889 
59347.411994 0.000000 0.000000    -1.947633     0.501023 
59347.446646 0.000000 0.000000    -1.939801     0.501152 
59347.481298 0.000000 0.000000    -1.932050     0.501274 
59347.515950 0.000000 0.000000    -1.924382     0.501389 
59347.550602 0.000000 0.000000    -1.916799     0.501499 
59347.585254 0.000000 0.000000    -1.909302     0.501601 
59347.619906 0.000000 0.000000    -1.901890     0.501696 
59347.654558 0.000000 0.000000    -1.894566     0.501783 
59347.689210 0.000000 0.000000    -1.887329     0.501863 
59347.723862 0.000000 0.000000    -1.880180     0.501935 
59347.758514 0.000000 0.000000    -1.873120     0.502000 
59347.793166 0.000000 0.000000    -1.866148     0.502056 
59347.827818 0.000000 0.000000    -1.859266     0.502104 
59347.862470 0.000000 0.000000    -1.852472     0.502144 
59347.897122 0.000000 0.000000    -1.845768     0.502175 
59347.931774 0.000000 0.000000    -1.839153     0.502198 
59347.966426 0.000000 0.000000    -1.832626     0.502213 
59348.001078 0.000000 0.000000    -1.826187     0.502219 
59348.035730 0.000000 0.000000    -1.819836     0.502218 
59348.070382 0.000000 0.000000    -1.813572     0.502207 
59348.105034 0.000000 0.000000    -1.807395     0.502189 
59348.139686 0.000000 0.000000    -1.801303     0.502163 
59348.174338 0.000000 0.000000    -1.795296     0.502129 
59348.208990 0.000000 0.000000    -1.789372     0.502086 
59348.243642 0.000000 0.000000    -1.783531     0.502037 
59348.278294 0.000000 0.000000    -1.777771     0.501980 
59348.312946 0.000000 0.000000    -1.772091     0.501915 
59348.347598 0.000000 0.000000    -1.766490     0.501844 
59348.382250 0.000000 0.000000    -1.760966     0.501766 
59348.416902 0.000000 0.000000    -1.755517     0.501681 
59348.451554 0.000000 0.000000    -1.750142     0.501590 
59348.486206 0.000000 0.000000    -1.744838     0.501493 
59348.520858 0.000000 0.000000    -1.739605     0.501391 
59348.555510 0.000000 0.000000    -1.734440     0.501284 
59348.590162 0.000000 0.000000    -1.729340     0.501171 
59348.624814 0.000000 0.000000    -1.724305     0.501054 
59348.659466 0.000000 0.000000    -1.719331     0.500933 
59348.694118 0.000000 0.000000    -1.714417     0.500808 
59348.728770 0.000000 0.000000    -1.709560     0.500680 
59348.763422 0.000000 0.000000    -1.704757     0.500549 
59348.798074 0.000000 0.000000    -1.700007     0.500416 
59348.832726 0.000000 0.000000    -1.695307     0.500280 
59348.867378 0.000000 0.000000    -1.690653     0.500143 
59348.902030 0.000000 0.000000    -1.686044     0.500004 
59348.936682 0.000000 0.000000    -1.681477     0.499865 
59348.971334 0.000000 0.000000    -1.676948     0.499726 
59349.005986 0.000000 0.000000    -1.672456     0.499586 
59349.040638 0.000000 0.000000    -1.667997     0.499448 
59349.075290 0.000000 0.000000    -1.663569     0.499310 
59349.109942 0.000000 0.000000    -1.659168     0.499174 
59349.144594 0.000000 0.000000    -1.654792     0.499041 
59349.179246 0.000000 0.000000    -1.650437     0.498909 
59349.213898 0.000000 0.000000    -1.646101     0.498781 
59349.248550 0.000000 0.000000    -1.641781     0.498656 
59349.283202 0.000000 0.000000    -1.637473     0.498534 
59349.317854 0.000000 0.000000    -1.633175     0.498417 
59349.352506 0.000000 0.000000    -1.628883     0.498305 
59349.387158 0.000000 0.000000    -1.624595     0.498198 
59349.421810 0.000000 0.000000    -1.620307     0.498096 
59349.456462 0.000000 0.000000    -1.616017     0.498000 
59349.491114 0.000000 0.000000    -1.611720     0.497910 
59349.525766 0.000000 0.000000    -1.607415     0.497827 
59349.560418 0.000000 0.000000    -1.603098     0.497751 
59349.595070 0.000000 0.000000    -1.598766     0.497682 
59349.629722 0.000000 0.000000    -1.594416     0.497620 
59349.664374 0.000000 0.000000    -1.590045     0.497566 
59349.699026 0.000000 0.000000    -1.585651     0.497520 
59349.733678 0.000000 0.000000    -1.581230     0.497483 
59349.768330 0.000000 0.000000    -1.576779     0.497454 
59349.802982 0.000000 0.000000    -1.572296     0.497434 
59349.837634 0.000000 0.000000    -1.567778     0.497422 
59349.872286 0.000000 0.000000    -1.563222     0.497420 
59349.906938 0.000000 0.000000    -1.558625     0.497426 
59349.941590 0.000000 0.000000    -1.553985     0.497442 
59349.976242 0.000000 0.000000    -1.549299     0.497467 
59350.010894 0.000000 0.000000    -1.544565     0.497502 
59350.045546 0.000000 0.000000    -1.539781     0.497546 
59350.080198 0.000000 0.000000    -1.534943     0.497599 
59350.114850 0.000000 0.000000    -1.530050     0.497661 
59350.149502 0.000000 0.000000    -1.525099     0.497733 
59350.184154 0.000000 0.000000    -1.520089     0.497814 
59350.218806 0.000000 0.000000    -1.515017     0.497904 
59350.253458 0.000000 0.000000    -1.509881     0.498003 
59350.288110 0.000000 0.000000    -1.504680     0.498111 
59350.322762 0.000000 0.000000    -1.499412     0.498228 
59350.357414 0.000000 0.000000    -1.494074     0.498353 
59350.392066 0.000000 0.000000    -1.488666     0.498486 
59350.426718 0.000000 0.000000    -1.483186     0.498628 
59350.461370 0.000000 0.000000    -1.477633     0.498777 
59350.496022 0.000000 0.000000    -1.472006     0.498934 
59350.530674 0.000000 0.000000    -1.466303     0.499098 
59350.565326 0.000000 0.000000    -1.460523     0.499269 
59350.599978 0.000000 0.000000    -1.454665     0.499446 
59350.634630 0.000000 0.000000    -1.448730     0.499630 
59350.669282 0.000000 0.000000    -1.442716     0.499820 
59350.703934 0.000000 0.000000    -1.436622     0.500015 
59350.738586 0.000000 0.000000    -1.430449     0.500215 
59350.773238 0.000000 0.000000    -1.424195     0.500421 
59350.807890 0.000000 0.000000    -1.417862     0.500630 
59350.842542 0.000000 0.000000    -1.411449     0.500844 
59350.877194 0.000000 0.000000    -1.404956     0.501062 
59350.911846 0.000000 0.000000    -1.398384     0.501282 
59350.946498 0.000000 0.000000    -1.391732     0.501506 
59350.981150 0.000000 0.000000    -1.385002     0.501732 
59351.015802 0.000000 0.000000    -1.378195     0.501960 
59351.050454 0.000000 0.000000    -1.371311     0.502189 
59351.085106 0.000000 0.000000    -1.364351     0.502420 
59351.119758 0.000000 0.000000    -1.357317     0.502651 
59351.154410 0.000000 0.000000    -1.350210     0.502883 
59351.189062 0.000000 0.000000    -1.343032     0.503114 
59351.223714 0.000000 0.000000    -1.335784     0.503345 
59351.258366 0.000000 0.000000    -1.328467     0.503575 
59351.293018 0.000000 0.000000    -1.321085     0.503804 
59351.327670 0.000000 0.000000    -1.313639     0.504032 
59351.362322 0.000000 0.000000    -1.306131     0.504257 
59351.396974 0.000000 0.000000    -1.298564     0.504480 
59351.431626 0.000000 0.000000    -1.290941     0.504700 
59351.466278 0.000000 0.000000    -1.283264     0.504917 
59351.500930 0.000000 0.000000    -1.275536     0.505131 
59351.535582 0.000000 0.000000    -1.267761     0.505341 
59351.570234 0.000000 0.000000    -1.259941     0.505547 
59351.604886 0.000000 0.000000    -1.252080     0.505749 
59351.639538 0.000000 0.000000    -1.244182     0.505946 
59351.674190 0.000000 0.000000    -1.236249     0.506139 
59351.708842 0.000000 0.000000    -1.228287     0.506326 
59351.743494 0.000000 0.000000    -1.220299     0.506508 
59351.778146 0.000000 0.000000    -1.212289     0.506685 
59351.812798 0.000000 0.000000    -1.204261     0.506856 
59351.847450 0.000000 0.000000    -1.196221     0.507021 
59351.882102 0.000000 0.000000    -1.188172     0.507180 
59351.916754 0.000000 0.000000    -1.180119     0.507334 
59351.951406 0.000000 0.000000    -1.172068     0.507481 
59351.986058 0.000000 0.000000    -1.164023     0.507621 
59352.020710 0.000000 0.000000    -1.155989     0.507755 
59352.055362 0.000000 0.000000    -1.147972     0.507883 
59352.090014 0.000000 0.000000    -1.139977     0.508004 
59352.124666 0.000000 0.000000    -1.132010     0.508119 
59352.159318 0.000000 0.000000    -1.124076     0.508227 
59352.193970 0.000000 0.000000    -1.116181     0.508329 
59352.228622 0.000000 0.000000    -1.108332     0.508424 
59352.263274 0.000000 0.000000    -1.100533     0.508513 
59352.297926 0.000000 0.000000    -1.092793     0.508595 
59352.332578 0.000000 0.000000    -1.085115     0.508671 
59352.367230 0.000000 0.000000    -1.077508     0.508741 
59352.401882 0.000000 0.000000    -1.069978     0.508805 
59352.436534 0.000000 0.000000    -1.062531     0.508863 
59352.471186 0.000000 0.000000    -1.055173     0.508915 
59352.505838 0.000000 0.000000    -1.047912     0.508962 
59352.540490 0.000000 0.000000    -1.040755     0.509003 
59352.575142 0.000000 0.000000    -1.033709     0.509039 
59352.609794 0.000000 0.000000    -1.026780     0.509070 
59352.644446 0.000000 0.000000    -1.019975     0.509096 
59352.679098 0.000000 0.000000    -1.013303     0.509118 
59352.713750 0.000000 0.000000    -1.006770     0.509135 
59352.748402 0.000000 0.000000    -1.000383     0.509149 
59352.783054 0.000000 0.000000    -0.994150     0.509158 
59352.817706 0.000000 0.000000    -0.988079     0.509165 
59352.852358 0.000000 0.000000    -0.982177     0.509168 
59352.887010 0.000000 0.000000    -0.976451     0.509168 
59352.921662 0.000000 0.000000    -0.970909     0.509166 
59352.956314 0.000000 0.000000    -0.965558     0.509161 
59352.990966 0.000000 0.000000    -0.960407     0.509155 
59353.025618 0.000000 0.000000    -0.955463     0.509147 
59353.060270 0.000000 0.000000    -0.950734     0.509137 
59353.094922 0.000000 0.000000    -0.946226     0.509127 
59353.129574 0.000000 0.000000    -0.941949     0.509117 
59353.164226 0.000000 0.000000    -0.937910     0.509106 
59353.198878 0.000000 0.000000    -0.934116     0.509096 
59353.233530 0.000000 0.000000    -0.930576     0.509086 
59353.268182 0.000000 0.000000    -0.927296     0.509077 
59353.302834 0.000000 0.000000    -0.924285     0.509069 
59353.337486 0.000000 0.000000    -0.921550     0.509063 
59353.372138 0.000000 0.000000    -0.919099     0.509058 
59353.406790 0.000000 0.000000    -0.916939     0.509057 
59353.441442 0.000000 0.000000    -0.915078     0.509057 
59353.476094 0.000000 0.000000    -0.913524     0.509061 
59353.510746 0.000000 0.000000    -0.912284     0.509068 
59353.545398 0.000000 0.000000    -0.911364     0.509079 
59353.580050 0.000000 0.000000    -0.910774     0.509094 
59353.614702 0.000000 0.000000    -0.910519     0.509113 
59353.649354 0.000000 0.000000    -0.910607     0.509137 
59353.684006 0.000000 0.000000    -0.911046     0.509166 
59353.718658 0.000000 0.000000    -0.911841     0.509200 
59353.753310 0.000000 0.000000    -0.913000     0.509239 
59353.787962 0.000000 0.000000    -0.914531     0.509284 
59353.822614 0.000000 0.000000    -0.916438     0.509336 
59353.857266 0.000000 0.000000    -0.918730     0.509393 
59353.891918 0.000000 0.000000    -0.921413     0.509457 
59353.926570 0.000000 0.000000    -0.924492     0.509528 
59353.961222 0.000000 0.000000    -0.927974     0.509606 
59353.995874 0.000000 0.000000    -0.931866     0.509690 
59354.030526 0.000000 0.000000    -0.936173     0.509783 
59354.065178 0.000000 0.000000    -0.940901     0.509882 
59354.099830 0.000000 0.000000    -0.946055     0.509990 
59354.134482 0.000000 0.000000    -0.951642     0.510105 
59354.169134 0.000000 0.000000    -0.957667     0.510228 
59354.203786 0.000000 0.000000    -0.964134     0.510359 
59354.238438 0.000000 0.000000    -0.971049     0.510498 
59354.273090 0.000000 0.000000    -0.978417     0.510645 
59354.307742 0.000000 0.000000    -0.986242     0.510801 
59354.342394 0.000000 0.000000    -0.994529     0.510965 
59354.377046 0.000000 0.000000    -1.003282     0.511137 
59354.411698 0.000000 0.000000    -1.012505     0.511318 
59354.446350 0.000000 0.000000    -1.022203     0.511508 
59354.481002 0.000000 0.000000    -1.032378     0.511705 
59354.515654 0.000000 0.000000    -1.043035     0.511911 
59354.550306 0.000000 0.000000    -1.054176     0.512126 
59354.584958 0.000000 0.000000    -1.065806     0.512348 
59354.619610 0.000000 0.000000    -1.077926     0.512580 
59354.654262 0.000000 0.000000    -1.090539     0.512819 
59354.688914 0.000000 0.000000    -1.103649     0.513066 
59354.723566 0.000000 0.000000    -1.117256     0.513322 
59354.758218 0.000000 0.000000    -1.131363     0.513586 
59354.792870 0.000000 0.000000    -1.145973     0.513857 
59354.827522 0.000000 0.000000    -1.161085     0.514137 
59354.862174 0.000000 0.000000    -1.176702     0.514424 
59354.896826 0.000000 0.000000    -1.192825     0.514718 
59354.931478 0.000000 0.000000    -1.209454     0.515020 
59354.966130 0.000000 0.000000    -1.226590     0.515330 
59355.000782 0.000000 0.000000    -1.244233     0.515646 
59355.035434 0.000000 0.000000    -1.262383     0.515970 
59355.070086 0.000000 0.000000    -1.281040     0.516300 
59355.104738 0.000000 0.000000    -1.300204     0.516637 
59355.139390 0.000000 0.000000    -1.319874     0.516981 
59355.174042 0.000000 0.000000    -1.340049     0.517331 
59355.208694 0.000000 0.000000    -1.360727     0.517688 
59355.243346 0.000000 0.000000    -1.381907     0.518050 
59355.277998 0.000000 0.000000    -1.403588     0.518419 
59355.312650 0.000000 0.000000    -1.425767     0.518793 
59355.347302 0.000000 0.000000    -1.448442     0.519172 
59355.381954 0.000000 0.000000    -1.471610     0.519558 
59355.416606 0.000000 0.000000    -1.495269     0.519948 
59355.451258 0.000000 0.000000    -1.519415     0.520344 
59355.485910 0.000000 0.000000    -1.544046     0.520745 
59355.520562 0.000000 0.000000    -1.569157     0.521150 
59355.555214 0.000000 0.000000    -1.594745     0.521560 
59355.589866 0.000000 0.000000    -1.620805     0.521975 
59355.624518 0.000000 0.000000    -1.647333     0.522395 
59355.659170 0.000000 0.000000    -1.674325     0.522818 
59355.693822 0.000000 0.000000    -1.701775     0.523246 
59355.728474 0.000000 0.000000    -1.729678     0.523678 
59355.763126 0.000000 0.000000    -1.758029     0.524114 
59355.797778 0.000000 0.000000    -1.786822     0.524553 
59355.832430 0.000000 0.000000    -1.816051     0.524997 
59355.867082 0.000000 0.000000    -1.845710     0.525444 
59355.901734 0.000000 0.000000    -1.875792     0.525894 
59355.936386 0.000000 0.000000    -1.906291     0.526348 
59355.971038 0.000000 0.000000    -1.937199     0.526806 
59356.005690 0.000000 0.000000    -1.968510     0.527267 
59356.040342 0.000000 0.000000    -2.000216     0.527731 
59356.074994 0.000000 0.000000    -2.032308     0.528198 
59356.109646 0.000000 0.000000    -2.064780     0.528669 
59356.144298 0.000000 0.000000    -2.097623     0.529143 
59356.178950 0.000000 0.000000    -2.130829     0.529619 
59356.213602 0.000000 0.000000    -2.164388     0.530099 
59356.248254 0.000000 0.000000    -2.198293     0.530582 
59356.282906 0.000000 0.000000    -2.232533     0.531068 
59356.317558 0.000000 0.000000    -2.267100     0.531557 
59356.352210 0.000000 0.000000    -2.301984     0.532049 
59356.386862 0.000000 0.000000    -2.337175     0.532544 
59356.421514 0.000000 0.000000    -2.372664     0.533042 
59356.456166 0.000000 0.000000    -2.408440     0.533543 
59356.490818 0.000000 0.000000    -2.444493     0.534047 
59356.525470 0.000000 0.000000    -2.480813     0.534553 
59356.560122 0.000000 0.000000    -2.517388     0.535063 
59356.594774 0.000000 0.000000    -2.554207     0.535576 
59356.629426 0.000000 0.000000    -2.591261     0.536092 
59356.664078 0.000000 0.000000    -2.628537     0.536612 
59356.698730 0.000000 0.000000    -2.666024     0.537134 
59356.733382 0.000000 0.000000    -2.703710     0.537659 
59356.768034 0.000000 0.000000    -2.741584     0.538188 
59356.802686 0.000000 0.000000    -2.779634     0.538719 
59356.837338 0.000000 0.000000    -2.817848     0.539254 
59356.871990 0.000000 0.000000    -2.856213     0.539792 
59356.906642 0.000000 0.000000    -2.894718     0.540333 
59356.941294 0.000000 0.000000    -2.933350     0.540878 
59356.975946 0.000000 0.000000    -2.972096     0.541425 
59357.010598 0.000000 0.000000    -3.010944     0.541976 
59357.045250 0.000000 0.000000    -3.049881     0.542531 
59357.079902 0.000000 0.000000    -3.088894     0.543088 
59357.114554 0.000000 0.000000    -3.127970     0.543649 
59357.149206 0.000000 0.000000    -3.167097     0.544213 
59357.183858 0.000000 0.000000    -3.206260     0.544780 
59357.218510 0.000000 0.000000    -3.245447     0.545350 
59357.253162 0.000000 0.000000    -3.284645     0.545924 
59357.287814 0.000000 0.000000    -3.323841     0.546501 
59357.322466 0.000000 0.000000    -3.363020     0.547081 
59357.357118 0.000000 0.000000    -3.402169     0.547664 
59357.391770 0.000000 0.000000    -3.441276     0.548251 
59357.426422 0.000000 0.000000    -3.480326     0.548840 
59357.461074 0.000000 0.000000    -3.519306     0.549432 
59357.495726 0.000000 0.000000    -3.558202     0.550028 
59357.530378 0.000000 0.000000    -3.597002     0.550626 
59357.565030 0.000000 0.000000    -3.635690     0.551227 
59357.599682 0.000000 0.000000    -3.674255     0.551831 
59357.634334 0.000000 0.000000    -3.712681     0.552438 
59357.668986 0.000000 0.000000    -3.750956     0.553047 
59357.703638 0.000000 0.000000    -3.789067     0.553659 
59357.738290 0.000000 0.000000    -3.826998     0.554273 
59357.772942 0.000000 0.000000    -3.864739     0.554890 
59357.807594 0.000000 0.000000    -3.902274     0.555509 
59357.842246 0.000000 0.000000    -3.939590     0.556131 
59357.876898 0.000000 0.000000    -3.976674     0.556754 
59357.911550 0.000000 0.000000    -4.013514     0.557380 
59357.946202 0.000000 0.000000    -4.050095     0.558008 
59357.980854 0.000000 0.000000    -4.086404     0.558638 
59358.015506 0.000000 0.000000    -4.122430     0.559270 
59358.050158 0.000000 0.000000    -4.158158     0.559903 
59358.084810 0.000000 0.000000    -4.193576     0.560539 
59358.119462 0.000000 0.000000    -4.228671     0.561176 
59358.154114 0.000000 0.000000    -4.263431     0.561815 
59358.188766 0.000000 0.000000    -4.297842     0.562455 
59358.223418 0.000000 0.000000    -4.331894     0.563098 
59358.258070 0.000000 0.000000    -4.365573     0.563742 
59358.292722 0.000000 0.000000    -4.398868     0.564388 
59358.327374 0.000000 0.000000    -4.431766     0.565035 
59358.362026 0.000000 0.000000    -4.464256     0.565685 
59358.396678 0.000000 0.000000    -4.496326     0.566336 
59358.431330 0.000000 0.000000    -4.527964     0.566989 
59358.465982 0.000000 0.000000    -4.559160     0.567645 
59358.500634 0.000000 0.000000    -4.589902     0.568303 
59358.535286 0.000000 0.000000    -4.620179     0.568963 
59358.569938 0.000000 0.000000    -4.649981     0.569626 
59358.604590 0.000000 0.000000    -4.679296     0.570292 
59358.639242 0.000000 0.000000    -4.708115     0.570961 
59358.673894 0.000000 0.000000    -4.736427     0.571634 
59358.708546 0.000000 0.000000    -4.764223     0.572310 
59358.743198 0.000000 0.000000    -4.791492     0.572991 
59358.777850 0.000000 0.000000    -4.818225     0.573677 
59358.812502 0.000000 0.000000    -4.844413     0.574368 
59358.847154 0.000000 0.000000    -4.870046     0.575065 
59358.881806 0.000000 0.000000    -4.895116     0.575768 
59358.916458 0.000000 0.000000    -4.919614     0.576478 
59358.951110 0.000000 0.000000    -4.943532     0.577196 
59358.985762 0.000000 0.000000    -4.966861     0.577922 
59359.020414 0.000000 0.000000    -4.989594     0.578658 
59359.055066 0.000000 0.000000    -5.011722     0.579404 
59359.089718 0.000000 0.000000    -5.033239     0.580161 
59359.124370 0.000000 0.000000    -5.054138     0.580930 
59359.159022 0.000000 0.000000    -5.074411     0.581712 
59359.193674 0.000000 0.000000    -5.094051     0.582509 
59359.228326 0.000000 0.000000    -5.113053     0.583321 
59359.262978 0.000000 0.000000    -5.131411     0.584150 
59359.297630 0.000000 0.000000    -5.149118     0.584997 
59359.332282 0.000000 0.000000    -5.166169     0.585863 
59359.366934 0.000000 0.000000    -5.182559     0.586751 
59359.401586 0.000000 0.000000    -5.198283     0.587661 
59359.436238 0.000000 0.000000    -5.213336     0.588596 
59359.470890 0.000000 0.000000    -5.227714     0.589556 
59359.505542 0.000000 0.000000    -5.241412     0.590544 
59359.540194 0.000000 0.000000    -5.254427     0.591562 
59359.574846 0.000000 0.000000    -5.266755     0.592611 
59359.609498 0.000000 0.000000    -5.278393     0.593694 
59359.644150 0.000000 0.000000    -5.289338     0.594812 
59359.678802 0.000000 0.000000    -5.299587     0.595968 
59359.713454 0.000000 0.000000    -5.309138     0.597164 
59359.748106 0.000000 0.000000    -5.317990     0.598401 
59359.782758 0.000000 0.000000    -5.326139     0.599683 
59359.817410 0.000000 0.000000    -5.333585     0.601012 
59359.852062 0.000000 0.000000    -5.340326     0.602389 
59359.886714 0.000000 0.000000    -5.346362     0.603818 
59359.921366 0.000000 0.000000    -5.351691     0.605301 
59359.956018 0.000000 0.000000    -5.356315     0.606840 
59359.990670 0.000000 0.000000    -5.360232     0.608437 
59360.025322 0.000000 0.000000    -5.363443     0.610096 
59360.059974 0.000000 0.000000    -5.365948     0.611818 
59360.094626 0.000000 0.000000    -5.367749     0.613606 
59360.129278 0.000000 0.000000    -5.368846     0.615463 
59360.163930 0.000000 0.000000    -5.369242     0.617391 
59360.198582 0.000000 0.000000    -5.368937     0.619392 
59360.233234 0.000000 0.000000    -5.367934     0.621468 
59360.267886 0.000000 0.000000    -5.366236     0.623623 
59360.302538 0.000000 0.000000    -5.363844     0.625857 
59360.337190 0.000000 0.000000    -5.360761     0.628174 
59360.371842 0.000000 0.000000    -5.356992     0.630575 
59360.406494 0.000000 0.000000    -5.352539     0.633063 
59360.441146 0.000000 0.000000    -5.347406     0.635639 
59360.475798 0.000000 0.000000    -5.341597     0.638304 
59360.510450 0.000000 0.000000    -5.335116     0.641062 
59360.545102 0.000000 0.000000    -5.327968     0.643912 
59360.579754 0.000000 0.000000    -5.320158     0.646857 
59360.614406 0.000000 0.000000    -5.311691     0.649898 
59360.649058 0.000000 0.000000    -5.302572     0.653036 
59360.683710 0.000000 0.000000    -5.292807     0.656273 
59360.718362 0.000000 0.000000    -5.282401     0.659608 
59360.753014 0.000000 0.000000    -5.271361     0.663043 
59360.787666 0.000000 0.000000    -5.259693     0.666578 
59360.822318 0.000000 0.000000    -5.247404     0.670213 
59360.856970 0.000000 0.000000    -5.234500     0.673950 
59360.891622 0.000000 0.000000    -5.220988     0.677788 
59360.926274 0.000000 0.000000    -5.206877     0.681727 
59360.960926 0.000000 0.000000    -5.192172     0.685766 
59360.995578 0.000000 0.000000    -5.176883     0.689907 
59361.030230 0.000000 0.000000    -5.161016     0.694147 
59361.064882 0.000000 0.000000    -5.144581     0.698487 
59361.099534 0.000000 0.000000    -5.127585     0.702925 
59361.134186 0.000000 0.000000    -5.110037     0.707462 
59361.168838 0.000000 0.000000    -5.091947     0.712095 
59361.203490 0.000000 0.000000    -5.073322     0.716825 
59361.238142 0.000000 0.000000    -5.054172     0.721649 
59361.272794 0.000000 0.000000    -5.034506     0.726566 
59361.307446 0.000000 0.000000    -5.014334     0.731576 
59361.342098 0.000000 0.000000    -4.993666     0.736676 
59361.376750 0.000000 0.000000    -4.972511     0.741864 
59361.411402 0.000000 0.000000    -4.950879     0.747140 
59361.446054 0.000000 0.000000    -4.928781     0.752502 
59361.480706 0.000000 0.000000    -4.906227     0.757948 
59361.515358 0.000000 0.000000    -4.883227     0.763475 
59361.550010 0.000000 0.000000    -4.859793     0.769083 
59361.584662 0.000000 0.000000    -4.835934     0.774768 
59361.619314 0.000000 0.000000    -4.811662     0.780530 
59361.653966 0.000000 0.000000    -4.786987     0.786367 
59361.688618 0.000000 0.000000    -4.761921     0.792275 
59361.723270 0.000000 0.000000     0.537262     0.998727 
