# time Tc_folded Tref_folded value value_err offset model full_model val_compare val_compare_err residuals residuals_err jitter jitter_flag offset_flag subset_flag 
59332.189797 0.153417 0.000000 0.458000 0.175000 0.689932 -0.877649 1.652018 -2.071667 0.175000 -1.194018 0.175000 1.223940  -1  -1  -1 
59332.197387 0.161007 0.002617 2.910000 0.175000 0.689932 -0.911950 1.612322 0.385728 0.175000 1.297678 0.175000 1.223940  -1  -1  -1 
59332.200011 0.163631 0.003522 1.735000 0.175000 0.689932 -0.923785 1.598618 -0.787404 0.175000 0.136382 0.175000 1.223940  -1  -1  -1 
59334.234566 -0.702021 0.705042 0.851000 0.173000 0.689932 1.953768 2.801180 0.003588 0.173000 -1.950180 0.173000 1.223940  -1  -1  -1 
59334.237103 -0.699484 0.705917 1.987000 0.173000 0.689932 1.951335 2.796781 1.141554 0.173000 -0.809781 0.173000 1.223940  -1  -1  -1 
59334.239600 -0.696987 0.706778 2.424000 0.173000 0.689932 1.948895 2.792408 1.580488 0.173000 -0.368408 0.173000 1.223940  -1  -1  -1 
59335.326035 0.389448 0.081384 -2.561000 0.175000 0.689932 -1.843361 -1.689585 -2.714776 0.175000 -0.871415 0.175000 1.223940  -1  -1  -1 
59335.330868 0.394281 0.083051 -1.537000 0.175000 0.689932 -1.859671 -1.708164 -1.688506 0.175000 0.171164 0.175000 1.223940  -1  -1  -1 
59335.333272 0.396685 0.083880 -2.981000 0.175000 0.689932 -1.867711 -1.717331 -3.131381 0.175000 -1.263669 0.175000 1.223940  -1  -1  -1 
59336.173315 1.236728 0.373529 0.236000 0.172000 0.689932 -0.505978 -0.627324 0.357346 0.172000 0.863324 0.172000 1.223940  -1  -1  -1 
59336.175692 1.239105 0.374348 -1.289000 0.172000 0.689932 -0.493695 -0.615466 -1.167229 0.172000 -0.673534 0.172000 1.223940  -1  -1  -1 
59336.181796 1.245209 0.376453 -1.628000 0.172000 0.689932 -0.462151 -0.585006 -1.505145 0.172000 -1.042994 0.172000 1.223940  -1  -1  -1 
59337.233449 -0.603345 0.739066 0.645000 0.175000 0.689932 1.826043 1.684920 0.786124 0.175000 -1.039920 0.175000 1.223940  -1  -1  -1 
59337.235931 -0.600863 0.739922 0.810000 0.175000 0.689932 1.821970 1.681147 0.950823 0.175000 -0.871147 0.175000 1.223940  -1  -1  -1 
59337.244221 -0.592573 0.742780 1.752000 0.175000 0.689932 1.808067 1.668256 1.891811 0.175000 0.083744 0.175000 1.223940  -1  -1  -1 
59338.188239 0.351445 0.068281 -1.207000 0.182000 0.689932 -1.708685 -1.660593 -1.255092 0.182000 0.453593 0.182000 1.223940  -1  -1  -1 
59338.190732 0.353938 0.069140 -0.652000 0.181000 0.689932 -1.717851 -1.669137 -0.700714 0.181000 1.017137 0.181000 1.223940  -1  -1  -1 
59338.193250 0.356456 0.070008 -0.761000 0.182000 0.689932 -1.727064 -1.677720 -0.810344 0.182000 0.916720 0.182000 1.223940  -1  -1  -1 
59339.264851 1.428057 0.439500 0.208000 0.179000 0.689932 0.449833 0.763395 -0.105562 0.179000 -0.555395 0.179000 1.223940  -1  -1  -1 
59339.274735 1.437941 0.442908 1.607000 0.179000 0.689932 0.495706 0.811378 1.291328 0.179000 0.795622 0.179000 1.223940  -1  -1  -1 
59339.345059 -1.391942 0.467156 1.015000 0.179000 0.689932 0.806885 1.137249 0.684635 0.179000 -0.122249 0.179000 1.223940  -1  -1  -1 
59341.205674 0.468673 0.108701 -2.354000 0.179000 0.689932 -2.084046 -1.658965 -2.779081 0.179000 -0.695035 0.179000 1.223940  -1  -1  -1 
59341.213678 0.476677 0.111461 -3.217000 0.178000 0.689932 -2.104924 -1.680830 -3.641094 0.178000 -1.536170 0.178000 1.223940  -1  -1  -1 
59341.216302 0.479301 0.112366 -3.498000 0.178000 0.689932 -2.111620 -1.687852 -3.921768 0.178000 -1.810148 0.178000 1.223940  -1  -1  -1 
59342.213085 -1.424123 0.456060 2.702000 0.177000 0.689932 0.667955 0.887497 2.482458 0.177000 1.814503 0.177000 1.223940  -1  -1  -1 
59342.215868 -1.421340 0.457019 3.862000 0.176000 0.689932 0.680209 0.898993 3.643216 0.176000 2.963007 0.176000 1.223940  -1  -1  -1 
59342.218582 -1.418626 0.457955 3.238000 0.176000 0.689932 0.692117 0.910160 3.019956 0.176000 2.327840 0.176000 1.223940  -1  -1  -1 
59345.350049 -1.187366 0.537694 0.396000 0.178000 0.689932 1.527094 0.930158 0.992936 0.178000 -0.534158 0.178000 1.223940  -1  -1  -1 
59345.352391 -1.185024 0.538502 0.697000 0.178000 0.689932 1.533555 0.936389 1.294166 0.178000 -0.239389 0.178000 1.223940  -1  -1  -1 
59345.358459 -1.178956 0.540594 0.736000 0.179000 0.689932 1.550096 0.952338 1.333757 0.179000 -0.216338 0.179000 1.223940  -1  -1  -1 
59346.170515 -0.366900 0.820593 0.031000 0.182000 0.689932 1.261814 0.637649 0.655165 0.182000 -0.606649 0.182000 1.223940  -1  -1  -1 
59346.172885 -0.364530 0.821410 1.513000 0.182000 0.689932 1.254466 0.630371 2.137095 0.182000 0.882629 0.182000 1.223940  -1  -1  -1 
59346.177612 -0.359803 0.823040 1.929000 0.182000 0.689932 1.239719 0.615766 2.552953 0.182000 1.313234 0.182000 1.223940  -1  -1  -1 
59347.291118 0.753703 0.206980 -2.526000 0.180000 0.689932 -2.327558 -2.845146 -2.008412 0.180000 0.319146 0.180000 1.223940  -1  -1  -1 
59347.296123 0.758708 0.208706 -3.568000 0.179000 0.689932 -2.321699 -2.838562 -3.051136 0.179000 -0.729438 0.179000 1.223940  -1  -1  -1 
59347.311002 0.773587 0.213837 -3.853000 0.181000 0.689932 -2.302154 -2.816856 -3.338299 0.181000 -1.036144 0.181000 1.223940  -1  -1  -1 
59348.287651 -1.149971 0.550588 -0.128000 0.177000 0.689932 1.625161 1.264365 0.232796 0.177000 -1.392365 0.177000 1.223940  -1  -1  -1 
59348.290178 -1.147444 0.551459 -0.579000 0.178000 0.689932 1.631395 1.270992 -0.218597 0.178000 -1.849992 0.178000 1.223940  -1  -1  -1 
59348.292681 -1.144941 0.552322 1.308000 0.177000 0.689932 1.637521 1.277507 1.668014 0.177000 0.030493 0.177000 1.223940  -1  -1  -1 
59349.121628 -0.315994 0.838146 1.745000 0.175000 0.689932 1.097298 0.849559 1.992739 0.175000 0.895441 0.175000 1.223940  -1  -1  -1 
59349.126921 -0.310701 0.839971 1.471000 0.175000 0.689932 1.079405 0.832247 1.718158 0.175000 0.638753 0.175000 1.223940  -1  -1  -1 
59349.129550 -0.308072 0.840877 0.533000 0.174000 0.689932 1.070463 0.823593 0.779870 0.174000 -0.290593 0.174000 1.223940  -1  -1  -1 
59350.304057 0.866435 0.245851 -2.159000 0.176000 0.689932 -2.110514 -2.276987 -1.992527 0.176000 0.117987 0.176000 1.223940  -1  -1  -1 
59350.306325 0.868703 0.246633 -2.512000 0.176000 0.689932 -2.104392 -2.270790 -2.345601 0.176000 -0.241210 0.176000 1.223940  -1  -1  -1 
59350.313185 0.875563 0.248998 -1.562000 0.175000 0.689932 -2.085478 -2.251651 -1.395827 0.175000 0.689651 0.175000 1.223940  -1  -1  -1 
59351.202848 -1.134981 0.555757 2.522000 0.173000 0.689932 1.661409 1.516313 2.667097 0.173000 1.005687 0.173000 1.223940  -1  -1  -1 
59351.209430 -1.128399 0.558026 2.306000 0.173000 0.689932 1.676769 1.531840 2.450929 0.173000 0.774160 0.173000 1.223940  -1  -1  -1 
59351.214571 -1.123258 0.559799 2.577000 0.173000 0.689932 1.688529 1.543732 2.721797 0.173000 1.033268 0.173000 1.223940  -1  -1  -1 
59352.100400 -0.237429 0.865235 -1.013000 0.171000 0.689932 0.817364 0.717109 -0.912745 0.171000 -1.730109 0.171000 1.223940  -1  -1  -1 
59352.102986 -0.234843 0.866127 -1.223000 0.171000 0.689932 0.807648 0.707614 -1.122966 0.171000 -1.930614 0.171000 1.223940  -1  -1  -1 
59352.111932 -0.225897 0.869211 -0.830000 0.171000 0.689932 0.773807 0.674539 -0.730732 0.171000 -1.504539 0.171000 1.223940  -1  -1  -1 
59353.256297 0.918468 0.263792 -1.017000 0.183000 0.689932 -1.954108 -1.881941 -1.089167 0.183000 0.864941 0.183000 1.223940  -1  -1  -1 
59353.261287 0.923458 0.265512 -2.909000 0.184000 0.689932 -1.937423 -1.864183 -2.982240 0.184000 -1.044817 0.184000 1.223940  -1  -1  -1 
59353.273571 0.935742 0.269748 -2.050000 0.184000 0.689932 -1.895164 -1.819271 -2.125893 0.184000 -0.230729 0.184000 1.223940  -1  -1  -1 
59354.281496 -0.956540 0.617284 4.563000 0.187000 0.689932 1.956967 2.290509 4.229458 0.187000 2.272491 0.187000 1.223940  -1  -1  -1 
59354.290542 -0.947494 0.620403 3.585000 0.188000 0.689932 1.965286 2.301334 3.248952 0.188000 1.283666 0.188000 1.223940  -1  -1  -1 
59354.297835 -0.940201 0.622917 4.271000 0.189000 0.689932 1.971530 2.309598 3.932932 0.189000 1.961402 0.189000 1.223940  -1  -1  -1 
59355.149128 -0.088908 0.916446 0.314000 0.179000 0.689932 0.215425 0.772139 -0.242714 0.179000 -0.458139 0.179000 1.223940  -1  -1  -1 
59355.151962 -0.086074 0.917423 0.496000 0.180000 0.689932 0.203187 0.760514 -0.061327 0.180000 -0.264514 0.180000 1.223940  -1  -1  -1 
59355.159002 -0.079034 0.919850 0.792000 0.179000 0.689932 0.172687 0.731533 0.233154 0.179000 0.060467 0.179000 1.223940  -1  -1  -1 
59356.201900 0.963864 0.279445 -0.609000 0.178000 0.689932 -1.792325 -1.118451 -1.282874 0.178000 0.509451 0.178000 1.223940  -1  -1  -1 
59356.211845 0.973809 0.282874 -1.232000 0.178000 0.689932 -1.754029 -1.080384 -1.905645 0.178000 -0.151616 0.178000 1.223940  -1  -1  -1 
59356.217239 0.979203 0.284734 -1.117000 0.178000 0.689932 -1.732857 -1.059349 -1.790508 0.178000 -0.057651 0.178000 1.223940  -1  -1  -1 
59357.255224 -0.883019 0.642634 2.302000 0.188000 0.689932 2.006225 2.478003 1.830223 0.188000 -0.176003 0.188000 1.223940  -1  -1  -1 
59357.265503 -0.872740 0.646178 1.459000 0.188000 0.689932 2.009799 2.477766 0.991033 0.188000 -1.018766 0.188000 1.223940  -1  -1  -1 
59357.277188 -0.861055 0.650207 3.494000 0.188000 0.689932 2.012885 2.476477 3.030408 0.188000 1.017523 0.188000 1.223940  -1  -1  -1 
59358.119845 -0.018398 0.940758 -1.335000 0.178000 0.689932 -0.095178 -0.060136 -1.370042 0.178000 -1.274864 0.178000 1.223940  -1  -1  -1 
59358.129676 -0.008567 0.944148 -1.507000 0.179000 0.689932 -0.139344 -0.110491 -1.535854 0.179000 -1.396509 0.179000 1.223940  -1  -1  -1 
59358.137335 -0.000908 0.946788 -0.473000 0.178000 0.689932 -0.173868 -0.149851 -0.497017 0.178000 -0.323149 0.178000 1.223940  -1  -1  -1 
59359.215201 1.076958 0.318440 -4.170000 0.178000 0.689932 -1.306968 -2.065302 -3.411667 0.178000 -2.104698 0.178000 1.223940  -1  -1  -1 
59359.265786 1.127543 0.335882 0.097000 0.177000 0.689932 -1.062328 -1.859984 0.894656 0.177000 1.956984 0.177000 1.223940  -1  -1  -1 
59359.269109 1.130866 0.337027 -0.931000 0.177000 0.689932 -1.045849 -1.846089 -0.130760 0.177000 0.915089 0.177000 1.223940  -1  -1  -1 
