# time Tc_folded Tref_folded model 
59318.211098 0.675753 0.180103    -2.372003
59318.265916 0.730572 0.199005    -2.349941
59318.320735 0.785390 0.217906    -2.284404
59318.375553 0.840208 0.236808    -2.176472
59318.430372 0.895027 0.255709    -2.028625
59318.485190 0.949845 0.274611    -1.844624
59318.540009 1.004664 0.293512    -1.629293
59318.594827 1.059482 0.312414    -1.388242
59318.649645 1.114300 0.331315    -1.127551
59318.704464 1.169119 0.350217    -0.853455
59318.759282 1.223937 0.369119    -0.572061
59318.814101 1.278756 0.388020    -0.289119
59318.868919 1.333574 0.406922    -0.009853
59318.923738 1.388393 0.425823     0.261146
59318.978556 1.443211 0.444725     0.519963
59319.033374 -1.402177 0.463626     0.763364
59319.088193 -1.347359 0.482528     0.988757
59319.143011 -1.292541 0.501429     1.194139
59319.197830 -1.237722 0.520331     1.378024
59319.252648 -1.182904 0.539233     1.539366
59319.307467 -1.128085 0.558134     1.677492
59319.362285 -1.073267 0.577036     1.792029
59319.417103 -1.018448 0.595937     1.882846
59319.471922 -0.963630 0.614839     1.950000
59319.526740 -0.908812 0.633740     1.993695
59319.581559 -0.853993 0.652642     2.014247
59319.636377 -0.799175 0.671543     2.012055
59319.691196 -0.744356 0.690445     1.987585
59319.746014 -0.689538 0.709347     1.941356
59319.800832 -0.634720 0.728248     1.873934
59319.855651 -0.579901 0.747150     1.785929
59319.910469 -0.525083 0.766051     1.678004
59319.965288 -0.470264 0.784953     1.550879
59320.020106 -0.415446 0.803854     1.405349
59320.074925 -0.360627 0.822756     1.242301
59320.129743 -0.305809 0.841657     1.062739
59320.184561 -0.250991 0.860559     0.867810
59320.239380 -0.196172 0.879461     0.658840
59320.294198 -0.141354 0.898362     0.437367
59320.349017 -0.086535 0.917264     0.205182
59320.403835 -0.031717 0.936165    -0.035631
59320.458654 0.023102 0.955067    -0.282652
59320.513472 0.077920 0.973968    -0.533091
59320.568290 0.132738 0.992870    -0.783760
59320.623109 0.187557 0.011771    -1.031055
59320.677927 0.242375 0.030673    -1.270964
59320.732746 0.297194 0.049575    -1.499100
59320.787564 0.352012 0.068476    -1.710773
59320.842383 0.406831 0.087378    -1.901101
59320.897201 0.461649 0.106279    -2.065168
59320.952019 0.516467 0.125181    -2.198233
59321.006838 0.571286 0.144082    -2.295966
59321.061656 0.626104 0.162984    -2.354719
59321.116475 0.680923 0.181885    -2.371781
59321.171293 0.735741 0.200787    -2.345611
59321.226112 0.790560 0.219689    -2.276007
59321.280930 0.845378 0.238590    -2.164184
59321.335748 0.900196 0.257492    -2.012749
59321.390567 0.955015 0.276393    -1.825573
59321.445385 1.009833 0.295295    -1.607567
59321.500204 1.064652 0.314196    -1.364399
59321.555022 1.119470 0.333098    -1.102178
59321.609841 1.174289 0.352000    -0.827136
59321.664659 1.229107 0.370901    -0.545358
59321.719477 1.283925 0.389803    -0.262549
59321.774296 1.338744 0.408704     0.016123
59321.829114 1.393562 0.427606     0.286130
59321.883933 1.448381 0.446507     0.543621
59321.938751 -1.397008 0.465409     0.785424
59321.993569 -1.342189 0.484310     1.009007
59322.048388 -1.287371 0.503212     1.212418
59322.103206 -1.232553 0.522114     1.394215
59322.158025 -1.177734 0.541015     1.553391
59322.212843 -1.122916 0.559917     1.689304
59322.267662 -1.068097 0.578818     1.801607
59322.322480 -1.013279 0.597720     1.890187
59322.377298 -0.958460 0.616621     1.955118
59322.432117 -0.903642 0.635523     1.996616
59322.486935 -0.848824 0.654424     2.015005
59322.541754 -0.794005 0.673326     2.010691
59322.596572 -0.739187 0.692228     1.984146
59322.651391 -0.684368 0.711129     1.935894
59322.706209 -0.629550 0.730031     1.866504
59322.761027 -0.574731 0.748932     1.776591
59322.815846 -0.519913 0.767834     1.666824
59322.870664 -0.465095 0.786735     1.537928
59322.925483 -0.410276 0.805637     1.390706
59322.980301 -0.355458 0.824538     1.226056
59323.035120 -0.300639 0.843440     1.044993
59323.089938 -0.245821 0.862342     0.848681
59323.144756 -0.191002 0.881243     0.638462
59323.199575 -0.136184 0.900145     0.415898
59323.254393 -0.081366 0.919046     0.182806
59323.309212 -0.026547 0.937948    -0.058701
59323.364030 0.028271 0.956849    -0.306170
59323.418849 0.083090 0.975751    -0.556774
59323.473667 0.137908 0.994652    -0.807285
59323.528485 0.192727 0.013554    -1.054061
59323.583304 0.247545 0.032456    -1.293052
59323.638122 0.302363 0.051357    -1.519840
59323.692941 0.357182 0.070259    -1.729711
59323.747759 0.412000 0.089160    -1.917771
59323.802578 0.466819 0.108062    -2.079112
59323.857396 0.521637 0.126963    -2.209021
59323.912214 0.576456 0.145865    -2.303222
59323.967033 0.631274 0.164766    -2.358142
59324.021851 0.686092 0.183668    -2.371172
59324.076670 0.740911 0.202570    -2.340894
59324.131488 0.795729 0.221471    -2.267234
59324.186307 0.850548 0.240373    -2.151543
59324.241125 0.905366 0.259274    -1.996554
59324.295943 0.960185 0.278176    -1.806246
59324.350762 1.015003 0.297077    -1.585616
59324.405580 1.069821 0.315979    -1.340387
59324.460399 1.124640 0.334880    -1.076691
59324.515217 1.179458 0.353782    -0.800759
59324.570036 1.234277 0.372684    -0.518647
59324.624854 1.289095 0.391585    -0.236017
59324.679672 1.343914 0.410487     0.042021
59324.734491 1.398732 0.429388     0.311001
59324.789309 -1.446657 0.448290     0.567138
59324.844128 -1.391838 0.467191     0.807322
59324.898946 -1.337020 0.486093     1.029078
59324.953765 -1.282201 0.504994     1.230504
59325.008583 -1.227383 0.523896     1.410204
59325.063401 -1.172564 0.542798     1.567209
59325.118220 -1.117746 0.561699     1.700907
59325.173038 -1.062928 0.580601     1.810974
59325.227857 -1.008109 0.599502     1.897318
59325.282675 -0.953291 0.618404     1.960028
59325.337494 -0.898472 0.637305     1.999331
59325.392312 -0.843654 0.656207     2.015560
59325.447130 -0.788835 0.675108     2.009129
59325.501949 -0.734017 0.694010     1.980514
59325.556767 -0.679199 0.712912     1.930243
59325.611586 -0.624380 0.731813     1.858891
59325.666404 -0.569562 0.750715     1.767077
59325.721223 -0.514743 0.769616     1.655473
59325.776041 -0.459925 0.788518     1.524813
59325.830859 -0.405106 0.807419     1.375908
59325.885678 -0.350288 0.826321     1.209665
59325.940496 -0.295470 0.845223     1.027111
59325.995315 -0.240651 0.864124     0.829427
59326.050133 -0.185833 0.883026     0.617974
59326.104952 -0.131014 0.901927     0.394336
59326.159770 -0.076196 0.920829     0.160354
59326.214588 -0.021377 0.939730    -0.081826
59326.269407 0.033441 0.958632    -0.329717
59326.324225 0.088259 0.977533    -0.580456
59326.379044 0.143078 0.996435    -0.830777
59326.433862 0.197896 0.015337    -1.076998
59326.488681 0.252715 0.034238    -1.315032
59326.543499 0.307533 0.053140    -1.540430
59326.598317 0.362352 0.072041    -1.748454
59326.653136 0.417170 0.090943    -1.934203
59326.707954 0.471988 0.109844    -2.092776
59326.762773 0.526807 0.128746    -2.219491
59326.817591 0.581625 0.147647    -2.310127
59326.872410 0.636444 0.166549    -2.361191
59326.927228 0.691262 0.185451    -2.370178
59326.982046 0.746081 0.204352    -2.335789
59327.036865 0.800899 0.223254    -2.258086
59327.091683 0.855717 0.242155    -2.138552
59327.146502 0.910536 0.261057    -1.980044
59327.201320 0.965354 0.279958    -1.786650
59327.256139 1.020173 0.298860    -1.563447
59327.310957 1.074991 0.317761    -1.316211
59327.365775 1.129810 0.336663    -1.051095
59327.420594 1.184628 0.355565    -0.774326
59327.475412 1.239446 0.374466    -0.491931
59327.530231 1.294265 0.393368    -0.209526
59327.585049 1.349083 0.412269     0.067838
59327.639868 1.403902 0.431171     0.335758
59327.694686 -1.441487 0.450072     0.590513
59327.749504 -1.386668 0.468974     0.829056
59327.804323 -1.331850 0.487875     1.048967
59327.859141 -1.277032 0.506777     1.248397
59327.913960 -1.222213 0.525679     1.425992
59327.968778 -1.167395 0.544580     1.580820
59328.023597 -1.112576 0.563482     1.712299
59328.078415 -1.057758 0.582383     1.820129
59328.133233 -1.002939 0.601285     1.904239
59328.188052 -0.948121 0.620186     1.964730
59328.242870 -0.893303 0.639088     2.001841
59328.297689 -0.838484 0.657989     2.015915
59328.352507 -0.783666 0.676891     2.007370
59328.407326 -0.728847 0.695793     1.976690
59328.462144 -0.674029 0.714694     1.924406
59328.516962 -0.619210 0.733596     1.851096
59328.571781 -0.564392 0.752497     1.757386
59328.626599 -0.509574 0.771399     1.643953
59328.681418 -0.454755 0.790300     1.511537
59328.736236 -0.399937 0.809202     1.360956
59328.791054 -0.345118 0.828103     1.193128
59328.845873 -0.290300 0.847005     1.009095
59328.900691 -0.235481 0.865907     0.810051
59328.955510 -0.180663 0.884808     0.597378
59329.010328 -0.125845 0.903710     0.372680
59329.065147 -0.071026 0.922611     0.137829
59329.119965 -0.016208 0.941513    -0.105001
59329.174783 0.038611 0.960414    -0.353289
59329.229602 0.093429 0.979316    -0.604135
59329.284420 0.148248 0.998217    -0.854233
59329.339239 0.203066 0.017119    -1.099862
59329.394057 0.257884 0.036021    -1.336900
59329.448876 0.312703 0.054922    -1.560865
59329.503694 0.367521 0.073824    -1.766999
59329.558512 0.422340 0.092725    -1.950393
59329.613331 0.477158 0.111627    -2.106157
59329.668149 0.531977 0.130528    -2.229640
59329.722968 0.586795 0.149430    -2.316680
59329.777786 0.641613 0.168331    -2.363865
59329.832605 0.696432 0.187233    -2.368797
59329.887423 0.751250 0.206135    -2.330299
59329.942241 0.806069 0.225036    -2.248565
59329.997060 0.860887 0.243938    -2.125213
59330.051878 0.915705 0.262839    -1.963223
59330.106697 0.970524 0.281741    -1.766788
59330.161515 1.025342 0.300642    -1.541064
59330.216334 1.080161 0.319544    -1.291875
59330.271152 1.134979 0.338446    -1.025396
59330.325970 1.189798 0.357347    -0.747844
59330.380789 1.244616 0.376249    -0.465216
59330.435607 1.299434 0.395150    -0.183080
59330.490426 1.354253 0.414052     0.093571
59330.545244 1.409071 0.432953     0.360398
59330.600063 -1.436317 0.451855     0.613744
59330.654881 -1.381499 0.470756     0.850623
59330.709699 -1.326680 0.489658     1.068673
59330.764518 -1.271862 0.508560     1.266095
59330.819336 -1.217043 0.527461     1.441577
59330.874155 -1.162225 0.546363     1.594223
59330.928973 -1.107407 0.565264     1.723480
59330.983792 -1.052588 0.584166     1.829074
59331.038610 -0.997770 0.603067     1.910949
59331.093428 -0.942951 0.621969     1.969223
59331.148247 -0.888133 0.640870     2.004146
59331.203065 -0.833315 0.659772     2.016068
59331.257884 -0.778496 0.678674     2.005414
59331.312702 -0.723678 0.697575     1.972673
59331.367521 -0.668859 0.716477     1.918381
59331.422339 -0.614041 0.735378     1.843120
59331.477157 -0.559222 0.754280     1.747520
59331.531976 -0.504404 0.773181     1.632264
59331.586794 -0.449586 0.792083     1.498098
59331.641613 -0.394767 0.810984     1.345850
59331.696431 -0.339949 0.829886     1.176448
59331.751250 -0.285130 0.848788     0.990945
59331.806068 -0.230312 0.867689     0.790554
59331.860886 -0.175493 0.886591     0.576674
59331.915705 -0.120675 0.905492     0.350935
59331.970523 -0.065857 0.924394     0.115233
59332.025342 -0.011038 0.943295    -0.128225
59332.080160 0.043780 0.962197    -0.376884
59332.134979 0.098599 0.981098    -0.627807
59332.189797 0.153417 0.000000    -0.877649
59332.244615 0.208236 0.018902    -1.122651
59332.299434 0.263054 0.037803    -1.358652
59332.354252 0.317872 0.056705    -1.581142
59332.409071 0.372691 0.075606    -1.785343
59332.463889 0.427509 0.094508    -1.966337
59332.518708 0.482328 0.113409    -2.119250
59332.573526 0.537146 0.132311    -2.239464
59332.628344 0.591965 0.151212    -2.322877
59332.683163 0.646783 0.170114    -2.366163
59332.737981 0.701601 0.189016    -2.367028
59332.792800 0.756420 0.207917    -2.324423
59332.847618 0.811238 0.226819    -2.238673
59332.902437 0.866057 0.245720    -2.111529
59332.957255 0.920875 0.264622    -1.946095
59333.012073 0.975694 0.283523    -1.746665
59333.066892 1.030512 0.302425    -1.518471
59333.121710 1.085330 0.321326    -1.267385
59333.176529 1.140149 0.340228    -0.999598
59333.231347 1.194967 0.359130    -0.721317
59333.286166 1.249786 0.378031    -0.438506
59333.340984 1.304604 0.396933    -0.156683
59333.395802 1.359423 0.415834     0.119216
59333.450621 1.414241 0.434736     0.384917
59333.505439 -1.431148 0.453637     0.636827
59333.560258 -1.376329 0.472539     0.872022
59333.615076 -1.321511 0.491440     1.088196
59333.669895 -1.266692 0.510342     1.283598
59333.724713 -1.211874 0.529244     1.456958
59333.779531 -1.157055 0.548145     1.607418
59333.834350 -1.102237 0.567047     1.734451
59333.889168 -1.047419 0.585948     1.837807
59333.943987 -0.992600 0.604850     1.917450
59333.998805 -0.937782 0.623751     1.973509
59334.053624 -0.882963 0.642653     2.006247
59334.108442 -0.828145 0.661554     2.016020
59334.163260 -0.773326 0.680456     2.003262
59334.218079 -0.718508 0.699358     1.968464
59334.272897 -0.663690 0.718259     1.912169
59334.327716 -0.608871 0.737161     1.834963
59334.382534 -0.554053 0.756062     1.737479
59334.437353 -0.499234 0.774964     1.620407
59334.492171 -0.444416 0.793865     1.484499
59334.546989 -0.389597 0.812767     1.330592
59334.601808 -0.334779 0.831669     1.159624
59334.656626 -0.279961 0.850570     0.972663
59334.711445 -0.225142 0.869472     0.770936
59334.766263 -0.170324 0.888373     0.555865
59334.821082 -0.115505 0.907275     0.329100
59334.875900 -0.060687 0.926176     0.092568
59334.930718 -0.005868 0.945078    -0.151496
59334.985537 0.048950 0.963979    -0.400500
59335.040355 0.103768 0.982881    -0.651471
59335.095174 0.158587 0.001783    -0.901023
59335.149992 0.213405 0.020684    -1.145359
59335.204811 0.268224 0.039586    -1.380284
59335.259629 0.323042 0.058487    -1.601257
59335.314447 0.377861 0.077389    -1.803479
59335.369266 0.432679 0.096290    -1.982031
59335.424084 0.487497 0.115192    -2.132052
59335.478903 0.542316 0.134093    -2.248961
59335.533721 0.597134 0.152995    -2.328717
59335.588540 0.651953 0.171897    -2.368082
59335.643358 0.706771 0.190798    -2.364872
59335.698176 0.761590 0.209700    -2.318162
59335.752995 0.816408 0.228601    -2.228412
59335.807813 0.871226 0.247503    -2.097505
59335.862632 0.926045 0.266404    -1.928664
59335.917450 0.980863 0.285306    -1.726286
59335.972268 1.035682 0.304207    -1.495675
59336.027087 1.090500 0.323109    -1.242747
59336.081905 1.145319 0.342011    -0.973707
59336.136724 1.200137 0.360912    -0.694750
59336.191542 1.254955 0.379814    -0.411805
59336.246361 1.309774 0.398715    -0.130340
59336.301179 1.364592 0.417617     0.144770
59336.355997 1.419411 0.436518     0.409312
59336.410816 -1.425978 0.455420     0.659762
59336.465634 -1.371159 0.474321     0.893252
59336.520453 -1.316341 0.493223     1.107534
59336.575271 -1.261523 0.512125     1.300904
59336.630090 -1.206704 0.531026     1.472136
59336.684908 -1.151886 0.549928     1.620404
59336.739726 -1.097067 0.568829     1.745211
59336.794545 -1.042249 0.587731     1.846330
59336.849363 -0.987430 0.606632     1.923740
59336.904182 -0.932612 0.625534     1.977588
59336.959000 -0.877794 0.644435     2.008143
59337.013819 -0.822975 0.663337     2.015772
59337.068637 -0.768157 0.682239     2.000913
59337.123455 -0.713338 0.701140     1.964065
59337.178274 -0.658520 0.720042     1.905772
59337.233092 -0.603701 0.738943     1.826625
59337.287911 -0.548883 0.757845     1.727264
59337.342729 -0.494065 0.776746     1.608382
59337.397548 -0.439246 0.795648     1.470740
59337.452366 -0.384428 0.814549     1.315181
59337.507184 -0.329609 0.833451     1.142657
59337.562003 -0.274791 0.852353     0.954249
59337.616821 -0.219972 0.871254     0.751200
59337.671640 -0.165154 0.890156     0.534951
59337.726458 -0.110336 0.909057     0.307179
59337.781277 -0.055517 0.927959     0.069835
59337.836095 -0.000699 0.946860    -0.174811
59337.890913 0.054120 0.965762    -0.424134
59337.945732 0.108938 0.984663    -0.675121
59338.000550 0.163757 0.003565    -0.924350
59338.055369 0.218575 0.022467    -1.167984
59338.110187 0.273393 0.041368    -1.401792
59338.165006 0.328212 0.060270    -1.621204
59338.219824 0.383030 0.079171    -1.821405
59338.274642 0.437849 0.098073    -1.997472
59338.329461 0.492667 0.116974    -2.144559
59338.384279 0.547486 0.135876    -2.258126
59338.439098 0.602304 0.154777    -2.334197
59338.493916 0.657122 0.173679    -2.369622
59338.548735 0.711941 0.192581    -2.362328
59338.603553 0.766759 0.211482    -2.311517
59338.658371 0.821578 0.230384    -2.217784
59338.713190 0.876396 0.249285    -2.083141
59338.768008 0.931215 0.268187    -1.910935
59338.822827 0.986033 0.287088    -1.705655
59338.877645 1.040851 0.305990    -1.472680
59338.932464 1.095670 0.324892    -1.217966
59338.987282 1.150488 0.343793    -0.947729
59339.042100 1.205307 0.362695    -0.668148
59339.096919 1.260125 0.381596    -0.385117
59339.151737 1.314944 0.400498    -0.104053
59339.206556 1.369762 0.419399     0.170229
59339.261374 1.424580 0.438301     0.433582
59339.316193 -1.420808 0.457202     0.682545
59339.371011 -1.365990 0.476104     0.914311
59339.425829 -1.311171 0.495006     1.126685
59339.480648 -1.256353 0.513907     1.318013
59339.535466 -1.201534 0.532809     1.487109
59339.590285 -1.146716 0.551710     1.633181
59339.645103 -1.091898 0.570612     1.755761
59339.699922 -1.037079 0.589513     1.854641
59339.754740 -0.982261 0.608415     1.929821
59339.809558 -0.927442 0.627316     1.981459
59339.864377 -0.872624 0.646218     2.009835
59339.919195 -0.817805 0.665120     2.015323
59339.974014 -0.762987 0.684021     1.998369
59340.028832 -0.708169 0.702923     1.959474
59340.083651 -0.653350 0.721824     1.899189
59340.138469 -0.598532 0.740726     1.818108
59340.193287 -0.543713 0.759627     1.716875
59340.248106 -0.488895 0.778529     1.596190
59340.302924 -0.434076 0.797430     1.456821
59340.357743 -0.379258 0.816332     1.299620
59340.412561 -0.324440 0.835234     1.125550
59340.467380 -0.269621 0.854135     0.935705
59340.522198 -0.214803 0.873037     0.731346
59340.577016 -0.159984 0.891938     0.513935
59340.631835 -0.105166 0.910840     0.285172
59340.686653 -0.050347 0.929741     0.047038
59340.741472 0.004471 0.948643    -0.198167
59340.796290 0.059289 0.967544    -0.447782
59340.851109 0.114108 0.986446    -0.698757
59340.905927 0.168926 0.005348    -0.947629
59340.960745 0.223745 0.024249    -1.190522
59341.015564 0.278563 0.043151    -1.423172
59341.070382 0.333382 0.062052    -1.640981
59341.125201 0.388200 0.080954    -1.839117
59341.180019 0.443018 0.099855    -2.012654
59341.234838 0.497837 0.118757    -2.156767
59341.289656 0.552655 0.137658    -2.266957
59341.344474 0.607474 0.156560    -2.339314
59341.399293 0.662292 0.175462    -2.370781
59341.454111 0.717111 0.194363    -2.359396
59341.508930 0.771929 0.213265    -2.304489
59341.563748 0.826747 0.232166    -2.206791
59341.618567 0.881566 0.251068    -2.068443
59341.673385 0.936384 0.269969    -1.892910
59341.728203 0.991203 0.288871    -1.684777
59341.783022 1.046021 0.307772    -1.449492
59341.837840 1.100839 0.326674    -1.193047
59341.892659 1.155658 0.345576    -0.921667
59341.947477 1.210476 0.364477    -0.641515
59342.002296 1.265295 0.383379    -0.358447
59342.057114 1.320113 0.402280    -0.077828
59342.111932 1.374932 0.421182     0.195590
59342.166751 1.429750 0.440083     0.457724
59342.221569 -1.415638 0.458985     0.705174
59342.276388 -1.360820 0.477886     0.935197
59342.331206 -1.306002 0.496788     1.145649
59342.386025 -1.251183 0.515690     1.334924
59342.440843 -1.196365 0.534591     1.501877
59342.495661 -1.141546 0.553493     1.645749
59342.550480 -1.086728 0.572394     1.766099
59342.605298 -1.031909 0.591296     1.862742
59342.660117 -0.977091 0.610197     1.935693
59342.714935 -0.922273 0.629099     1.985123
59342.769753 -0.867454 0.648000     2.011324
59342.824572 -0.812636 0.666902     2.014676
59342.879390 -0.757817 0.685804     1.995630
59342.934209 -0.702999 0.704705     1.954694
59342.989027 -0.648181 0.723607     1.892421
59343.043846 -0.593362 0.742508     1.809411
59343.098664 -0.538544 0.761410     1.706313
59343.153482 -0.483725 0.780311     1.583832
59343.208301 -0.428907 0.799213     1.442743
59343.263119 -0.374088 0.818115     1.283909
59343.317938 -0.319270 0.837016     1.108302
59343.372756 -0.264452 0.855918     0.917031
59343.427575 -0.209633 0.874819     0.711376
59343.482393 -0.154815 0.893721     0.492817
59343.537211 -0.099996 0.912622     0.263081
59343.592030 -0.045178 0.931524     0.024177
59343.646848 0.009641 0.950425    -0.221564
59343.701667 0.064459 0.969327    -0.471444
59343.756485 0.119277 0.988229    -0.722374
59343.811304 0.174096 0.007130    -0.970854
59343.866122 0.228914 0.026032    -1.212969
59343.920940 0.283733 0.044933    -1.444420
59343.975759 0.338551 0.063835    -1.660583
59344.030577 0.393370 0.082736    -1.856609
59344.085396 0.448188 0.101638    -2.027575
59344.140214 0.503006 0.120539    -2.168673
59344.195033 0.557825 0.139441    -2.275451
59344.249851 0.612643 0.158343    -2.344068
59344.304669 0.667462 0.177244    -2.371558
59344.359488 0.722280 0.196146    -2.356076
59344.414306 0.777099 0.215047    -2.297080
59344.469125 0.831917 0.233949    -2.195435
59344.523943 0.886735 0.252850    -2.053414
59344.578762 0.941554 0.271752    -1.874595
59344.633580 0.996372 0.290653    -1.663658
59344.688398 1.051191 0.309555    -1.426115
59344.743217 1.106009 0.328457    -1.167995
59344.798035 1.160828 0.347358    -0.895528
59344.852854 1.215646 0.366260    -0.614857
59344.907672 1.270464 0.385161    -0.331800
59344.962491 1.325283 0.404063    -0.051667
59345.017309 1.380101 0.422964     0.220851
59345.072127 1.434920 0.441866     0.481735
59345.126946 -1.410469 0.460767     0.727649
59345.181764 -1.355650 0.479669     0.955908
59345.236583 -1.300832 0.498571     1.164424
59345.291401 -1.246014 0.517472     1.351637
59345.346220 -1.191195 0.536374     1.516440
59345.401038 -1.136377 0.555275     1.658108
59345.455856 -1.081558 0.574177     1.776227
59345.510675 -1.026740 0.593078     1.870632
59345.565493 -0.971921 0.611980     1.941355
59345.620312 -0.917103 0.630881     1.988581
59345.675130 -0.862285 0.649783     2.012609
59345.729949 -0.807466 0.668685     2.013828
59345.784767 -0.752648 0.687586     1.992696
59345.839585 -0.697829 0.706488     1.949723
59345.894404 -0.643011 0.725389     1.885468
59345.949222 -0.588192 0.744291     1.800536
59346.004041 -0.533374 0.763192     1.695579
59346.058859 -0.478556 0.782094     1.571309
59346.113678 -0.423737 0.800995     1.428508
59346.168496 -0.368919 0.819897     1.268048
59346.223314 -0.314100 0.838799     1.090914
59346.278133 -0.259282 0.857700     0.898230
59346.332951 -0.204463 0.876602     0.691290
59346.387770 -0.149645 0.895503     0.471600
59346.442588 -0.094827 0.914405     0.240909
59346.497407 -0.040008 0.933306     0.001255
59346.552225 0.014810 0.952208    -0.244997
59346.607043 0.069629 0.971109    -0.495114
59346.661862 0.124447 0.990011    -0.745970
59346.716680 0.179266 0.008913    -0.994022
59346.771499 0.234084 0.027814    -1.235321
59346.826317 0.288902 0.046716    -1.465533
59346.881136 0.343721 0.065617    -1.680006
59346.935954 0.398539 0.084519    -1.873879
59346.990772 0.453358 0.103420    -2.042229
59347.045591 0.508176 0.122322    -2.180274
59347.100409 0.562995 0.141224    -2.283606
59347.155228 0.617813 0.160125    -2.348454
59347.210046 0.672631 0.179027    -2.371952
59347.264865 0.727450 0.197928    -2.352368
59347.319683 0.782268 0.216830    -2.289291
59347.374501 0.837087 0.235731    -2.183719
59347.429320 0.891905 0.254633    -2.038056
59347.484138 0.946724 0.273534    -1.855993
59347.538957 1.001542 0.292436    -1.642302
59347.593775 1.056360 0.311338    -1.402555
59347.648594 1.111179 0.330239    -1.142815
59347.703412 1.165997 0.349141    -0.869316
59347.758230 1.220816 0.368042    -0.588179
59347.813049 1.275634 0.386944    -0.305179
59347.867867 1.330453 0.405845    -0.025574
59347.922686 1.385271 0.424747     0.246007
59347.977504 1.440089 0.443648     0.505611
59348.032323 -1.405299 0.462550     0.749965
59348.087141 -1.350481 0.481452     0.976443
59348.141959 -1.295662 0.500353     1.183009
59348.196778 -1.240844 0.519255     1.368149
59348.251596 -1.186025 0.538156     1.530797
59348.306415 -1.131207 0.557058     1.670257
59348.361233 -1.076389 0.575959     1.786143
59348.416052 -1.021570 0.594861     1.878311
59348.470870 -0.966752 0.613762     1.946808
59348.525688 -0.911933 0.632664     1.991832
59348.580507 -0.857115 0.651566     2.013691
59348.635325 -0.802296 0.670467     2.012783
59348.690144 -0.747478 0.689369     1.989568
59348.744962 -0.692660 0.708270     1.944563
59348.799781 -0.637841 0.727172     1.878332
59348.854599 -0.583023 0.746073     1.791482
59348.909417 -0.528204 0.764975     1.684673
59348.964236 -0.473386 0.783876     1.558620
59349.019054 -0.418567 0.802778     1.414115
59349.073873 -0.363749 0.821680     1.252039
59349.128691 -0.308931 0.840581     1.073388
59349.183510 -0.254112 0.859483     0.879301
59349.238328 -0.199294 0.878384     0.671092
59349.293146 -0.144475 0.897286     0.450285
59349.347965 -0.089657 0.916187     0.218657
59349.402783 -0.034838 0.935089    -0.021726
59349.457602 0.019980 0.953990    -0.268465
59349.512420 0.074798 0.972892    -0.518792
59349.567239 0.129617 0.991794    -0.769541
59349.622057 0.184435 0.010695    -1.017132
59349.676875 0.239254 0.029597    -1.257575
59349.731694 0.294072 0.048498    -1.486505
59349.786512 0.348891 0.067400    -1.699246
59349.841331 0.403709 0.086301    -1.890922
59349.896149 0.458527 0.105203    -2.056614
59349.950967 0.513346 0.124104    -2.191566
59350.005786 0.568164 0.143006    -2.291417
59350.060604 0.622983 0.161908    -2.352472
59350.115423 0.677801 0.180809    -2.371961
59350.170241 0.732620 0.199711    -2.348272
59350.225060 0.787438 0.218612    -2.281123
59350.279878 0.842256 0.237514    -2.171646
59350.334696 0.897075 0.256415    -2.022374
59350.389515 0.951893 0.275317    -1.837110
59350.444333 1.006712 0.294218    -1.620713
59350.499152 1.061530 0.313120    -1.378817
59350.553970 1.116349 0.332022    -1.117513
59350.608789 1.171167 0.350923    -0.843036
59350.663607 1.225985 0.369825    -0.561484
59350.718425 1.280804 0.388726    -0.278589
59350.773244 1.335622 0.407628     0.000447
59350.828062 1.390441 0.426529     0.271057
59350.882881 1.445259 0.445431     0.529352
59350.937699 -1.400129 0.464332     0.772123
59350.992518 -1.345311 0.483234     0.996801
59351.047336 -1.290493 0.502136     1.201404
59351.102154 -1.235674 0.521037     1.384462
59351.156973 -1.180856 0.539939     1.544947
59351.211791 -1.126037 0.558840     1.682197
59351.266610 -1.071219 0.577742     1.795849
59351.321428 -1.016400 0.596643     1.885779
59351.376247 -0.961582 0.615545     1.952053
59351.431065 -0.906764 0.634447     1.994877
59351.485883 -0.851945 0.653348     2.014571
59351.540702 -0.797127 0.672250     2.011538
59351.595520 -0.742308 0.691151     1.986246
59351.650339 -0.687490 0.710053     1.939215
59351.705157 -0.632671 0.728954     1.871012
59351.759976 -0.577853 0.747856     1.782251
59351.814794 -0.523035 0.766757     1.673595
59351.869612 -0.468216 0.785659     1.545768
59351.924431 -0.413398 0.804561     1.399567
59351.979249 -0.358579 0.823462     1.235883
59352.034068 -0.303761 0.842364     1.055725
59352.088886 -0.248942 0.861265     0.860247
59352.143705 -0.194124 0.880167     0.650781
59352.198523 -0.139306 0.899068     0.428874
59352.253341 -0.084487 0.917970     0.196327
59352.308160 -0.029669 0.936871    -0.044764
59352.362978 0.025150 0.955773    -0.291965
59352.417797 0.079968 0.974675    -0.542473
59352.472615 0.134787 0.993576    -0.793084
59352.527434 0.189605 0.012478    -1.040177
59352.582252 0.244423 0.031379    -1.279727
59352.637070 0.299242 0.050281    -1.507334
59352.691889 0.354060 0.069182    -1.718298
59352.746707 0.408879 0.088084    -1.907733
59352.801526 0.463697 0.106985    -2.070725
59352.856344 0.518516 0.125887    -2.202544
59352.911163 0.573334 0.144789    -2.298882
59352.965981 0.628152 0.163690    -2.356120
59353.020799 0.682971 0.182592    -2.371586
59353.075618 0.737789 0.201493    -2.343788
59353.130436 0.792608 0.220395    -2.272577
59353.185255 0.847426 0.239296    -2.159218
59353.240073 0.902244 0.258198    -2.006371
59353.294892 0.957063 0.277099    -1.817949
59353.349710 1.011881 0.296001    -1.598897
59353.404528 1.066700 0.314903    -1.354907
59353.459347 1.121518 0.333804    -1.092094
59353.514165 1.176337 0.352706    -0.816693
59353.568984 1.231155 0.371607    -0.534777
59353.623802 1.285973 0.390509    -0.252033
59353.678621 1.340792 0.409410     0.026392
59353.733439 1.395610 0.428312     0.295996
59353.788257 -1.449778 0.447213     0.552954
59353.843076 -1.394960 0.466115     0.794119
59353.897894 -1.340141 0.485017     1.016980
59353.952713 -1.285323 0.503918     1.219606
59354.007531 -1.230504 0.522820     1.400573
59354.062350 -1.175686 0.541721     1.558890
59354.117168 -1.120868 0.560623     1.693926
59354.171986 -1.066049 0.579524     1.805343
59354.226805 -1.011231 0.598426     1.893037
59354.281623 -0.956412 0.617327     1.957088
59354.336442 -0.901594 0.636229     1.997716
59354.391260 -0.846776 0.655131     2.015249
59354.446079 -0.791957 0.674032     2.010096
59354.500897 -0.737139 0.692934     1.982730
59354.555715 -0.682320 0.711835     1.933678
59354.610534 -0.627502 0.730737     1.863510
59354.665352 -0.572683 0.749638     1.772843
59354.720171 -0.517865 0.768540     1.662347
59354.774989 -0.463047 0.787441     1.532752
59354.829808 -0.408228 0.806343     1.384862
59354.884626 -0.353410 0.825245     1.219580
59354.939444 -0.298591 0.844146     1.037925
59354.994263 -0.243773 0.863048     0.841068
59355.049081 -0.188954 0.881949     0.630359
59355.103900 -0.134136 0.900851     0.407367
59355.158718 -0.079318 0.919752     0.173920
59355.213537 -0.024499 0.938654    -0.067856
59355.268355 0.030319 0.957555    -0.315495
59355.323173 0.085138 0.976457    -0.566156
59355.377992 0.139956 0.995359    -0.816596
59355.432810 0.194775 0.014260    -1.063156
59355.487629 0.249593 0.033162    -1.301773
59355.542447 0.304411 0.052063    -1.528015
59355.597266 0.359230 0.070965    -1.737160
59355.652084 0.414048 0.089866    -1.924309
59355.706902 0.468867 0.108768    -2.084559
59355.761721 0.523685 0.127670    -2.213207
59355.816539 0.578504 0.146571    -2.305999
59355.871358 0.633322 0.165473    -2.359395
59355.926176 0.688140 0.184374    -2.370825
59355.980995 0.742959 0.203276    -2.338918
59356.035813 0.797777 0.222177    -2.263655
59356.090631 0.852596 0.241079    -2.146438
59356.145450 0.907414 0.259980    -1.990051
59356.200268 0.962233 0.278882    -1.798515
59356.255087 1.017051 0.297784    -1.576860
59356.309905 1.071869 0.316685    -1.330829
59356.364724 1.126688 0.335587    -1.066563
59356.419542 1.181506 0.354488    -0.790293
59356.474360 1.236325 0.373390    -0.508063
59356.529179 1.291143 0.392291    -0.225517
59356.583997 1.345962 0.411193     0.052259
59356.638816 1.400780 0.430094     0.320823
59356.693634 -1.444609 0.448996     0.576416
59356.748452 -1.389790 0.467898     0.815952
59356.803271 -1.334972 0.486799     1.036979
59356.858089 -1.280153 0.505701     1.237616
59356.912908 -1.225335 0.524602     1.416483
59356.967726 -1.170516 0.543504     1.572626
59357.022545 -1.115698 0.562405     1.705445
59357.077363 -1.060880 0.581307     1.814626
59357.132181 -1.006061 0.600208     1.900085
59357.187000 -0.951243 0.619110     1.961916
59357.241818 -0.896424 0.638012     2.000350
59357.296637 -0.841606 0.656913     2.015725
59357.351455 -0.786787 0.675815     2.008456
59357.406274 -0.731969 0.694716     1.979022
59357.461092 -0.677151 0.713618     1.927953
59357.515910 -0.622332 0.732519     1.855825
59357.570729 -0.567514 0.751421     1.763259
59357.625547 -0.512695 0.770322     1.650929
59357.680366 -0.457877 0.789224     1.519573
59357.735184 -0.403058 0.808126     1.370003
59357.790003 -0.348240 0.827027     1.203131
59357.844821 -0.293422 0.845929     1.019990
59357.899639 -0.238603 0.864830     0.821766
59357.954458 -0.183785 0.883732     0.609828
59358.009276 -0.128966 0.902633     0.385768
59358.064095 -0.074148 0.921535     0.151439
59358.118913 -0.019329 0.940436    -0.091001
59358.173732 0.035489 0.959338    -0.339052
59358.228550 0.090307 0.978240    -0.589837
59358.283368 0.145126 0.997141    -0.840074
59358.338187 0.199944 0.016043    -1.086065
59358.393005 0.254763 0.034944    -1.323709
59358.447824 0.309581 0.053846    -1.548544
59358.502642 0.364400 0.072747    -1.755825
59358.557461 0.419218 0.091649    -1.940646
59358.612279 0.474036 0.110550    -2.098111
59358.667097 0.528855 0.129452    -2.223551
59358.721916 0.583673 0.148354    -2.312765
59358.776734 0.638492 0.167255    -2.362296
59358.831553 0.693310 0.186157    -2.369677
59358.886371 0.748129 0.205058    -2.333660
59358.941190 0.802947 0.223960    -2.254359
59358.996008 0.857765 0.242861    -2.133309
59359.050826 0.912584 0.261763    -1.973417
59359.105645 0.967402 0.280664    -1.778813
59359.160463 1.022221 0.299566    -1.554605
59359.215282 1.077039 0.318468    -1.306588
59359.270100 1.131858 0.337369    -1.040926
59359.324919 1.186676 0.356271    -0.763841
59359.379737 1.241494 0.375172    -0.481348
59359.434555 1.296313 0.394074    -0.199043
59359.489374 1.351131 0.412975     0.078043
59359.544192 1.405950 0.431877     0.345534
59359.599011 -1.439439 0.450778     0.599734
59359.653829 -1.384620 0.469680     0.837620
59359.708648 -1.329802 0.488582     1.056796
59359.763466 -1.274984 0.507483     1.255432
59359.818284 -1.220165 0.526385     1.432190
59359.873103 -1.165347 0.545286     1.586155
59359.927921 -1.110528 0.564188     1.716754
59359.982740 -1.055710 0.583089     1.823698
59360.037558 -1.000891 0.601991     1.906922
59360.092377 -0.946073 0.620893     1.966535
59360.147195 -0.891255 0.639794     2.002779
59360.202013 -0.836436 0.658696     2.015999
59360.256832 -0.781618 0.677597     2.006619
59360.311650 -0.726799 0.696499     1.975121
59360.366469 -0.671981 0.715400     1.922041
59360.421287 -0.617162 0.734302     1.847958
59360.476106 -0.562344 0.753203     1.753499
59360.530924 -0.507526 0.772105     1.639342
59360.585742 -0.452707 0.791007     1.506232
59360.640561 -0.397889 0.809908     1.354990
59360.695379 -0.343070 0.828810     1.186537
59360.750198 -0.288252 0.847711     1.001921
59360.805016 -0.233433 0.866613     0.802342
59360.859835 -0.178615 0.885514     0.589188
59360.914653 -0.123797 0.904416     0.364076
59360.969471 -0.068978 0.923317     0.128886
59361.024290 -0.014160 0.942219    -0.114196
59361.079108 0.040659 0.961121    -0.362634
59361.133927 0.095477 0.980022    -0.613514
59361.188745 0.150296 0.998924    -0.863515
59361.243564 0.205114 0.017825    -1.108899
59361.298382 0.259932 0.036727    -1.345532
59361.353200 0.314751 0.055628    -1.568917
59361.408019 0.369569 0.074530    -1.774291
59361.462837 0.424388 0.093431    -1.956739
59361.517656 0.479206 0.112333    -2.111378
59361.572474 0.534025 0.131235    -2.233571
59361.627293 0.588843 0.150136    -2.319177
59361.682111 0.643661 0.169038    -2.364821
59361.736929 0.698480 0.187939    -2.368143
59361.791748 0.753298 0.206841    -2.328017
59361.846566 0.808117 0.225742    -2.244691
59361.901385 0.862935 0.244644    -2.119833
59361.956203 0.917754 0.263545    -1.956474
59362.011022 0.972572 0.282447    -1.758847
59362.065840 1.027390 0.301349    -1.532138
59362.120658 1.082209 0.320250    -1.282191
59362.175477 1.137027 0.339152    -1.015187
59362.230295 1.191846 0.358053    -0.737340
59362.285114 1.246664 0.376955    -0.454634
59362.339932 1.301483 0.395856    -0.172616
59362.394751 1.356301 0.414758     0.103741
59362.449569 1.411119 0.433659     0.370126
59362.504387 -1.434269 0.452561     0.622906
59362.559206 -1.379451 0.471463     0.859121
59362.614024 -1.324632 0.490364     1.076430
59362.668843 -1.269814 0.509266     1.273052
59362.723661 -1.214995 0.528167     1.447695
59362.778480 -1.160177 0.547069     1.599475
59362.833298 -1.105359 0.565970     1.727852
59362.888116 -1.050540 0.584872     1.832559
59362.942935 -0.995722 0.603773     1.913549
59362.997753 -0.940903 0.622675     1.970946
59363.052572 -0.886085 0.641577     2.005003
59363.107390 -0.831266 0.660478     2.016073
59363.162209 -0.776448 0.679380     2.004585
59363.217027 -0.721630 0.698281     1.971029
59363.271845 -0.666811 0.717183     1.915942
59363.326664 -0.611993 0.736084     1.839910
59363.381482 -0.557174 0.754986     1.743563
59363.436301 -0.502356 0.773887     1.627587
59363.491119 -0.447537 0.792789     1.492730
59363.545938 -0.392719 0.811691     1.339823
59363.600756 -0.337901 0.830592     1.169800
59363.655574 -0.283082 0.849494     0.983718
59363.710393 -0.228264 0.868395     0.782796
59363.765211 -0.173445 0.887297     0.568443
59363.820030 -0.118627 0.906198     0.342295
59363.874848 -0.063808 0.925100     0.106262
59363.929666 -0.008990 0.944001    -0.137439
59363.984485 0.045828 0.962903    -0.386238
59364.039303 0.100647 0.981805    -0.637183
59364.094122 0.155465 0.000706    -0.886914
59364.148940 0.210284 0.019608    -1.131656
59364.203759 0.265102 0.038509    -1.367236
59364.258577 0.319921 0.057411    -1.589130
59364.313395 0.374739 0.076312    -1.792553
59364.368214 0.429557 0.095214    -1.972585
59364.423032 0.484376 0.114116    -2.124356
59364.477851 0.539194 0.133017    -2.243266
59364.532669 0.594013 0.151919    -2.325234
59364.587488 0.648831 0.170820    -2.366969
59364.642306 0.703649 0.189722    -2.366221
59364.697124 0.758468 0.208623    -2.321988
59364.751943 0.813286 0.227525    -2.234652
59364.806761 0.868105 0.246426    -2.106014
59364.861580 0.922923 0.265328    -1.939226
59364.916398 0.977742 0.284230    -1.738622
59364.971217 1.032560 0.303131    -1.509464
59365.026035 1.087378 0.322033    -1.257642
59365.080853 1.142197 0.340934    -0.989352
59365.135672 1.197015 0.359836    -0.710797
59365.190490 1.251834 0.378737    -0.427926
59365.245309 1.306652 0.397639    -0.146240
59365.300127 1.361471 0.416540     0.129350
59365.354946 1.416289 0.435442     0.394596
59365.409764 -1.429099 0.454344     0.645931
59365.464582 -1.374281 0.473245     0.880453
59365.519401 -1.319463 0.492147     1.095879
59365.574219 -1.264644 0.511048     1.290477
59365.629038 -1.209826 0.529950     1.462996
59365.683856 -1.155007 0.548851     1.612587
59365.738675 -1.100189 0.567753     1.738739
59365.793493 -1.045371 0.586654     1.841209
59365.848311 -0.990552 0.605556     1.919967
59365.903130 -0.935734 0.624458     1.975150
59365.957948 -0.880915 0.643359     2.007022
59366.012767 -0.826097 0.662261     2.015946
59366.067585 -0.771278 0.681162     2.002355
59366.122404 -0.716460 0.700064     1.966744
59366.177222 -0.661642 0.718965     1.909657
59366.232040 -0.606823 0.737867     1.831681
59366.286859 -0.552005 0.756768     1.733453
59366.341677 -0.497186 0.775670     1.615663
59366.396496 -0.442368 0.794572     1.479067
59366.451314 -0.387549 0.813473     1.324505
59366.506133 -0.332731 0.832375     1.152919
59366.560951 -0.277913 0.851276     0.965384
59366.615769 -0.223094 0.870178     0.763132
59366.670588 -0.168276 0.889079     0.547592
59366.725406 -0.113457 0.907981     0.320426
59366.780225 -0.058639 0.926882     0.083570
59366.835043 -0.003820 0.945784    -0.160727
59366.889862 0.050998 0.964686    -0.409861
59366.944680 0.105816 0.983587    -0.660842
59366.999498 0.160635 0.002489    -0.910270
59367.054317 0.215453 0.021390    -1.154332
59367.109135 0.270272 0.040292    -1.388820
59367.163954 0.325090 0.059193    -1.609179
59367.218772 0.379909 0.078095    -1.810606
59367.273591 0.434727 0.096996    -1.988179
59367.328409 0.489545 0.115898    -2.137042
59367.383227 0.544364 0.134800    -2.252631
59367.438046 0.599182 0.153701    -2.330931
59367.492864 0.654001 0.172603    -2.368738
59367.547683 0.708819 0.191504    -2.363911
59367.602501 0.763638 0.210406    -2.315575
59367.657320 0.818456 0.229307    -2.224245
59367.712138 0.873274 0.248209    -2.091855
59367.766956 0.928093 0.267110    -1.921676
59367.821775 0.982911 0.286012    -1.718142
59367.876593 1.037730 0.304914    -1.486589
59367.931412 1.092548 0.323815    -1.232947
59367.986230 1.147367 0.342717    -0.963426
59368.041049 1.202185 0.361618    -0.684215
59368.095867 1.257003 0.380520    -0.401230
59368.150685 1.311822 0.399421    -0.119919
59368.205504 1.366640 0.418323     0.154867
59368.260322 1.421459 0.437224     0.418942
59368.315141 -1.423930 0.456126     0.668806
59368.369959 -1.369111 0.475028     0.901615
59368.424778 -1.314293 0.493929     1.115143
59368.479596 -1.259475 0.512831     1.307706
59368.534414 -1.204656 0.531732     1.478092
59368.589233 -1.149838 0.550634     1.625491
59368.644051 -1.095019 0.569535     1.749416
59368.698870 -1.040201 0.588437     1.849648
59368.753688 -0.985382 0.607339     1.926174
59368.808507 -0.930564 0.626240     1.979146
59368.863325 -0.875746 0.645142     2.008838
59368.918143 -0.820927 0.664043     2.015618
59368.972962 -0.766109 0.682945     1.999929
59369.027780 -0.711290 0.701846     1.962269
59369.082599 -0.656472 0.720748     1.903186
59369.137417 -0.601653 0.739649     1.823272
59369.192236 -0.546835 0.758551     1.723169
59369.247054 -0.492017 0.777453     1.603572
59369.301872 -0.437198 0.796354     1.465244
59369.356691 -0.382380 0.815256     1.309035
59369.411509 -0.327561 0.834157     1.135897
59369.466328 -0.272743 0.853059     0.946918
59369.521146 -0.217924 0.871960     0.743348
59369.575965 -0.163106 0.890862     0.526637
59369.630783 -0.108288 0.909763     0.298471
59369.685601 -0.053469 0.928665     0.060811
59369.740420 0.001349 0.947567    -0.184059
59369.795238 0.056168 0.966468    -0.433501
59369.850057 0.110986 0.985370    -0.684487
59369.904875 0.165805 0.004271    -0.933578
59369.959694 0.220623 0.023173    -1.176923
59370.014512 0.275441 0.042074    -1.410277
59370.069330 0.330260 0.060976    -1.629060
59370.124149 0.385078 0.079877    -1.828448
59370.178967 0.439897 0.098779    -2.003518
59370.233786 0.494715 0.117681    -2.149431
59370.288604 0.549534 0.136582    -2.261665
59370.343423 0.604352 0.155484    -2.336268
59370.398241 0.659170 0.174385    -2.370127
59370.453059 0.713989 0.193287    -2.361213
59370.507878 0.768807 0.212188    -2.308779
59370.562696 0.823626 0.231090    -2.213472
59370.617515 0.878444 0.249991    -2.077359
59370.672333 0.933263 0.268893    -1.903829
59370.727151 0.988081 0.287795    -1.697413
59370.781970 1.042899 0.306696    -1.463517
59370.836788 1.097718 0.325598    -1.208110
59370.891607 1.152536 0.344499    -0.937414
59370.946425 1.207355 0.363401    -0.657600
59371.001244 1.262173 0.382302    -0.374549
59371.056062 1.316992 0.401204    -0.093656
59371.110880 1.371810 0.420105     0.180288
59371.165699 1.426628 0.439007     0.443162
59371.220517 -1.418760 0.457909     0.691528
59371.275336 -1.363942 0.476810     0.922606
59371.330154 -1.309123 0.495712     1.134220
59371.384973 -1.254305 0.514613     1.324736
59371.439791 -1.199486 0.533515     1.492984
59371.494609 -1.144668 0.552416     1.638185
59371.549428 -1.089850 0.571318     1.759882
59371.604246 -1.035031 0.590219     1.857876
59371.659065 -0.980213 0.609121     1.932172
59371.713883 -0.925394 0.628023     1.982935
59371.768702 -0.870576 0.646924     2.010449
59371.823520 -0.815757 0.665826     2.015091
59371.878338 -0.760939 0.684727     1.997307
59371.933157 -0.706121 0.703629     1.957603
59371.987975 -0.651302 0.722530     1.896530
59372.042794 -0.596484 0.741432     1.814684
59372.097612 -0.541665 0.760333     1.712711
59372.152431 -0.486847 0.779235     1.591314
59372.207249 -0.432028 0.798137     1.451263
59372.262067 -0.377210 0.817038     1.293414
59372.316886 -0.322392 0.835940     1.118733
59372.371704 -0.267573 0.854841     0.928322
59372.426523 -0.212755 0.873743     0.723448
59372.481341 -0.157936 0.892644     0.505581
59372.536160 -0.103118 0.911546     0.276430
59372.590978 -0.048299 0.930447     0.037988
59372.645796 0.006519 0.949349    -0.207431
59372.700615 0.061337 0.968251    -0.457155
59372.755433 0.116156 0.987152    -0.708115
59372.810252 0.170974 0.006054    -0.956836
59372.865070 0.225793 0.024955    -1.199426
59372.919889 0.280611 0.043857    -1.431606
59372.974707 0.335430 0.062758    -1.648768
59373.029525 0.390248 0.081660    -1.846073
59373.084344 0.445066 0.100562    -2.018597
59373.139162 0.499885 0.119463    -2.161520
59373.193981 0.554703 0.138365    -2.270363
59373.248799 0.609522 0.157266    -2.341241
59373.303618 0.664340 0.176168    -2.371135
59373.358436 0.719159 0.195069    -2.358127
59373.413254 0.773977 0.213971    -2.301600
59373.468073 0.828795 0.232872    -2.202335
59373.522891 0.883614 0.251774    -2.062529
59373.577710 0.938432 0.270676    -1.885689
59373.632528 0.993251 0.289577    -1.676439
59373.687347 1.048069 0.308479    -1.440253
59373.742165 1.102888 0.327380    -1.183138
59373.796983 1.157706 0.346282    -0.911321
59373.851802 1.212524 0.365183    -0.630957
59373.906620 1.267343 0.384085    -0.347888
59373.961439 1.322161 0.402986    -0.067456
59374.016257 1.376980 0.421888     0.205610
59374.071076 1.431798 0.440790     0.467252
59374.125894 -1.413590 0.459691     0.714097
