# time Tc_folded Tref_folded model model_err 
59318.211098 0.000000 0.000000    -0.497790     1.197856 
59318.265916 0.000000 0.000000    -0.528518     1.198711 
59318.320735 0.000000 0.000000    -0.558847     1.199582 
59318.375553 0.000000 0.000000    -0.588752     1.200467 
59318.430372 0.000000 0.000000    -0.618208     1.201367 
59318.485190 0.000000 0.000000    -0.647193     1.202280 
59318.540009 0.000000 0.000000    -0.675683     1.203206 
59318.594827 0.000000 0.000000    -0.703656     1.204144 
59318.649645 0.000000 0.000000    -0.731090     1.205094 
59318.704464 0.000000 0.000000    -0.757965     1.206054 
59318.759282 0.000000 0.000000    -0.784261     1.207025 
59318.814101 0.000000 0.000000    -0.809957     1.208006 
59318.868919 0.000000 0.000000    -0.835036     1.208996 
59318.923738 0.000000 0.000000    -0.859480     1.209995 
59318.978556 0.000000 0.000000    -0.883271     1.211002 
59319.033374 0.000000 0.000000    -0.906396     1.212016 
59319.088193 0.000000 0.000000    -0.928837     1.213038 
59319.143011 0.000000 0.000000    -0.950582     1.214065 
59319.197830 0.000000 0.000000    -0.971616     1.215099 
59319.252648 0.000000 0.000000    -0.991929     1.216139 
59319.307467 0.000000 0.000000    -1.011509     1.217184 
59319.362285 0.000000 0.000000    -1.030345     1.218233 
59319.417103 0.000000 0.000000    -1.048430     1.219287 
59319.471922 0.000000 0.000000    -1.065754     1.220345 
59319.526740 0.000000 0.000000    -1.082310     1.221406 
59319.581559 0.000000 0.000000    -1.098094     1.222471 
59319.636377 0.000000 0.000000    -1.113099     1.223538 
59319.691196 0.000000 0.000000    -1.127323     1.224608 
59319.746014 0.000000 0.000000    -1.140762     1.225681 
59319.800832 0.000000 0.000000    -1.153414     1.226755 
59319.855651 0.000000 0.000000    -1.165280     1.227832 
59319.910469 0.000000 0.000000    -1.176360     1.228910 
59319.965288 0.000000 0.000000    -1.186656     1.229989 
59320.020106 0.000000 0.000000    -1.196170     1.231070 
59320.074925 0.000000 0.000000    -1.204906     1.232151 
59320.129743 0.000000 0.000000    -1.212868     1.233234 
59320.184561 0.000000 0.000000    -1.220064     1.234317 
59320.239380 0.000000 0.000000    -1.226499     1.235401 
59320.294198 0.000000 0.000000    -1.232182     1.236485 
59320.349017 0.000000 0.000000    -1.237121     1.237569 
59320.403835 0.000000 0.000000    -1.241328     1.238654 
59320.458654 0.000000 0.000000    -1.244811     1.239739 
59320.513472 0.000000 0.000000    -1.247585     1.240824 
59320.568290 0.000000 0.000000    -1.249661     1.241910 
59320.623109 0.000000 0.000000    -1.251053     1.242995 
59320.677927 0.000000 0.000000    -1.251776     1.244080 
59320.732746 0.000000 0.000000    -1.251845     1.245164 
59320.787564 0.000000 0.000000    -1.251277     1.246249 
59320.842383 0.000000 0.000000    -1.250088     1.247333 
59320.897201 0.000000 0.000000    -1.248298     1.248416 
59320.952019 0.000000 0.000000    -1.245923     1.249500 
59321.006838 0.000000 0.000000    -1.242984     1.250582 
59321.061656 0.000000 0.000000    -1.239500     1.251664 
59321.116475 0.000000 0.000000    -1.235492     1.252745 
59321.171293 0.000000 0.000000    -1.230981     1.253826 
59321.226112 0.000000 0.000000    -1.225989     1.254905 
59321.280930 0.000000 0.000000    -1.220537     1.255983 
59321.335748 0.000000 0.000000    -1.214649     1.257060 
59321.390567 0.000000 0.000000    -1.208347     1.258136 
59321.445385 0.000000 0.000000    -1.201654     1.259210 
59321.500204 0.000000 0.000000    -1.194594     1.260282 
59321.555022 0.000000 0.000000    -1.187192     1.261352 
59321.609841 0.000000 0.000000    -1.179470     1.262420 
59321.664659 0.000000 0.000000    -1.171453     1.263486 
59321.719477 0.000000 0.000000    -1.163165     1.264548 
59321.774296 0.000000 0.000000    -1.154632     1.265608 
59321.829114 0.000000 0.000000    -1.145876     1.266665 
59321.883933 0.000000 0.000000    -1.136922     1.267718 
59321.938751 0.000000 0.000000    -1.127795     1.268767 
59321.993569 0.000000 0.000000    -1.118519     1.269812 
59322.048388 0.000000 0.000000    -1.109116     1.270852 
59322.103206 0.000000 0.000000    -1.099611     1.271887 
59322.158025 0.000000 0.000000    -1.090027     1.272916 
59322.212843 0.000000 0.000000    -1.080387     1.273939 
59322.267662 0.000000 0.000000    -1.070713     1.274956 
59322.322480 0.000000 0.000000    -1.061027     1.275967 
59322.377298 0.000000 0.000000    -1.051350     1.276969 
59322.432117 0.000000 0.000000    -1.041704     1.277964 
59322.486935 0.000000 0.000000    -1.032108     1.278950 
59322.541754 0.000000 0.000000    -1.022582     1.279927 
59322.596572 0.000000 0.000000    -1.013145     1.280895 
59322.651391 0.000000 0.000000    -1.003816     1.281852 
59322.706209 0.000000 0.000000    -0.994610     1.282799 
59322.761027 0.000000 0.000000    -0.985545     1.283734 
59322.815846 0.000000 0.000000    -0.976637     1.284657 
59322.870664 0.000000 0.000000    -0.967900     1.285568 
59322.925483 0.000000 0.000000    -0.959347     1.286465 
59322.980301 0.000000 0.000000    -0.950991     1.287349 
59323.035120 0.000000 0.000000    -0.942844     1.288218 
59323.089938 0.000000 0.000000    -0.934916     1.289072 
59323.144756 0.000000 0.000000    -0.927218     1.289910 
59323.199575 0.000000 0.000000    -0.919756     1.290731 
59323.254393 0.000000 0.000000    -0.912538     1.291536 
59323.309212 0.000000 0.000000    -0.905571     1.292323 
59323.364030 0.000000 0.000000    -0.898859     1.293091 
59323.418849 0.000000 0.000000    -0.892405     1.293840 
59323.473667 0.000000 0.000000    -0.886212     1.294570 
59323.528485 0.000000 0.000000    -0.880281     1.295279 
59323.583304 0.000000 0.000000    -0.874611     1.295968 
59323.638122 0.000000 0.000000    -0.869201     1.296635 
59323.692941 0.000000 0.000000    -0.864049     1.297279 
59323.747759 0.000000 0.000000    -0.859150     1.297901 
59323.802578 0.000000 0.000000    -0.854498     1.298500 
59323.857396 0.000000 0.000000    -0.850088     1.299074 
59323.912214 0.000000 0.000000    -0.845910     1.299624 
59323.967033 0.000000 0.000000    -0.841957     1.300149 
59324.021851 0.000000 0.000000    -0.838217     1.300648 
59324.076670 0.000000 0.000000    -0.834679     1.301121 
59324.131488 0.000000 0.000000    -0.831329     1.301567 
59324.186307 0.000000 0.000000    -0.828154     1.301986 
59324.241125 0.000000 0.000000    -0.825137     1.302377 
59324.295943 0.000000 0.000000    -0.822263     1.302739 
59324.350762 0.000000 0.000000    -0.819513     1.303072 
59324.405580 0.000000 0.000000    -0.816869     1.303376 
59324.460399 0.000000 0.000000    -0.814310     1.303650 
59324.515217 0.000000 0.000000    -0.811815     1.303893 
59324.570036 0.000000 0.000000    -0.809363     1.304105 
59324.624854 0.000000 0.000000    -0.806930     1.304285 
59324.679672 0.000000 0.000000    -0.804492     1.304433 
59324.734491 0.000000 0.000000    -0.802025     1.304549 
59324.789309 0.000000 0.000000    -0.799502     1.304631 
59324.844128 0.000000 0.000000    -0.796897     1.304679 
59324.898946 0.000000 0.000000    -0.794182     1.304694 
59324.953765 0.000000 0.000000    -0.791329     1.304673 
59325.008583 0.000000 0.000000    -0.788311     1.304617 
59325.063401 0.000000 0.000000    -0.785097     1.304524 
59325.118220 0.000000 0.000000    -0.781657     1.304395 
59325.173038 0.000000 0.000000    -0.777962     1.304229 
59325.227857 0.000000 0.000000    -0.773980     1.304025 
59325.282675 0.000000 0.000000    -0.769681     1.303782 
59325.337494 0.000000 0.000000    -0.765033     1.303500 
59325.392312 0.000000 0.000000    -0.760005     1.303178 
59325.447130 0.000000 0.000000    -0.754564     1.302816 
59325.501949 0.000000 0.000000    -0.748681     1.302412 
59325.556767 0.000000 0.000000    -0.742321     1.301965 
59325.611586 0.000000 0.000000    -0.735455     1.301476 
59325.666404 0.000000 0.000000    -0.728050     1.300943 
59325.721223 0.000000 0.000000    -0.720075     1.300366 
59325.776041 0.000000 0.000000    -0.711498     1.299742 
59325.830859 0.000000 0.000000    -0.702290     1.299073 
59325.885678 0.000000 0.000000    -0.692420     1.298355 
59325.940496 0.000000 0.000000    -0.681858     1.297590 
59325.995315 0.000000 0.000000    -0.670576     1.296774 
59326.050133 0.000000 0.000000    -0.658543     1.295909 
59326.104952 0.000000 0.000000    -0.645733     1.294992 
59326.159770 0.000000 0.000000    -0.632118     1.294022 
59326.214588 0.000000 0.000000    -0.617672     1.292998 
59326.269407 0.000000 0.000000    -0.602371     1.291919 
59326.324225 0.000000 0.000000    -0.586189     1.290783 
59326.379044 0.000000 0.000000    -0.569103     1.289591 
59326.433862 0.000000 0.000000    -0.551091     1.288339 
59326.488681 0.000000 0.000000    -0.532133     1.287027 
59326.543499 0.000000 0.000000    -0.512207     1.285654 
59326.598317 0.000000 0.000000    -0.491297     1.284218 
59326.653136 0.000000 0.000000    -0.469385     1.282717 
59326.707954 0.000000 0.000000    -0.446456     1.281151 
59326.762773 0.000000 0.000000    -0.422494     1.279517 
59326.817591 0.000000 0.000000    -0.397488     1.277815 
59326.872410 0.000000 0.000000    -0.371426     1.276043 
59326.927228 0.000000 0.000000    -0.344300     1.274199 
59326.982046 0.000000 0.000000    -0.316100     1.272282 
59327.036865 0.000000 0.000000    -0.286822     1.270289 
59327.091683 0.000000 0.000000    -0.256461     1.268221 
59327.146502 0.000000 0.000000    -0.225013     1.266074 
59327.201320 0.000000 0.000000    -0.192480     1.263848 
59327.256139 0.000000 0.000000    -0.158860     1.261541 
59327.310957 0.000000 0.000000    -0.124159     1.259151 
59327.365775 0.000000 0.000000    -0.088379     1.256676 
59327.420594 0.000000 0.000000    -0.051529     1.254116 
59327.475412 0.000000 0.000000    -0.013617     1.251468 
59327.530231 0.000000 0.000000     0.025347     1.248730 
59327.585049 0.000000 0.000000     0.065350     1.245901 
59327.639868 0.000000 0.000000     0.106378     1.242980 
59327.694686 0.000000 0.000000     0.148414     1.239965 
59327.749504 0.000000 0.000000     0.191439     1.236854 
59327.804323 0.000000 0.000000     0.235434     1.233645 
59327.859141 0.000000 0.000000     0.280376     1.230338 
59327.913960 0.000000 0.000000     0.326240     1.226931 
59327.968778 0.000000 0.000000     0.373002     1.223421 
59328.023597 0.000000 0.000000     0.420632     1.219808 
59328.078415 0.000000 0.000000     0.469101     1.216090 
59328.133233 0.000000 0.000000     0.518377     1.212266 
59328.188052 0.000000 0.000000     0.568427     1.208334 
59328.242870 0.000000 0.000000     0.619215     1.204294 
59328.297689 0.000000 0.000000     0.670704     1.200142 
59328.352507 0.000000 0.000000     0.722856     1.195879 
59328.407326 0.000000 0.000000     0.775630     1.191503 
59328.462144 0.000000 0.000000     0.828984     1.187013 
59328.516962 0.000000 0.000000     0.882875     1.182408 
59328.571781 0.000000 0.000000     0.937258     1.177686 
59328.626599 0.000000 0.000000     0.992086     1.172847 
59328.681418 0.000000 0.000000     1.047311     1.167889 
59328.736236 0.000000 0.000000     1.102885     1.162812 
59328.791054 0.000000 0.000000     1.158756     1.157615 
59328.845873 0.000000 0.000000     1.214874     1.152296 
59328.900691 0.000000 0.000000     1.271185     1.146856 
59328.955510 0.000000 0.000000     1.327636     1.141293 
59329.010328 0.000000 0.000000     1.384172     1.135607 
59329.065147 0.000000 0.000000     1.440737     1.129797 
59329.119965 0.000000 0.000000     1.497276     1.123863 
59329.174783 0.000000 0.000000     1.553730     1.117804 
59329.229602 0.000000 0.000000     1.610043     1.111620 
59329.284420 0.000000 0.000000     1.666155     1.105311 
59329.339239 0.000000 0.000000     1.722009     1.098877 
59329.394057 0.000000 0.000000     1.777544     1.092316 
59329.448876 0.000000 0.000000     1.832702     1.085631 
59329.503694 0.000000 0.000000     1.887423     1.078820 
59329.558512 0.000000 0.000000     1.941647     1.071884 
59329.613331 0.000000 0.000000     1.995314     1.064823 
59329.668149 0.000000 0.000000     2.048365     1.057637 
59329.722968 0.000000 0.000000     2.100739     1.050327 
59329.777786 0.000000 0.000000     2.152379     1.042894 
59329.832605 0.000000 0.000000     2.203224     1.035338 
59329.887423 0.000000 0.000000     2.253216     1.027660 
59329.942241 0.000000 0.000000     2.302298     1.019861 
59329.997060 0.000000 0.000000     2.350411     1.011942 
59330.051878 0.000000 0.000000     2.397500     1.003905 
59330.106697 0.000000 0.000000     2.443509     0.995750 
59330.161515 0.000000 0.000000     2.488382     0.987479 
59330.216334 0.000000 0.000000     2.532066     0.979094 
59330.271152 0.000000 0.000000     2.574508     0.970596 
59330.325970 0.000000 0.000000     2.615656     0.961988 
59330.380789 0.000000 0.000000     2.655460     0.953271 
59330.435607 0.000000 0.000000     2.693870     0.944448 
59330.490426 0.000000 0.000000     2.730840     0.935521 
59330.545244 0.000000 0.000000     2.766322     0.926492 
59330.600063 0.000000 0.000000     2.800272     0.917366 
59330.654881 0.000000 0.000000     2.832647     0.908144 
59330.709699 0.000000 0.000000     2.863405     0.898830 
59330.764518 0.000000 0.000000     2.892508     0.889427 
59330.819336 0.000000 0.000000     2.919917     0.879939 
59330.874155 0.000000 0.000000     2.945596     0.870371 
59330.928973 0.000000 0.000000     2.969512     0.860726 
59330.983792 0.000000 0.000000     2.991633     0.851009 
59331.038610 0.000000 0.000000     3.011929     0.841225 
59331.093428 0.000000 0.000000     3.030371     0.831379 
59331.148247 0.000000 0.000000     3.046936     0.821477 
59331.203065 0.000000 0.000000     3.061599     0.811524 
59331.257884 0.000000 0.000000     3.074339     0.801527 
59331.312702 0.000000 0.000000     3.085138     0.791493 
59331.367521 0.000000 0.000000     3.093978     0.781429 
59331.422339 0.000000 0.000000     3.100847     0.771343 
59331.477157 0.000000 0.000000     3.105733     0.761243 
59331.531976 0.000000 0.000000     3.108625     0.751137 
59331.586794 0.000000 0.000000     3.109517     0.741036 
59331.641613 0.000000 0.000000     3.108405     0.730948 
59331.696431 0.000000 0.000000     3.105286     0.720885 
59331.751250 0.000000 0.000000     3.100162     0.710858 
59331.806068 0.000000 0.000000     3.093034     0.700879 
59331.860886 0.000000 0.000000     3.083908     0.690960 
59331.915705 0.000000 0.000000     3.072792     0.681114 
59331.970523 0.000000 0.000000     3.059696     0.671357 
59332.025342 0.000000 0.000000     3.044633     0.661702 
59332.080160 0.000000 0.000000     3.027617     0.652166 
59332.134979 0.000000 0.000000     3.008666     0.642764 
59332.189797 0.000000 0.000000     2.987800     0.633514 
59332.244615 0.000000 0.000000     2.965041     0.624433 
59332.299434 0.000000 0.000000     2.940413     0.615539 
59332.354252 0.000000 0.000000     2.913942     0.606851 
59332.409071 0.000000 0.000000     2.885659     0.598387 
59332.463889 0.000000 0.000000     2.855593     0.590167 
59332.518708 0.000000 0.000000     2.823778     0.582208 
59332.573526 0.000000 0.000000     2.790249     0.574529 
59332.628344 0.000000 0.000000     2.755043     0.567148 
59332.683163 0.000000 0.000000     2.718200     0.560081 
59332.737981 0.000000 0.000000     2.679762     0.553343 
59332.792800 0.000000 0.000000     2.639770     0.546949 
59332.847618 0.000000 0.000000     2.598271     0.540908 
59332.902437 0.000000 0.000000     2.555310     0.535231 
59332.957255 0.000000 0.000000     2.510936     0.529925 
59333.012073 0.000000 0.000000     2.465199     0.524992 
59333.066892 0.000000 0.000000     2.418150     0.520434 
59333.121710 0.000000 0.000000     2.369843     0.516249 
59333.176529 0.000000 0.000000     2.320331     0.512429 
59333.231347 0.000000 0.000000     2.269670     0.508967 
59333.286166 0.000000 0.000000     2.217917     0.505851 
59333.340984 0.000000 0.000000     2.165130     0.503065 
59333.395802 0.000000 0.000000     2.111368     0.500594 
59333.450621 0.000000 0.000000     2.056691     0.498417 
59333.505439 0.000000 0.000000     2.001159     0.496515 
59333.560258 0.000000 0.000000     1.944835     0.494863 
59333.615076 0.000000 0.000000     1.887780     0.493440 
59333.669895 0.000000 0.000000     1.830058     0.492222 
59333.724713 0.000000 0.000000     1.771732     0.491184 
59333.779531 0.000000 0.000000     1.712866     0.490303 
59333.834350 0.000000 0.000000     1.653524     0.489557 
59333.889168 0.000000 0.000000     1.593771     0.488923 
59333.943987 0.000000 0.000000     1.533672     0.488379 
59333.998805 0.000000 0.000000     1.473292     0.487906 
59334.053624 0.000000 0.000000     1.412694     0.487484 
59334.108442 0.000000 0.000000     1.351945     0.487097 
59334.163260 0.000000 0.000000     1.291108     0.486727 
59334.218079 0.000000 0.000000     1.230249     0.486361 
59334.272897 0.000000 0.000000     1.169430     0.485985 
59334.327716 0.000000 0.000000     1.108715     0.485587 
59334.382534 0.000000 0.000000     1.048168     0.485157 
59334.437353 0.000000 0.000000     0.987851     0.484686 
59334.492171 0.000000 0.000000     0.927825     0.484165 
59334.546989 0.000000 0.000000     0.868151     0.483589 
59334.601808 0.000000 0.000000     0.808891     0.482951 
59334.656626 0.000000 0.000000     0.750101     0.482246 
59334.711445 0.000000 0.000000     0.691842     0.481472 
59334.766263 0.000000 0.000000     0.634170     0.480626 
59334.821082 0.000000 0.000000     0.577141     0.479706 
59334.875900 0.000000 0.000000     0.520810     0.478710 
59334.930718 0.000000 0.000000     0.465231     0.477639 
59334.985537 0.000000 0.000000     0.410456     0.476493 
59335.040355 0.000000 0.000000     0.356535     0.475274 
59335.095174 0.000000 0.000000     0.303518     0.473982 
59335.149992 0.000000 0.000000     0.251453     0.472621 
59335.204811 0.000000 0.000000     0.200387     0.471192 
59335.259629 0.000000 0.000000     0.150364     0.469698 
59335.314447 0.000000 0.000000     0.101427     0.468144 
59335.369266 0.000000 0.000000     0.053617     0.466533 
59335.424084 0.000000 0.000000     0.006975     0.464870 
59335.478903 0.000000 0.000000    -0.038461     0.463157 
59335.533721 0.000000 0.000000    -0.082657     0.461401 
59335.588540 0.000000 0.000000    -0.125576     0.459606 
59335.643358 0.000000 0.000000    -0.167188     0.457777 
59335.698176 0.000000 0.000000    -0.207461     0.455919 
59335.752995 0.000000 0.000000    -0.246367     0.454037 
59335.807813 0.000000 0.000000    -0.283880     0.452136 
59335.862632 0.000000 0.000000    -0.319975     0.450221 
59335.917450 0.000000 0.000000    -0.354628     0.448299 
59335.972268 0.000000 0.000000    -0.387820     0.446373 
59336.027087 0.000000 0.000000    -0.419532     0.444448 
59336.081905 0.000000 0.000000    -0.449747     0.442530 
59336.136724 0.000000 0.000000    -0.478451     0.440624 
59336.191542 0.000000 0.000000    -0.505631     0.438733 
59336.246361 0.000000 0.000000    -0.531276     0.436862 
59336.301179 0.000000 0.000000    -0.555378     0.435016 
59336.355997 0.000000 0.000000    -0.577930     0.433197 
59336.410816 0.000000 0.000000    -0.598928     0.431410 
59336.465634 0.000000 0.000000    -0.618369     0.429657 
59336.520453 0.000000 0.000000    -0.636252     0.427942 
59336.575271 0.000000 0.000000    -0.652579     0.426267 
59336.630090 0.000000 0.000000    -0.667353     0.424635 
59336.684908 0.000000 0.000000    -0.680579     0.423047 
59336.739726 0.000000 0.000000    -0.692264     0.421506 
59336.794545 0.000000 0.000000    -0.702417     0.420012 
59336.849363 0.000000 0.000000    -0.711048     0.418567 
59336.904182 0.000000 0.000000    -0.718170     0.417172 
59336.959000 0.000000 0.000000    -0.723798     0.415826 
59337.013819 0.000000 0.000000    -0.727947     0.414532 
59337.068637 0.000000 0.000000    -0.730634     0.413288 
59337.123455 0.000000 0.000000    -0.731879     0.412095 
59337.178274 0.000000 0.000000    -0.731703     0.410952 
59337.233092 0.000000 0.000000    -0.730129     0.409860 
59337.287911 0.000000 0.000000    -0.727179     0.408818 
59337.342729 0.000000 0.000000    -0.722879     0.407825 
59337.397548 0.000000 0.000000    -0.717257     0.406881 
59337.452366 0.000000 0.000000    -0.710340     0.405986 
59337.507184 0.000000 0.000000    -0.702158     0.405138 
59337.562003 0.000000 0.000000    -0.692741     0.404339 
59337.616821 0.000000 0.000000    -0.682121     0.403586 
59337.671640 0.000000 0.000000    -0.670332     0.402880 
59337.726458 0.000000 0.000000    -0.657407     0.402221 
59337.781277 0.000000 0.000000    -0.643382     0.401609 
59337.836095 0.000000 0.000000    -0.628293     0.401043 
59337.890913 0.000000 0.000000    -0.612177     0.400523 
59337.945732 0.000000 0.000000    -0.595072     0.400049 
59338.000550 0.000000 0.000000    -0.577017     0.399622 
59338.055369 0.000000 0.000000    -0.558052     0.399242 
59338.110187 0.000000 0.000000    -0.538216     0.398909 
59338.165006 0.000000 0.000000    -0.517552     0.398624 
59338.219824 0.000000 0.000000    -0.496099     0.398386 
59338.274642 0.000000 0.000000    -0.473901     0.398197 
59338.329461 0.000000 0.000000    -0.451001     0.398056 
59338.384279 0.000000 0.000000    -0.427440     0.397964 
59338.439098 0.000000 0.000000    -0.403262     0.397921 
59338.493916 0.000000 0.000000    -0.378512     0.397927 
59338.548735 0.000000 0.000000    -0.353232     0.397983 
59338.603553 0.000000 0.000000    -0.327467     0.398088 
59338.658371 0.000000 0.000000    -0.301262     0.398242 
59338.713190 0.000000 0.000000    -0.274659     0.398444 
59338.768008 0.000000 0.000000    -0.247705     0.398694 
59338.822827 0.000000 0.000000    -0.220442     0.398991 
59338.877645 0.000000 0.000000    -0.192916     0.399335 
59338.932464 0.000000 0.000000    -0.165170     0.399722 
59338.987282 0.000000 0.000000    -0.137248     0.400153 
59339.042100 0.000000 0.000000    -0.109193     0.400625 
59339.096919 0.000000 0.000000    -0.081050     0.401137 
59339.151737 0.000000 0.000000    -0.052860     0.401685 
59339.206556 0.000000 0.000000    -0.024667     0.402268 
59339.261374 0.000000 0.000000     0.003487     0.402882 
59339.316193 0.000000 0.000000     0.031560     0.403526 
59339.371011 0.000000 0.000000     0.059512     0.404195 
59339.425829 0.000000 0.000000     0.087302     0.404886 
59339.480648 0.000000 0.000000     0.114890     0.405596 
59339.535466 0.000000 0.000000     0.142236     0.406321 
59339.590285 0.000000 0.000000     0.169303     0.407057 
59339.645103 0.000000 0.000000     0.196051     0.407801 
59339.699922 0.000000 0.000000     0.222445     0.408549 
59339.754740 0.000000 0.000000     0.248447     0.409297 
59339.809558 0.000000 0.000000     0.274023     0.410041 
59339.864377 0.000000 0.000000     0.299137     0.410777 
59339.919195 0.000000 0.000000     0.323757     0.411501 
59339.974014 0.000000 0.000000     0.347848     0.412209 
59340.028832 0.000000 0.000000     0.371381     0.412898 
59340.083651 0.000000 0.000000     0.394323     0.413564 
59340.138469 0.000000 0.000000     0.416646     0.414204 
59340.193287 0.000000 0.000000     0.438320     0.414813 
59340.248106 0.000000 0.000000     0.459319     0.415390 
59340.302924 0.000000 0.000000     0.479614     0.415930 
59340.357743 0.000000 0.000000     0.499182     0.416431 
59340.412561 0.000000 0.000000     0.517998     0.416891 
59340.467380 0.000000 0.000000     0.536039     0.417307 
59340.522198 0.000000 0.000000     0.553282     0.417676 
59340.577016 0.000000 0.000000     0.569708     0.417997 
59340.631835 0.000000 0.000000     0.585296     0.418269 
59340.686653 0.000000 0.000000     0.600029     0.418489 
59340.741472 0.000000 0.000000     0.613890     0.418656 
59340.796290 0.000000 0.000000     0.626861     0.418770 
59340.851109 0.000000 0.000000     0.638930     0.418829 
59340.905927 0.000000 0.000000     0.650083     0.418835 
59340.960745 0.000000 0.000000     0.660307     0.418786 
59341.015564 0.000000 0.000000     0.669592     0.418682 
59341.070382 0.000000 0.000000     0.677928     0.418525 
59341.125201 0.000000 0.000000     0.685307     0.418315 
59341.180019 0.000000 0.000000     0.691722     0.418053 
59341.234838 0.000000 0.000000     0.697168     0.417741 
59341.289656 0.000000 0.000000     0.701639     0.417380 
59341.344474 0.000000 0.000000     0.705133     0.416973 
59341.399293 0.000000 0.000000     0.707647     0.416522 
59341.454111 0.000000 0.000000     0.709181     0.416029 
59341.508930 0.000000 0.000000     0.709736     0.415498 
59341.563748 0.000000 0.000000     0.709313     0.414932 
59341.618567 0.000000 0.000000     0.707915     0.414334 
59341.673385 0.000000 0.000000     0.705546     0.413709 
59341.728203 0.000000 0.000000     0.702212     0.413060 
59341.783022 0.000000 0.000000     0.697920     0.412392 
59341.837840 0.000000 0.000000     0.692676     0.411709 
59341.892659 0.000000 0.000000     0.686491     0.411017 
59341.947477 0.000000 0.000000     0.679374     0.410320 
59342.002296 0.000000 0.000000     0.671335     0.409624 
59342.057114 0.000000 0.000000     0.662389     0.408935 
59342.111932 0.000000 0.000000     0.652547     0.408258 
59342.166751 0.000000 0.000000     0.641824     0.407598 
59342.221569 0.000000 0.000000     0.630236     0.406961 
59342.276388 0.000000 0.000000     0.617799     0.406354 
59342.331206 0.000000 0.000000     0.604530     0.405783 
59342.386025 0.000000 0.000000     0.590448     0.405251 
59342.440843 0.000000 0.000000     0.575572     0.404767 
59342.495661 0.000000 0.000000     0.559923     0.404335 
59342.550480 0.000000 0.000000     0.543521     0.403960 
59342.605298 0.000000 0.000000     0.526388     0.403647 
59342.660117 0.000000 0.000000     0.508548     0.403402 
59342.714935 0.000000 0.000000     0.490023     0.403229 
59342.769753 0.000000 0.000000     0.470838     0.403131 
59342.824572 0.000000 0.000000     0.451018     0.403113 
59342.879390 0.000000 0.000000     0.430588     0.403177 
59342.934209 0.000000 0.000000     0.409576     0.403326 
59342.989027 0.000000 0.000000     0.388008     0.403563 
59343.043846 0.000000 0.000000     0.365911     0.403888 
59343.098664 0.000000 0.000000     0.343314     0.404303 
59343.153482 0.000000 0.000000     0.320244     0.404808 
59343.208301 0.000000 0.000000     0.296732     0.405403 
59343.263119 0.000000 0.000000     0.272807     0.406086 
59343.317938 0.000000 0.000000     0.248498     0.406857 
59343.372756 0.000000 0.000000     0.223836     0.407714 
59343.427575 0.000000 0.000000     0.198851     0.408653 
59343.482393 0.000000 0.000000     0.173575     0.409672 
59343.537211 0.000000 0.000000     0.148037     0.410768 
59343.592030 0.000000 0.000000     0.122269     0.411937 
59343.646848 0.000000 0.000000     0.096304     0.413174 
59343.701667 0.000000 0.000000     0.070171     0.414474 
59343.756485 0.000000 0.000000     0.043902     0.415834 
59343.811304 0.000000 0.000000     0.017530     0.417247 
59343.866122 0.000000 0.000000    -0.008915     0.418709 
59343.920940 0.000000 0.000000    -0.035401     0.420214 
59343.975759 0.000000 0.000000    -0.061897     0.421757 
59344.030577 0.000000 0.000000    -0.088372     0.423331 
59344.085396 0.000000 0.000000    -0.114794     0.424931 
59344.140214 0.000000 0.000000    -0.141133     0.426552 
59344.195033 0.000000 0.000000    -0.167359     0.428188 
59344.249851 0.000000 0.000000    -0.193441     0.429833 
59344.304669 0.000000 0.000000    -0.219350     0.431482 
59344.359488 0.000000 0.000000    -0.245056     0.433130 
59344.414306 0.000000 0.000000    -0.270531     0.434771 
59344.469125 0.000000 0.000000    -0.295746     0.436399 
59344.523943 0.000000 0.000000    -0.320673     0.438011 
59344.578762 0.000000 0.000000    -0.345284     0.439602 
59344.633580 0.000000 0.000000    -0.369554     0.441166 
59344.688398 0.000000 0.000000    -0.393456     0.442700 
59344.743217 0.000000 0.000000    -0.416965     0.444198 
59344.798035 0.000000 0.000000    -0.440055     0.445659 
59344.852854 0.000000 0.000000    -0.462704     0.447076 
59344.907672 0.000000 0.000000    -0.484887     0.448447 
59344.962491 0.000000 0.000000    -0.506583     0.449769 
59345.017309 0.000000 0.000000    -0.527771     0.451038 
59345.072127 0.000000 0.000000    -0.548428     0.452251 
59345.126946 0.000000 0.000000    -0.568537     0.453405 
59345.181764 0.000000 0.000000    -0.588078     0.454498 
59345.236583 0.000000 0.000000    -0.607033     0.455528 
59345.291401 0.000000 0.000000    -0.625386     0.456492 
59345.346220 0.000000 0.000000    -0.643121     0.457388 
59345.401038 0.000000 0.000000    -0.660223     0.458214 
59345.455856 0.000000 0.000000    -0.676678     0.458970 
59345.510675 0.000000 0.000000    -0.692475     0.459653 
59345.565493 0.000000 0.000000    -0.707601     0.460262 
59345.620312 0.000000 0.000000    -0.722046     0.460796 
59345.675130 0.000000 0.000000    -0.735801     0.461255 
59345.729949 0.000000 0.000000    -0.748858     0.461638 
59345.784767 0.000000 0.000000    -0.761210     0.461945 
59345.839585 0.000000 0.000000    -0.772851     0.462175 
59345.894404 0.000000 0.000000    -0.783777     0.462329 
59345.949222 0.000000 0.000000    -0.793984     0.462407 
59346.004041 0.000000 0.000000    -0.803470     0.462408 
59346.058859 0.000000 0.000000    -0.812234     0.462335 
59346.113678 0.000000 0.000000    -0.820276     0.462188 
59346.168496 0.000000 0.000000    -0.827598     0.461968 
59346.223314 0.000000 0.000000    -0.834202     0.461677 
59346.278133 0.000000 0.000000    -0.840092     0.461315 
59346.332951 0.000000 0.000000    -0.845272     0.460886 
59346.387770 0.000000 0.000000    -0.849749     0.460390 
59346.442588 0.000000 0.000000    -0.853530     0.459831 
59346.497407 0.000000 0.000000    -0.856623     0.459211 
59346.552225 0.000000 0.000000    -0.859038     0.458533 
59346.607043 0.000000 0.000000    -0.860785     0.457799 
59346.661862 0.000000 0.000000    -0.861875     0.457014 
59346.716680 0.000000 0.000000    -0.862321     0.456180 
59346.771499 0.000000 0.000000    -0.862138     0.455302 
59346.826317 0.000000 0.000000    -0.861339     0.454383 
59346.881136 0.000000 0.000000    -0.859940     0.453427 
59346.935954 0.000000 0.000000    -0.857958     0.452440 
59346.990772 0.000000 0.000000    -0.855410     0.451425 
59347.045591 0.000000 0.000000    -0.852314     0.450388 
59347.100409 0.000000 0.000000    -0.848690     0.449333 
59347.155228 0.000000 0.000000    -0.844558     0.448267 
59347.210046 0.000000 0.000000    -0.839938     0.447193 
59347.264865 0.000000 0.000000    -0.834852     0.446118 
59347.319683 0.000000 0.000000    -0.829322     0.445047 
59347.374501 0.000000 0.000000    -0.823370     0.443985 
59347.429320 0.000000 0.000000    -0.817021     0.442939 
59347.484138 0.000000 0.000000    -0.810297     0.441914 
59347.538957 0.000000 0.000000    -0.803224     0.440915 
59347.593775 0.000000 0.000000    -0.795826     0.439948 
59347.648594 0.000000 0.000000    -0.788128     0.439017 
59347.703412 0.000000 0.000000    -0.780157     0.438129 
59347.758230 0.000000 0.000000    -0.771937     0.437288 
59347.813049 0.000000 0.000000    -0.763495     0.436499 
59347.867867 0.000000 0.000000    -0.754857     0.435766 
59347.922686 0.000000 0.000000    -0.746050     0.435092 
59347.977504 0.000000 0.000000    -0.737100     0.434481 
59348.032323 0.000000 0.000000    -0.728034     0.433937 
59348.087141 0.000000 0.000000    -0.718877     0.433461 
59348.141959 0.000000 0.000000    -0.709657     0.433056 
59348.196778 0.000000 0.000000    -0.700400     0.432723 
59348.251596 0.000000 0.000000    -0.691131     0.432463 
59348.306415 0.000000 0.000000    -0.681876     0.432276 
59348.361233 0.000000 0.000000    -0.672662     0.432161 
59348.416052 0.000000 0.000000    -0.663512     0.432119 
59348.470870 0.000000 0.000000    -0.654451     0.432147 
59348.525688 0.000000 0.000000    -0.645504     0.432243 
59348.580507 0.000000 0.000000    -0.636695     0.432405 
59348.635325 0.000000 0.000000    -0.628045     0.432629 
59348.690144 0.000000 0.000000    -0.619578     0.432912 
59348.744962 0.000000 0.000000    -0.611315     0.433251 
59348.799781 0.000000 0.000000    -0.603277     0.433640 
59348.854599 0.000000 0.000000    -0.595484     0.434075 
59348.909417 0.000000 0.000000    -0.587956     0.434551 
59348.964236 0.000000 0.000000    -0.580710     0.435063 
59349.019054 0.000000 0.000000    -0.573765     0.435605 
59349.073873 0.000000 0.000000    -0.567136     0.436172 
59349.128691 0.000000 0.000000    -0.560839     0.436758 
59349.183510 0.000000 0.000000    -0.554889     0.437357 
59349.238328 0.000000 0.000000    -0.549298     0.437964 
59349.293146 0.000000 0.000000    -0.544079     0.438573 
59349.347965 0.000000 0.000000    -0.539243     0.439179 
59349.402783 0.000000 0.000000    -0.534799     0.439775 
59349.457602 0.000000 0.000000    -0.530756     0.440358 
59349.512420 0.000000 0.000000    -0.527121     0.440921 
59349.567239 0.000000 0.000000    -0.523900     0.441460 
59349.622057 0.000000 0.000000    -0.521098     0.441970 
59349.676875 0.000000 0.000000    -0.518719     0.442448 
59349.731694 0.000000 0.000000    -0.516763     0.442888 
59349.786512 0.000000 0.000000    -0.515231     0.443288 
59349.841331 0.000000 0.000000    -0.514124     0.443643 
59349.896149 0.000000 0.000000    -0.513438     0.443951 
59349.950967 0.000000 0.000000    -0.513170     0.444209 
59350.005786 0.000000 0.000000    -0.513316     0.444414 
59350.060604 0.000000 0.000000    -0.513868     0.444564 
59350.115423 0.000000 0.000000    -0.514820     0.444658 
59350.170241 0.000000 0.000000    -0.516161     0.444694 
59350.225060 0.000000 0.000000    -0.517883     0.444672 
59350.279878 0.000000 0.000000    -0.519972     0.444590 
59350.334696 0.000000 0.000000    -0.522416     0.444449 
59350.389515 0.000000 0.000000    -0.525200     0.444248 
59350.444333 0.000000 0.000000    -0.528309     0.443988 
59350.499152 0.000000 0.000000    -0.531725     0.443669 
59350.553970 0.000000 0.000000    -0.535430     0.443294 
59350.608789 0.000000 0.000000    -0.539405     0.442864 
59350.663607 0.000000 0.000000    -0.543628     0.442379 
59350.718425 0.000000 0.000000    -0.548078     0.441844 
59350.773244 0.000000 0.000000    -0.552732     0.441261 
59350.828062 0.000000 0.000000    -0.557566     0.440631 
59350.882881 0.000000 0.000000    -0.562554     0.439960 
59350.937699 0.000000 0.000000    -0.567671     0.439250 
59350.992518 0.000000 0.000000    -0.572888     0.438505 
59351.047336 0.000000 0.000000    -0.578179     0.437730 
59351.102154 0.000000 0.000000    -0.583515     0.436929 
59351.156973 0.000000 0.000000    -0.588865     0.436106 
59351.211791 0.000000 0.000000    -0.594200     0.435268 
59351.266610 0.000000 0.000000    -0.599488     0.434418 
59351.321428 0.000000 0.000000    -0.604698     0.433563 
59351.376247 0.000000 0.000000    -0.609798     0.432707 
59351.431065 0.000000 0.000000    -0.614755     0.431857 
59351.485883 0.000000 0.000000    -0.619535     0.431019 
59351.540702 0.000000 0.000000    -0.624107     0.430196 
59351.595520 0.000000 0.000000    -0.628435     0.429397 
59351.650339 0.000000 0.000000    -0.632486     0.428626 
59351.705157 0.000000 0.000000    -0.636226     0.427888 
59351.759976 0.000000 0.000000    -0.639621     0.427189 
59351.814794 0.000000 0.000000    -0.642636     0.426535 
59351.869612 0.000000 0.000000    -0.645239     0.425930 
59351.924431 0.000000 0.000000    -0.647395     0.425378 
59351.979249 0.000000 0.000000    -0.649070     0.424884 
59352.034068 0.000000 0.000000    -0.650231     0.424453 
59352.088886 0.000000 0.000000    -0.650846     0.424086 
59352.143705 0.000000 0.000000    -0.650882     0.423787 
59352.198523 0.000000 0.000000    -0.650306     0.423558 
59352.253341 0.000000 0.000000    -0.649089     0.423402 
59352.308160 0.000000 0.000000    -0.647199     0.423319 
59352.362978 0.000000 0.000000    -0.644606     0.423311 
59352.417797 0.000000 0.000000    -0.641282     0.423376 
59352.472615 0.000000 0.000000    -0.637199     0.423515 
59352.527434 0.000000 0.000000    -0.632329     0.423727 
59352.582252 0.000000 0.000000    -0.626647     0.424010 
59352.637070 0.000000 0.000000    -0.620128     0.424362 
59352.691889 0.000000 0.000000    -0.612748     0.424780 
59352.746707 0.000000 0.000000    -0.604485     0.425262 
59352.801526 0.000000 0.000000    -0.595317     0.425803 
59352.856344 0.000000 0.000000    -0.585225     0.426400 
59352.911163 0.000000 0.000000    -0.574191     0.427048 
59352.965981 0.000000 0.000000    -0.562197     0.427743 
59353.020799 0.000000 0.000000    -0.549230     0.428480 
59353.075618 0.000000 0.000000    -0.535274     0.429255 
59353.130436 0.000000 0.000000    -0.520319     0.430062 
59353.185255 0.000000 0.000000    -0.504354     0.430896 
59353.240073 0.000000 0.000000    -0.487369     0.431751 
59353.294892 0.000000 0.000000    -0.469360     0.432623 
59353.349710 0.000000 0.000000    -0.450320     0.433506 
59353.404528 0.000000 0.000000    -0.430247     0.434396 
59353.459347 0.000000 0.000000    -0.409139     0.435286 
59353.514165 0.000000 0.000000    -0.386997     0.436173 
59353.568984 0.000000 0.000000    -0.363824     0.437052 
59353.623802 0.000000 0.000000    -0.339625     0.437917 
59353.678621 0.000000 0.000000    -0.314405     0.438765 
59353.733439 0.000000 0.000000    -0.288174     0.439592 
59353.788257 0.000000 0.000000    -0.260942     0.440394 
59353.843076 0.000000 0.000000    -0.232722     0.441167 
59353.897894 0.000000 0.000000    -0.203529     0.441908 
59353.952713 0.000000 0.000000    -0.173378     0.442614 
59354.007531 0.000000 0.000000    -0.142289     0.443283 
59354.062350 0.000000 0.000000    -0.110283     0.443910 
59354.117168 0.000000 0.000000    -0.077381     0.444496 
59354.171986 0.000000 0.000000    -0.043609     0.445037 
59354.226805 0.000000 0.000000    -0.008993     0.445532 
59354.281623 0.000000 0.000000     0.026439     0.445979 
59354.336442 0.000000 0.000000     0.062656     0.446378 
59354.391260 0.000000 0.000000     0.099626     0.446728 
59354.446079 0.000000 0.000000     0.137315     0.447028 
59354.500897 0.000000 0.000000     0.175687     0.447277 
59354.555715 0.000000 0.000000     0.214704     0.447477 
59354.610534 0.000000 0.000000     0.254328     0.447626 
59354.665352 0.000000 0.000000     0.294517     0.447726 
59354.720171 0.000000 0.000000     0.335230     0.447778 
59354.774989 0.000000 0.000000     0.376420     0.447781 
59354.829808 0.000000 0.000000     0.418044     0.447738 
59354.884626 0.000000 0.000000     0.460054     0.447650 
59354.939444 0.000000 0.000000     0.502402     0.447517 
59354.994263 0.000000 0.000000     0.545038     0.447342 
59355.049081 0.000000 0.000000     0.587911     0.447128 
59355.103900 0.000000 0.000000     0.630970     0.446874 
59355.158718 0.000000 0.000000     0.674161     0.446585 
59355.213537 0.000000 0.000000     0.717429     0.446262 
59355.268355 0.000000 0.000000     0.760721     0.445907 
59355.323173 0.000000 0.000000     0.803980     0.445524 
59355.377992 0.000000 0.000000     0.847150     0.445114 
59355.432810 0.000000 0.000000     0.890172     0.444680 
59355.487629 0.000000 0.000000     0.932991     0.444225 
59355.542447 0.000000 0.000000     0.975547     0.443752 
59355.597266 0.000000 0.000000     1.017781     0.443263 
59355.652084 0.000000 0.000000     1.059635     0.442761 
59355.706902 0.000000 0.000000     1.101049     0.442248 
59355.761721 0.000000 0.000000     1.141965     0.441728 
59355.816539 0.000000 0.000000     1.182322     0.441202 
59355.871358 0.000000 0.000000     1.222062     0.440673 
59355.926176 0.000000 0.000000     1.261125     0.440143 
59355.980995 0.000000 0.000000     1.299453     0.439615 
59356.035813 0.000000 0.000000     1.336988     0.439090 
59356.090631 0.000000 0.000000     1.373671     0.438571 
59356.145450 0.000000 0.000000     1.409445     0.438058 
59356.200268 0.000000 0.000000     1.444254     0.437553 
59356.255087 0.000000 0.000000     1.478041     0.437057 
59356.309905 0.000000 0.000000     1.510751     0.436572 
59356.364724 0.000000 0.000000     1.542331     0.436098 
59356.419542 0.000000 0.000000     1.572726     0.435635 
59356.474360 0.000000 0.000000     1.601885     0.435183 
59356.529179 0.000000 0.000000     1.629758     0.434743 
59356.583997 0.000000 0.000000     1.656294     0.434314 
59356.638816 0.000000 0.000000     1.681446     0.433896 
59356.693634 0.000000 0.000000     1.705166     0.433488 
59356.748452 0.000000 0.000000     1.727410     0.433089 
59356.803271 0.000000 0.000000     1.748135     0.432697 
59356.858089 0.000000 0.000000     1.767297     0.432312 
59356.912908 0.000000 0.000000     1.784859     0.431932 
59356.967726 0.000000 0.000000     1.800780     0.431555 
59357.022545 0.000000 0.000000     1.815025     0.431179 
59357.077363 0.000000 0.000000     1.827560     0.430803 
59357.132181 0.000000 0.000000     1.838351     0.430425 
59357.187000 0.000000 0.000000     1.847370     0.430043 
59357.241818 0.000000 0.000000     1.854589     0.429655 
59357.296637 0.000000 0.000000     1.859980     0.429259 
59357.351455 0.000000 0.000000     1.863521     0.428855 
59357.406274 0.000000 0.000000     1.865191     0.428439 
59357.461092 0.000000 0.000000     1.864970     0.428012 
59357.515910 0.000000 0.000000     1.862842     0.427573 
59357.570729 0.000000 0.000000     1.858793     0.427120 
59357.625547 0.000000 0.000000     1.852811     0.426655 
59357.680366 0.000000 0.000000     1.844887     0.426176 
59357.735184 0.000000 0.000000     1.835015     0.425686 
59357.790003 0.000000 0.000000     1.823189     0.425186 
59357.844821 0.000000 0.000000     1.809409     0.424678 
59357.899639 0.000000 0.000000     1.793674     0.424165 
59357.954458 0.000000 0.000000     1.775990     0.423651 
59358.009276 0.000000 0.000000     1.756360     0.423141 
59358.064095 0.000000 0.000000     1.734795     0.422640 
59358.118913 0.000000 0.000000     1.711304     0.422155 
59358.173732 0.000000 0.000000     1.685902     0.421695 
59358.228550 0.000000 0.000000     1.658604     0.421267 
59358.283368 0.000000 0.000000     1.629429     0.420882 
59358.338187 0.000000 0.000000     1.598397     0.420552 
59358.393005 0.000000 0.000000     1.565533     0.420289 
59358.447824 0.000000 0.000000     1.530863     0.420107 
59358.502642 0.000000 0.000000     1.494413     0.420022 
59358.557461 0.000000 0.000000     1.456216     0.420048 
59358.612279 0.000000 0.000000     1.416303     0.420205 
59358.667097 0.000000 0.000000     1.374710     0.420509 
59358.721916 0.000000 0.000000     1.331474     0.420980 
59358.776734 0.000000 0.000000     1.286635     0.421637 
59358.831553 0.000000 0.000000     1.240234     0.422500 
59358.886371 0.000000 0.000000     1.192315     0.423588 
59358.941190 0.000000 0.000000     1.142923     0.424921 
59358.996008 0.000000 0.000000     1.092107     0.426516 
59359.050826 0.000000 0.000000     1.039914     0.428391 
59359.105645 0.000000 0.000000     0.986398     0.430561 
59359.160463 0.000000 0.000000     0.931609     0.433041 
59359.215282 0.000000 0.000000     0.875604     0.435841 
59359.270100 0.000000 0.000000     0.818438     0.438971 
59359.324919 0.000000 0.000000     0.760168     0.442438 
59359.379737 0.000000 0.000000     0.700853     0.446245 
59359.434555 0.000000 0.000000     0.640554     0.450393 
59359.489374 0.000000 0.000000     0.579333     0.454880 
59359.544192 0.000000 0.000000     0.517251     0.459702 
59359.599011 0.000000 0.000000     0.454373     0.464851 
59359.653829 0.000000 0.000000     0.390763     0.470319 
59359.708648 0.000000 0.000000     0.326487     0.476094 
59359.763466 0.000000 0.000000     0.261611     0.482163 
59359.818284 0.000000 0.000000     0.196202     0.488512 
59359.873103 0.000000 0.000000     0.130328     0.495125 
59359.927921 0.000000 0.000000     0.064056     0.501987 
59359.982740 0.000000 0.000000    -0.002544     0.509079 
59360.037558 0.000000 0.000000    -0.069404     0.516386 
59360.092377 0.000000 0.000000    -0.136454     0.523890 
59360.147195 0.000000 0.000000    -0.203626     0.531574 
59360.202013 0.000000 0.000000    -0.270850     0.539422 
59360.256832 0.000000 0.000000    -0.338057     0.547416 
59360.311650 0.000000 0.000000    -0.405178     0.555542 
59360.366469 0.000000 0.000000    -0.472144     0.563782 
59360.421287 0.000000 0.000000    -0.538887     0.572124 
59360.476106 0.000000 0.000000    -0.605339     0.580553 
59360.530924 0.000000 0.000000    -0.671431     0.589055 
59360.585742 0.000000 0.000000    -0.737098     0.597617 
59360.640561 0.000000 0.000000    -0.802273     0.606227 
59360.695379 0.000000 0.000000    -0.866891     0.614874 
59360.750198 0.000000 0.000000    -0.930886     0.623547 
59360.805016 0.000000 0.000000    -0.994195     0.632235 
59360.859835 0.000000 0.000000    -1.056756     0.640928 
59360.914653 0.000000 0.000000    -1.118508     0.649618 
59360.969471 0.000000 0.000000    -1.179388     0.658295 
59361.024290 0.000000 0.000000    -1.239340     0.666951 
59361.079108 0.000000 0.000000    -1.298304     0.675578 
59361.133927 0.000000 0.000000    -1.356224     0.684169 
59361.188745 0.000000 0.000000    -1.413046     0.692718 
59361.243564 0.000000 0.000000    -1.468715     0.701217 
59361.298382 0.000000 0.000000    -1.523180     0.709659 
59361.353200 0.000000 0.000000    -1.576392     0.718041 
59361.408019 0.000000 0.000000    -1.628300     0.726355 
59361.462837 0.000000 0.000000    -1.678859     0.734596 
59361.517656 0.000000 0.000000    -1.728023     0.742760 
59361.572474 0.000000 0.000000    -1.775750     0.750841 
59361.627293 0.000000 0.000000    -1.821997     0.758836 
59361.682111 0.000000 0.000000    -1.866726     0.766741 
59361.736929 0.000000 0.000000    -1.909899     0.774550 
59361.791748 0.000000 0.000000    -1.951482     0.782261 
59361.846566 0.000000 0.000000    -1.991440     0.789870 
59361.901385 0.000000 0.000000    -2.029742     0.797373 
59361.956203 0.000000 0.000000    -2.066359     0.804768 
59362.011022 0.000000 0.000000    -2.101264     0.812051 
59362.065840 0.000000 0.000000    -2.134433     0.819221 
59362.120658 0.000000 0.000000    -2.165842     0.826273 
59362.175477 0.000000 0.000000    -2.195470     0.833207 
59362.230295 0.000000 0.000000    -2.223300     0.840019 
59362.285114 0.000000 0.000000    -2.249314     0.846707 
59362.339932 0.000000 0.000000    -2.273499     0.853271 
59362.394751 0.000000 0.000000    -2.295844     0.859707 
59362.449569 0.000000 0.000000    -2.316337     0.866014 
59362.504387 0.000000 0.000000    -2.334972     0.872191 
59362.559206 0.000000 0.000000    -2.351742     0.878237 
59362.614024 0.000000 0.000000    -2.366646     0.884150 
59362.668843 0.000000 0.000000    -2.379681     0.889929 
59362.723661 0.000000 0.000000    -2.390850     0.895574 
59362.778480 0.000000 0.000000    -2.400153     0.901083 
59362.833298 0.000000 0.000000    -2.407598     0.906456 
59362.888116 0.000000 0.000000    -2.413191     0.911693 
59362.942935 0.000000 0.000000    -2.416941     0.916792 
59362.997753 0.000000 0.000000    -2.418860     0.921755 
59363.052572 0.000000 0.000000    -2.418961     0.926580 
59363.107390 0.000000 0.000000    -2.417259     0.931268 
59363.162209 0.000000 0.000000    -2.413770     0.935818 
59363.217027 0.000000 0.000000    -2.408515     0.940232 
59363.271845 0.000000 0.000000    -2.401513     0.944509 
59363.326664 0.000000 0.000000    -2.392788     0.948649 
59363.381482 0.000000 0.000000    -2.382362     0.952654 
59363.436301 0.000000 0.000000    -2.370263     0.956524 
59363.491119 0.000000 0.000000    -2.356517     0.960259 
59363.545938 0.000000 0.000000    -2.341155     0.963862 
59363.600756 0.000000 0.000000    -2.324205     0.967332 
59363.655574 0.000000 0.000000    -2.305701     0.970670 
59363.710393 0.000000 0.000000    -2.285676     0.973879 
59363.765211 0.000000 0.000000    -2.264165     0.976959 
59363.820030 0.000000 0.000000    -2.241204     0.979911 
59363.874848 0.000000 0.000000    -2.216831     0.982737 
59363.929666 0.000000 0.000000    -2.191083     0.985439 
59363.984485 0.000000 0.000000    -2.164002     0.988018 
59364.039303 0.000000 0.000000    -2.135628     0.990476 
59364.094122 0.000000 0.000000    -2.106002     0.992815 
59364.148940 0.000000 0.000000    -2.075168     0.995037 
59364.203759 0.000000 0.000000    -2.043170     0.997142 
59364.258577 0.000000 0.000000    -2.010051     0.999135 
59364.313395 0.000000 0.000000    -1.975858     1.001016 
59364.368214 0.000000 0.000000    -1.940636     1.002788 
59364.423032 0.000000 0.000000    -1.904432     1.004453 
59364.477851 0.000000 0.000000    -1.867294     1.006013 
59364.532669 0.000000 0.000000    -1.829269     1.007471 
59364.587488 0.000000 0.000000    -1.790405     1.008829 
59364.642306 0.000000 0.000000    -1.750751     1.010089 
59364.697124 0.000000 0.000000    -1.710357     1.011254 
59364.751943 0.000000 0.000000    -1.669271     1.012327 
59364.806761 0.000000 0.000000    -1.627542     1.013309 
59364.861580 0.000000 0.000000    -1.585222     1.014204 
59364.916398 0.000000 0.000000    -1.542359     1.015015 
59364.971217 0.000000 0.000000    -1.499003     1.015743 
59365.026035 0.000000 0.000000    -1.455203     1.016391 
59365.080853 0.000000 0.000000    -1.411011     1.016963 
59365.135672 0.000000 0.000000    -1.366474     1.017461 
59365.190490 0.000000 0.000000    -1.321644     1.017888 
59365.245309 0.000000 0.000000    -1.276567     1.018246 
59365.300127 0.000000 0.000000    -1.231294     1.018538 
59365.354946 0.000000 0.000000    -1.185873     1.018767 
59365.409764 0.000000 0.000000    -1.140352     1.018936 
59365.464582 0.000000 0.000000    -1.094779     1.019047 
59365.519401 0.000000 0.000000    -1.049200     1.019103 
59365.574219 0.000000 0.000000    -1.003662     1.019108 
59365.629038 0.000000 0.000000    -0.958212     1.019064 
59365.683856 0.000000 0.000000    -0.912893     1.018973 
59365.738675 0.000000 0.000000    -0.867752     1.018838 
59365.793493 0.000000 0.000000    -0.822832     1.018663 
59365.848311 0.000000 0.000000    -0.778175     1.018450 
59365.903130 0.000000 0.000000    -0.733825     1.018201 
59365.957948 0.000000 0.000000    -0.689823     1.017919 
59366.012767 0.000000 0.000000    -0.646208     1.017608 
59366.067585 0.000000 0.000000    -0.603022     1.017269 
59366.122404 0.000000 0.000000    -0.560302     1.016905 
59366.177222 0.000000 0.000000    -0.518086     1.016519 
59366.232040 0.000000 0.000000    -0.476411     1.016114 
59366.286859 0.000000 0.000000    -0.435313     1.015692 
59366.341677 0.000000 0.000000    -0.394825     1.015256 
59366.396496 0.000000 0.000000    -0.354981     1.014808 
59366.451314 0.000000 0.000000    -0.315814     1.014350 
59366.506133 0.000000 0.000000    -0.277355     1.013886 
59366.560951 0.000000 0.000000    -0.239633     1.013418 
59366.615769 0.000000 0.000000    -0.202677     1.012948 
59366.670588 0.000000 0.000000    -0.166515     1.012478 
59366.725406 0.000000 0.000000    -0.131173     1.012012 
59366.780225 0.000000 0.000000    -0.096676     1.011550 
59366.835043 0.000000 0.000000    -0.063047     1.011096 
59366.889862 0.000000 0.000000    -0.030310     1.010652 
59366.944680 0.000000 0.000000     0.001515     1.010221 
59366.999498 0.000000 0.000000     0.032408     1.009803 
59367.054317 0.000000 0.000000     0.062350     1.009403 
59367.109135 0.000000 0.000000     0.091325     1.009021 
59367.163954 0.000000 0.000000     0.119315     1.008660 
59367.218772 0.000000 0.000000     0.146307     1.008321 
59367.273591 0.000000 0.000000     0.172288     1.008008 
59367.328409 0.000000 0.000000     0.197245     1.007722 
59367.383227 0.000000 0.000000     0.221168     1.007465 
59367.438046 0.000000 0.000000     0.244048     1.007239 
59367.492864 0.000000 0.000000     0.265876     1.007045 
59367.547683 0.000000 0.000000     0.286647     1.006887 
59367.602501 0.000000 0.000000     0.306355     1.006764 
59367.657320 0.000000 0.000000     0.324995     1.006680 
59367.712138 0.000000 0.000000     0.342566     1.006636 
59367.766956 0.000000 0.000000     0.359066     1.006633 
59367.821775 0.000000 0.000000     0.374495     1.006673 
59367.876593 0.000000 0.000000     0.388854     1.006757 
59367.931412 0.000000 0.000000     0.402146     1.006888 
59367.986230 0.000000 0.000000     0.414374     1.007065 
59368.041049 0.000000 0.000000     0.425543     1.007292 
59368.095867 0.000000 0.000000     0.435659     1.007568 
59368.150685 0.000000 0.000000     0.444730     1.007895 
59368.205504 0.000000 0.000000     0.452764     1.008274 
59368.260322 0.000000 0.000000     0.459771     1.008706 
59368.315141 0.000000 0.000000     0.465762     1.009192 
59368.369959 0.000000 0.000000     0.470747     1.009733 
59368.424778 0.000000 0.000000     0.474742     1.010329 
59368.479596 0.000000 0.000000     0.477759     1.010982 
59368.534414 0.000000 0.000000     0.479813     1.011691 
59368.589233 0.000000 0.000000     0.480921     1.012457 
59368.644051 0.000000 0.000000     0.481099     1.013281 
59368.698870 0.000000 0.000000     0.480367     1.014162 
59368.753688 0.000000 0.000000     0.478741     1.015102 
59368.808507 0.000000 0.000000     0.476243     1.016099 
59368.863325 0.000000 0.000000     0.472893     1.017155 
59368.918143 0.000000 0.000000     0.468713     1.018268 
59368.972962 0.000000 0.000000     0.463724     1.019440 
59369.027780 0.000000 0.000000     0.457950     1.020669 
59369.082599 0.000000 0.000000     0.451415     1.021955 
59369.137417 0.000000 0.000000     0.444143     1.023297 
59369.192236 0.000000 0.000000     0.436159     1.024696 
59369.247054 0.000000 0.000000     0.427488     1.026150 
59369.301872 0.000000 0.000000     0.418159     1.027658 
59369.356691 0.000000 0.000000     0.408196     1.029221 
59369.411509 0.000000 0.000000     0.397627     1.030836 
59369.466328 0.000000 0.000000     0.386481     1.032504 
59369.521146 0.000000 0.000000     0.374785     1.034222 
59369.575965 0.000000 0.000000     0.362568     1.035991 
59369.630783 0.000000 0.000000     0.349859     1.037807 
59369.685601 0.000000 0.000000     0.336688     1.039672 
59369.740420 0.000000 0.000000     0.323083     1.041582 
59369.795238 0.000000 0.000000     0.309075     1.043537 
59369.850057 0.000000 0.000000     0.294694     1.045535 
59369.904875 0.000000 0.000000     0.279969     1.047576 
59369.959694 0.000000 0.000000     0.264931     1.049656 
59370.014512 0.000000 0.000000     0.249611     1.051776 
59370.069330 0.000000 0.000000     0.234037     1.053932 
59370.124149 0.000000 0.000000     0.218241     1.056124 
59370.178967 0.000000 0.000000     0.202253     1.058351 
59370.233786 0.000000 0.000000     0.186102     1.060609 
59370.288604 0.000000 0.000000     0.169819     1.062899 
59370.343423 0.000000 0.000000     0.153433     1.065217 
59370.398241 0.000000 0.000000     0.136974     1.067563 
59370.453059 0.000000 0.000000     0.120471     1.069934 
59370.507878 0.000000 0.000000     0.103952     1.072330 
59370.562696 0.000000 0.000000     0.087447     1.074747 
59370.617515 0.000000 0.000000     0.070983     1.077185 
59370.672333 0.000000 0.000000     0.054588     1.079643 
59370.727151 0.000000 0.000000     0.038289     1.082117 
59370.781970 0.000000 0.000000     0.022113     1.084607 
59370.836788 0.000000 0.000000     0.006086     1.087111 
59370.891607 0.000000 0.000000    -0.009766     1.089628 
59370.946425 0.000000 0.000000    -0.025420     1.092155 
59371.001244 0.000000 0.000000    -0.040849     1.094692 
59371.056062 0.000000 0.000000    -0.056032     1.097237 
59371.110880 0.000000 0.000000    -0.070945     1.099788 
59371.165699 0.000000 0.000000    -0.085565     1.102344 
59371.220517 0.000000 0.000000    -0.099873     1.104903 
59371.275336 0.000000 0.000000    -0.113846     1.107464 
59371.330154 0.000000 0.000000    -0.127467     1.110027 
59371.384973 0.000000 0.000000    -0.140715     1.112588 
59371.439791 0.000000 0.000000    -0.153574     1.115148 
59371.494609 0.000000 0.000000    -0.166026     1.117706 
59371.549428 0.000000 0.000000    -0.178055     1.120259 
59371.604246 0.000000 0.000000    -0.189647     1.122806 
59371.659065 0.000000 0.000000    -0.200787     1.125348 
59371.713883 0.000000 0.000000    -0.211463     1.127882 
59371.768702 0.000000 0.000000    -0.221662     1.130408 
59371.823520 0.000000 0.000000    -0.231374     1.132925 
59371.878338 0.000000 0.000000    -0.240589     1.135432 
59371.933157 0.000000 0.000000    -0.249298     1.137929 
59371.987975 0.000000 0.000000    -0.257494     1.140413 
59372.042794 0.000000 0.000000    -0.265170     1.142886 
59372.097612 0.000000 0.000000    -0.272320     1.145345 
59372.152431 0.000000 0.000000    -0.278941     1.147791 
59372.207249 0.000000 0.000000    -0.285029     1.150222 
59372.262067 0.000000 0.000000    -0.290582     1.152639 
59372.316886 0.000000 0.000000    -0.295599     1.155041 
59372.371704 0.000000 0.000000    -0.300080     1.157427 
59372.426523 0.000000 0.000000    -0.304027     1.159797 
59372.481341 0.000000 0.000000    -0.307441     1.162151 
59372.536160 0.000000 0.000000    -0.310327     1.164488 
59372.590978 0.000000 0.000000    -0.312689     1.166808 
59372.645796 0.000000 0.000000    -0.314532     1.169110 
59372.700615 0.000000 0.000000    -0.315863     1.171396 
59372.755433 0.000000 0.000000    -0.316690     1.173663 
59372.810252 0.000000 0.000000    -0.317022     1.175913 
59372.865070 0.000000 0.000000    -0.316868     1.178145 
59372.919889 0.000000 0.000000    -0.316240     1.180359 
59372.974707 0.000000 0.000000    -0.315149     1.182555 
59373.029525 0.000000 0.000000    -0.313607     1.184734 
59373.084344 0.000000 0.000000    -0.311629     1.186894 
59373.139162 0.000000 0.000000    -0.309229     1.189036 
59373.193981 0.000000 0.000000    -0.306422     1.191160 
59373.248799 0.000000 0.000000    -0.303224     1.193266 
59373.303618 0.000000 0.000000    -0.299653     1.195355 
59373.358436 0.000000 0.000000    -0.295727     1.197426 
59373.413254 0.000000 0.000000    -0.291463     1.199479 
59373.468073 0.000000 0.000000    -0.286882     1.201514 
59373.522891 0.000000 0.000000    -0.282002     1.203532 
59373.577710 0.000000 0.000000    -0.276845     1.205533 
59373.632528 0.000000 0.000000    -0.271431     1.207516 
59373.687347 0.000000 0.000000    -0.265783     1.209482 
59373.742165 0.000000 0.000000    -0.259921     1.211432 
59373.796983 0.000000 0.000000    -0.253869     1.213364 
59373.851802 0.000000 0.000000    -0.247649     1.215280 
59373.906620 0.000000 0.000000    -0.241285     1.217178 
59373.961439 0.000000 0.000000    -0.234800     1.219060 
59374.016257 0.000000 0.000000    -0.228217     1.220926 
59374.071076 0.000000 0.000000    -0.221562     1.222775 
59374.125894 0.000000 0.000000    -0.537795          nan 
