# time Tc_folded Tref_folded model model_err 
59330.452438 0.000000 0.000000    -4.841882     1.148318 
59330.505369 0.000000 0.000000    -4.855476     1.136282 
59330.558301 0.000000 0.000000    -4.866884     1.124190 
59330.611233 0.000000 0.000000    -4.876076     1.112047 
59330.664165 0.000000 0.000000    -4.883023     1.099859 
59330.717097 0.000000 0.000000    -4.887697     1.087630 
59330.770029 0.000000 0.000000    -4.890074     1.075365 
59330.822960 0.000000 0.000000    -4.890133     1.063072 
59330.875892 0.000000 0.000000    -4.887853     1.050755 
59330.928824 0.000000 0.000000    -4.883218     1.038421 
59330.981756 0.000000 0.000000    -4.876214     1.026078 
59331.034688 0.000000 0.000000    -4.866828     1.013732 
59331.087620 0.000000 0.000000    -4.855050     1.001392 
59331.140551 0.000000 0.000000    -4.840875     0.989065 
59331.193483 0.000000 0.000000    -4.824297     0.976760 
59331.246415 0.000000 0.000000    -4.805315     0.964487 
59331.299347 0.000000 0.000000    -4.783931     0.952254 
59331.352279 0.000000 0.000000    -4.760147     0.940072 
59331.405211 0.000000 0.000000    -4.733970     0.927951 
59331.458142 0.000000 0.000000    -4.705410     0.915903 
59331.511074 0.000000 0.000000    -4.674478     0.903939 
59331.564006 0.000000 0.000000    -4.641188     0.892072 
59331.616938 0.000000 0.000000    -4.605557     0.880313 
59331.669870 0.000000 0.000000    -4.567605     0.868677 
59331.722802 0.000000 0.000000    -4.527354     0.857178 
59331.775733 0.000000 0.000000    -4.484829     0.845828 
59331.828665 0.000000 0.000000    -4.440057     0.834644 
59331.881597 0.000000 0.000000    -4.393069     0.823641 
59331.934529 0.000000 0.000000    -4.343895     0.812833 
59331.987461 0.000000 0.000000    -4.292573     0.802237 
59332.040393 0.000000 0.000000    -4.239138     0.791868 
59332.093324 0.000000 0.000000    -4.183630     0.781742 
59332.146256 0.000000 0.000000    -4.126092     0.771876 
59332.199188 0.000000 0.000000    -4.066567     0.762284 
59332.252120 0.000000 0.000000    -4.005103     0.752982 
59332.305052 0.000000 0.000000    -3.941747     0.743984 
59332.357984 0.000000 0.000000    -3.876551     0.735303 
59332.410915 0.000000 0.000000    -3.809568     0.726953 
59332.463847 0.000000 0.000000    -3.740851     0.718945 
59332.516779 0.000000 0.000000    -3.670459     0.711288 
59332.569711 0.000000 0.000000    -3.598449     0.703990 
59332.622643 0.000000 0.000000    -3.524883     0.697058 
59332.675575 0.000000 0.000000    -3.449821     0.690495 
59332.728506 0.000000 0.000000    -3.373327     0.684304 
59332.781438 0.000000 0.000000    -3.295467     0.678484 
59332.834370 0.000000 0.000000    -3.216307     0.673033 
59332.887302 0.000000 0.000000    -3.135916     0.667944 
59332.940234 0.000000 0.000000    -3.054361     0.663211 
59332.993166 0.000000 0.000000    -2.971715     0.658823 
59333.046097 0.000000 0.000000    -2.888047     0.654770 
59333.099029 0.000000 0.000000    -2.803432     0.651035 
59333.151961 0.000000 0.000000    -2.717941     0.647605 
59333.204893 0.000000 0.000000    -2.631650     0.644461 
59333.257825 0.000000 0.000000    -2.544632     0.641585 
59333.310756 0.000000 0.000000    -2.456965     0.638959 
59333.363688 0.000000 0.000000    -2.368723     0.636560 
59333.416620 0.000000 0.000000    -2.279983     0.634370 
59333.469552 0.000000 0.000000    -2.190823     0.632367 
59333.522484 0.000000 0.000000    -2.101318     0.630531 
59333.575416 0.000000 0.000000    -2.011547     0.628841 
59333.628347 0.000000 0.000000    -1.921586     0.627278 
59333.681279 0.000000 0.000000    -1.831513     0.625822 
59333.734211 0.000000 0.000000    -1.741405     0.624454 
59333.787143 0.000000 0.000000    -1.651338     0.623159 
59333.840075 0.000000 0.000000    -1.561389     0.621917 
59333.893007 0.000000 0.000000    -1.471634     0.620716 
59333.945938 0.000000 0.000000    -1.382149     0.619539 
59333.998870 0.000000 0.000000    -1.293007     0.618374 
59334.051802 0.000000 0.000000    -1.204284     0.617209 
59334.104734 0.000000 0.000000    -1.116053     0.616032 
59334.157666 0.000000 0.000000    -1.028385     0.614835 
59334.210598 0.000000 0.000000    -0.941353     0.613608 
59334.263529 0.000000 0.000000    -0.855027     0.612343 
59334.316461 0.000000 0.000000    -0.769476     0.611034 
59334.369393 0.000000 0.000000    -0.684769     0.609674 
59334.422325 0.000000 0.000000    -0.600971     0.608261 
59334.475257 0.000000 0.000000    -0.518148     0.606788 
59334.528189 0.000000 0.000000    -0.436365     0.605254 
59334.581120 0.000000 0.000000    -0.355683     0.603656 
59334.634052 0.000000 0.000000    -0.276163     0.601993 
59334.686984 0.000000 0.000000    -0.197864     0.600264 
59334.739916 0.000000 0.000000    -0.120845     0.598468 
59334.792848 0.000000 0.000000    -0.045159     0.596606 
59334.845780 0.000000 0.000000     0.029138     0.594680 
59334.898711 0.000000 0.000000     0.101995     0.592690 
59334.951643 0.000000 0.000000     0.173362     0.590640 
59335.004575 0.000000 0.000000     0.243192     0.588531 
59335.057507 0.000000 0.000000     0.311437     0.586366 
59335.110439 0.000000 0.000000     0.378056     0.584149 
59335.163371 0.000000 0.000000     0.443005     0.581884 
59335.216302 0.000000 0.000000     0.506245     0.579575 
59335.269234 0.000000 0.000000     0.567740     0.577225 
59335.322166 0.000000 0.000000     0.627453     0.574840 
59335.375098 0.000000 0.000000     0.685352     0.572424 
59335.428030 0.000000 0.000000     0.741408     0.569982 
59335.480962 0.000000 0.000000     0.795590     0.567519 
59335.533893 0.000000 0.000000     0.847874     0.565041 
59335.586825 0.000000 0.000000     0.898236     0.562552 
59335.639757 0.000000 0.000000     0.946655     0.560059 
59335.692689 0.000000 0.000000     0.993111     0.557566 
59335.745621 0.000000 0.000000     1.037588     0.555079 
59335.798553 0.000000 0.000000     1.080073     0.552602 
59335.851484 0.000000 0.000000     1.120553     0.550143 
59335.904416 0.000000 0.000000     1.159019     0.547704 
59335.957348 0.000000 0.000000     1.195464     0.545291 
59336.010280 0.000000 0.000000     1.229883     0.542910 
59336.063212 0.000000 0.000000     1.262273     0.540564 
59336.116144 0.000000 0.000000     1.292635     0.538258 
59336.169075 0.000000 0.000000     1.320970     0.535996 
59336.222007 0.000000 0.000000     1.347283     0.533782 
59336.274939 0.000000 0.000000     1.371581     0.531618 
59336.327871 0.000000 0.000000     1.393872     0.529510 
59336.380803 0.000000 0.000000     1.414168     0.527458 
59336.433735 0.000000 0.000000     1.432482     0.525467 
59336.486666 0.000000 0.000000     1.448829     0.523538 
59336.539598 0.000000 0.000000     1.463226     0.521672 
59336.592530 0.000000 0.000000     1.475694     0.519873 
59336.645462 0.000000 0.000000     1.486252     0.518139 
59336.698394 0.000000 0.000000     1.494926     0.516474 
59336.751326 0.000000 0.000000     1.501739     0.514876 
59336.804257 0.000000 0.000000     1.506720     0.513348 
59336.857189 0.000000 0.000000     1.509896     0.511887 
59336.910121 0.000000 0.000000     1.511300     0.510495 
59336.963053 0.000000 0.000000     1.510962     0.509170 
59337.015985 0.000000 0.000000     1.508918     0.507912 
59337.068917 0.000000 0.000000     1.505203     0.506720 
59337.121848 0.000000 0.000000     1.499853     0.505593 
59337.174780 0.000000 0.000000     1.492909     0.504529 
59337.227712 0.000000 0.000000     1.484409     0.503528 
59337.280644 0.000000 0.000000     1.474395     0.502587 
59337.333576 0.000000 0.000000     1.462910     0.501705 
59337.386508 0.000000 0.000000     1.449998     0.500881 
59337.439439 0.000000 0.000000     1.435703     0.500112 
59337.492371 0.000000 0.000000     1.420073     0.499398 
59337.545303 0.000000 0.000000     1.403153     0.498737 
59337.598235 0.000000 0.000000     1.384993     0.498126 
59337.651167 0.000000 0.000000     1.365641     0.497564 
59337.704098 0.000000 0.000000     1.345147     0.497051 
59337.757030 0.000000 0.000000     1.323561     0.496583 
59337.809962 0.000000 0.000000     1.300936     0.496160 
59337.862894 0.000000 0.000000     1.277323     0.495780 
59337.915826 0.000000 0.000000     1.252774     0.495443 
59337.968758 0.000000 0.000000     1.227343     0.495145 
59338.021689 0.000000 0.000000     1.201082     0.494887 
59338.074621 0.000000 0.000000     1.174046     0.494667 
59338.127553 0.000000 0.000000     1.146289     0.494483 
59338.180485 0.000000 0.000000     1.117865     0.494335 
59338.233417 0.000000 0.000000     1.088828     0.494222 
59338.286349 0.000000 0.000000     1.059233     0.494141 
59338.339280 0.000000 0.000000     1.029135     0.494092 
59338.392212 0.000000 0.000000     0.998587     0.494074 
59338.445144 0.000000 0.000000     0.967645     0.494086 
59338.498076 0.000000 0.000000     0.936363     0.494126 
59338.551008 0.000000 0.000000     0.904794     0.494193 
59338.603940 0.000000 0.000000     0.872993     0.494285 
59338.656871 0.000000 0.000000     0.841013     0.494402 
59338.709803 0.000000 0.000000     0.808906     0.494541 
59338.762735 0.000000 0.000000     0.776727     0.494702 
59338.815667 0.000000 0.000000     0.744526     0.494882 
59338.868599 0.000000 0.000000     0.712355     0.495080 
59338.921531 0.000000 0.000000     0.680264     0.495294 
59338.974462 0.000000 0.000000     0.648306     0.495522 
59339.027394 0.000000 0.000000     0.616527     0.495763 
59339.080326 0.000000 0.000000     0.584979     0.496014 
59339.133258 0.000000 0.000000     0.553708     0.496273 
59339.186190 0.000000 0.000000     0.522761     0.496538 
59339.239122 0.000000 0.000000     0.492185     0.496807 
59339.292053 0.000000 0.000000     0.462025     0.497077 
59339.344985 0.000000 0.000000     0.432325     0.497347 
59339.397917 0.000000 0.000000     0.403128     0.497613 
59339.450849 0.000000 0.000000     0.374477     0.497875 
59339.503781 0.000000 0.000000     0.346412     0.498128 
59339.556713 0.000000 0.000000     0.318973     0.498371 
59339.609644 0.000000 0.000000     0.292200     0.498603 
59339.662576 0.000000 0.000000     0.266129     0.498819 
59339.715508 0.000000 0.000000     0.240796     0.499019 
59339.768440 0.000000 0.000000     0.216238     0.499199 
59339.821372 0.000000 0.000000     0.192487     0.499358 
59339.874304 0.000000 0.000000     0.169576     0.499495 
59339.927235 0.000000 0.000000     0.147536     0.499606 
59339.980167 0.000000 0.000000     0.126397     0.499691 
59340.033099 0.000000 0.000000     0.106187     0.499747 
59340.086031 0.000000 0.000000     0.086933     0.499773 
59340.138963 0.000000 0.000000     0.068660     0.499768 
59340.191895 0.000000 0.000000     0.051392     0.499731 
59340.244826 0.000000 0.000000     0.035153     0.499660 
59340.297758 0.000000 0.000000     0.019964     0.499556 
59340.350690 0.000000 0.000000     0.005843     0.499416 
59340.403622 0.000000 0.000000    -0.007190     0.499242 
59340.456554 0.000000 0.000000    -0.019120     0.499032 
59340.509486 0.000000 0.000000    -0.029929     0.498787 
59340.562417 0.000000 0.000000    -0.039606     0.498508 
59340.615349 0.000000 0.000000    -0.048137     0.498194 
59340.668281 0.000000 0.000000    -0.055512     0.497847 
59340.721213 0.000000 0.000000    -0.061722     0.497467 
59340.774145 0.000000 0.000000    -0.066758     0.497057 
59340.827077 0.000000 0.000000    -0.070614     0.496617 
59340.880008 0.000000 0.000000    -0.073285     0.496150 
59340.932940 0.000000 0.000000    -0.074769     0.495657 
59340.985872 0.000000 0.000000    -0.075063     0.495141 
59341.038804 0.000000 0.000000    -0.074166     0.494605 
59341.091736 0.000000 0.000000    -0.072080     0.494051 
59341.144668 0.000000 0.000000    -0.068807     0.493484 
59341.197599 0.000000 0.000000    -0.064350     0.492905 
59341.250531 0.000000 0.000000    -0.058716     0.492319 
59341.303463 0.000000 0.000000    -0.051910     0.491729 
59341.356395 0.000000 0.000000    -0.043941     0.491140 
59341.409327 0.000000 0.000000    -0.034819     0.490555 
59341.462259 0.000000 0.000000    -0.024552     0.489980 
59341.515190 0.000000 0.000000    -0.013155     0.489418 
59341.568122 0.000000 0.000000    -0.000639     0.488874 
59341.621054 0.000000 0.000000     0.012980     0.488353 
59341.673986 0.000000 0.000000     0.027687     0.487860 
59341.726918 0.000000 0.000000     0.043465     0.487399 
59341.779850 0.000000 0.000000     0.060295     0.486976 
59341.832781 0.000000 0.000000     0.078159     0.486595 
59341.885713 0.000000 0.000000     0.097035     0.486260 
59341.938645 0.000000 0.000000     0.116903     0.485976 
59341.991577 0.000000 0.000000     0.137739     0.485748 
59342.044509 0.000000 0.000000     0.159520     0.485580 
59342.097441 0.000000 0.000000     0.182221     0.485475 
59342.150372 0.000000 0.000000     0.205817     0.485438 
59342.203304 0.000000 0.000000     0.230280     0.485472 
59342.256236 0.000000 0.000000     0.255584     0.485579 
59342.309168 0.000000 0.000000     0.281700     0.485763 
59342.362100 0.000000 0.000000     0.308599     0.486025 
59342.415031 0.000000 0.000000     0.336251     0.486368 
59342.467963 0.000000 0.000000     0.364625     0.486793 
59342.520895 0.000000 0.000000     0.393690     0.487300 
59342.573827 0.000000 0.000000     0.423413     0.487891 
59342.626759 0.000000 0.000000     0.453761     0.488565 
59342.679691 0.000000 0.000000     0.484702     0.489322 
59342.732622 0.000000 0.000000     0.516201     0.490160 
59342.785554 0.000000 0.000000     0.548223     0.491079 
59342.838486 0.000000 0.000000     0.580735     0.492076 
59342.891418 0.000000 0.000000     0.613699     0.493149 
59342.944350 0.000000 0.000000     0.647082     0.494295 
59342.997282 0.000000 0.000000     0.680846     0.495511 
59343.050213 0.000000 0.000000     0.714955     0.496794 
59343.103145 0.000000 0.000000     0.749372     0.498141 
59343.156077 0.000000 0.000000     0.784060     0.499546 
59343.209009 0.000000 0.000000     0.818983     0.501005 
59343.261941 0.000000 0.000000     0.854103     0.502515 
59343.314873 0.000000 0.000000     0.889383     0.504071 
59343.367804 0.000000 0.000000     0.924785     0.505667 
59343.420736 0.000000 0.000000     0.960272     0.507299 
59343.473668 0.000000 0.000000     0.995807     0.508961 
59343.526600 0.000000 0.000000     1.031353     0.510649 
59343.579532 0.000000 0.000000     1.066872     0.512358 
59343.632464 0.000000 0.000000     1.102328     0.514082 
59343.685395 0.000000 0.000000     1.137685     0.515817 
59343.738327 0.000000 0.000000     1.172904     0.517557 
59343.791259 0.000000 0.000000     1.207952     0.519298 
59343.844191 0.000000 0.000000     1.242791     0.521035 
59343.897123 0.000000 0.000000     1.277387     0.522763 
59343.950055 0.000000 0.000000     1.311705     0.524477 
59344.002986 0.000000 0.000000     1.345710     0.526173 
59344.055918 0.000000 0.000000     1.379369     0.527847 
59344.108850 0.000000 0.000000     1.412648     0.529495 
59344.161782 0.000000 0.000000     1.445515     0.531112 
59344.214714 0.000000 0.000000     1.477938     0.532695 
59344.267646 0.000000 0.000000     1.509884     0.534241 
59344.320577 0.000000 0.000000     1.541325     0.535744 
59344.373509 0.000000 0.000000     1.572229     0.537204 
59344.426441 0.000000 0.000000     1.602569     0.538615 
59344.479373 0.000000 0.000000     1.632314     0.539976 
59344.532305 0.000000 0.000000     1.661440     0.541283 
59344.585237 0.000000 0.000000     1.689918     0.542534 
59344.638168 0.000000 0.000000     1.717723     0.543727 
59344.691100 0.000000 0.000000     1.744831     0.544859 
59344.744032 0.000000 0.000000     1.771219     0.545929 
59344.796964 0.000000 0.000000     1.796864     0.546933 
59344.849896 0.000000 0.000000     1.821744     0.547872 
59344.902828 0.000000 0.000000     1.845839     0.548742 
59344.955759 0.000000 0.000000     1.869130     0.549544 
59345.008691 0.000000 0.000000     1.891599     0.550275 
59345.061623 0.000000 0.000000     1.913229     0.550935 
59345.114555 0.000000 0.000000     1.934004     0.551523 
59345.167487 0.000000 0.000000     1.953910     0.552038 
59345.220419 0.000000 0.000000     1.972932     0.552480 
59345.273350 0.000000 0.000000     1.991060     0.552848 
59345.326282 0.000000 0.000000     2.008282     0.553143 
59345.379214 0.000000 0.000000     2.024589     0.553364 
59345.432146 0.000000 0.000000     2.039972     0.553512 
59345.485078 0.000000 0.000000     2.054425     0.553587 
59345.538010 0.000000 0.000000     2.067940     0.553590 
59345.590941 0.000000 0.000000     2.080515     0.553521 
59345.643873 0.000000 0.000000     2.092145     0.553382 
59345.696805 0.000000 0.000000     2.102830     0.553173 
59345.749737 0.000000 0.000000     2.112567     0.552897 
59345.802669 0.000000 0.000000     2.121359     0.552553 
59345.855601 0.000000 0.000000     2.129207     0.552145 
59345.908532 0.000000 0.000000     2.136114     0.551674 
59345.961464 0.000000 0.000000     2.142084     0.551142 
59346.014396 0.000000 0.000000     2.147125     0.550551 
59346.067328 0.000000 0.000000     2.151242     0.549904 
59346.120260 0.000000 0.000000     2.154445     0.549203 
59346.173192 0.000000 0.000000     2.156742     0.548452 
59346.226123 0.000000 0.000000     2.158144     0.547653 
59346.279055 0.000000 0.000000     2.158665     0.546810 
59346.331987 0.000000 0.000000     2.158315     0.545925 
59346.384919 0.000000 0.000000     2.157111     0.545003 
59346.437851 0.000000 0.000000     2.155068     0.544047 
59346.490783 0.000000 0.000000     2.152201     0.543061 
59346.543714 0.000000 0.000000     2.148528     0.542049 
59346.596646 0.000000 0.000000     2.144070     0.541015 
59346.649578 0.000000 0.000000     2.138843     0.539964 
59346.702510 0.000000 0.000000     2.132871     0.538900 
59346.755442 0.000000 0.000000     2.126173     0.537827 
59346.808373 0.000000 0.000000     2.118774     0.536751 
59346.861305 0.000000 0.000000     2.110695     0.535675 
59346.914237 0.000000 0.000000     2.101961     0.534605 
59346.967169 0.000000 0.000000     2.092597     0.533546 
59347.020101 0.000000 0.000000     2.082629     0.532501 
59347.073033 0.000000 0.000000     2.072082     0.531476 
59347.125964 0.000000 0.000000     2.060985     0.530476 
59347.178896 0.000000 0.000000     2.049365     0.529504 
59347.231828 0.000000 0.000000     2.037249     0.528566 
59347.284760 0.000000 0.000000     2.024667     0.527666 
59347.337692 0.000000 0.000000     2.011647     0.526808 
59347.390624 0.000000 0.000000     1.998220     0.525995 
59347.443555 0.000000 0.000000     1.984414     0.525231 
59347.496487 0.000000 0.000000     1.970261     0.524520 
59347.549419 0.000000 0.000000     1.955790     0.523865 
59347.602351 0.000000 0.000000     1.941032     0.523268 
59347.655283 0.000000 0.000000     1.926017     0.522732 
59347.708215 0.000000 0.000000     1.910778     0.522258 
59347.761146 0.000000 0.000000     1.895343     0.521848 
59347.814078 0.000000 0.000000     1.879744     0.521503 
59347.867010 0.000000 0.000000     1.864012     0.521224 
59347.919942 0.000000 0.000000     1.848177     0.521011 
59347.972874 0.000000 0.000000     1.832269     0.520864 
59348.025806 0.000000 0.000000     1.816319     0.520781 
59348.078737 0.000000 0.000000     1.800355     0.520763 
59348.131669 0.000000 0.000000     1.784407     0.520806 
59348.184601 0.000000 0.000000     1.768505     0.520910 
59348.237533 0.000000 0.000000     1.752676     0.521071 
59348.290465 0.000000 0.000000     1.736948     0.521287 
59348.343397 0.000000 0.000000     1.721349     0.521556 
59348.396328 0.000000 0.000000     1.705904     0.521872 
59348.449260 0.000000 0.000000     1.690640     0.522233 
59348.502192 0.000000 0.000000     1.675582     0.522635 
59348.555124 0.000000 0.000000     1.660754     0.523073 
59348.608056 0.000000 0.000000     1.646180     0.523543 
59348.660988 0.000000 0.000000     1.631881     0.524040 
59348.713919 0.000000 0.000000     1.617880     0.524560 
59348.766851 0.000000 0.000000     1.604198     0.525098 
59348.819783 0.000000 0.000000     1.590853     0.525649 
59348.872715 0.000000 0.000000     1.577864     0.526208 
59348.925647 0.000000 0.000000     1.565249     0.526771 
59348.978579 0.000000 0.000000     1.553023     0.527332 
59349.031510 0.000000 0.000000     1.541202     0.527887 
59349.084442 0.000000 0.000000     1.529800     0.528432 
59349.137374 0.000000 0.000000     1.518829     0.528962 
59349.190306 0.000000 0.000000     1.508300     0.529473 
59349.243238 0.000000 0.000000     1.498224     0.529960 
59349.296170 0.000000 0.000000     1.488609     0.530421 
59349.349101 0.000000 0.000000     1.479462     0.530850 
59349.402033 0.000000 0.000000     1.470789     0.531245 
59349.454965 0.000000 0.000000     1.462595     0.531602 
59349.507897 0.000000 0.000000     1.454883     0.531919 
59349.560829 0.000000 0.000000     1.447655     0.532193 
59349.613761 0.000000 0.000000     1.440911     0.532421 
59349.666692 0.000000 0.000000     1.434649     0.532602 
59349.719624 0.000000 0.000000     1.428867     0.532733 
59349.772556 0.000000 0.000000     1.423562     0.532813 
59349.825488 0.000000 0.000000     1.418728     0.532841 
59349.878420 0.000000 0.000000     1.414358     0.532816 
59349.931352 0.000000 0.000000     1.410444     0.532737 
59349.984283 0.000000 0.000000     1.406976     0.532604 
59350.037215 0.000000 0.000000     1.403943     0.532418 
59350.090147 0.000000 0.000000     1.401333     0.532178 
59350.143079 0.000000 0.000000     1.399133     0.531884 
59350.196011 0.000000 0.000000     1.397326     0.531539 
59350.248943 0.000000 0.000000     1.395898     0.531144 
59350.301874 0.000000 0.000000     1.394829     0.530699 
59350.354806 0.000000 0.000000     1.394102     0.530208 
59350.407738 0.000000 0.000000     1.393696     0.529671 
59350.460670 0.000000 0.000000     1.393590     0.529092 
59350.513602 0.000000 0.000000     1.393762     0.528473 
59350.566534 0.000000 0.000000     1.394188     0.527818 
59350.619465 0.000000 0.000000     1.394843     0.527130 
59350.672397 0.000000 0.000000     1.395703     0.526411 
59350.725329 0.000000 0.000000     1.396741     0.525667 
59350.778261 0.000000 0.000000     1.397929     0.524901 
59350.831193 0.000000 0.000000     1.399239     0.524117 
59350.884125 0.000000 0.000000     1.400643     0.523319 
59350.937056 0.000000 0.000000     1.402110     0.522513 
59350.989988 0.000000 0.000000     1.403610     0.521702 
59351.042920 0.000000 0.000000     1.405112     0.520892 
59351.095852 0.000000 0.000000     1.406585     0.520087 
59351.148784 0.000000 0.000000     1.407996     0.519292 
59351.201715 0.000000 0.000000     1.409313     0.518512 
59351.254647 0.000000 0.000000     1.410504     0.517752 
59351.307579 0.000000 0.000000     1.411535     0.517017 
59351.360511 0.000000 0.000000     1.412372     0.516311 
59351.413443 0.000000 0.000000     1.412983     0.515639 
59351.466375 0.000000 0.000000     1.413333     0.515005 
59351.519306 0.000000 0.000000     1.413390     0.514414 
59351.572238 0.000000 0.000000     1.413120     0.513869 
59351.625170 0.000000 0.000000     1.412489     0.513375 
59351.678102 0.000000 0.000000     1.411465     0.512933 
59351.731034 0.000000 0.000000     1.410015     0.512548 
59351.783966 0.000000 0.000000     1.408106     0.512223 
59351.836897 0.000000 0.000000     1.405706     0.511958 
59351.889829 0.000000 0.000000     1.402784     0.511757 
59351.942761 0.000000 0.000000     1.399310     0.511620 
59351.995693 0.000000 0.000000     1.395252     0.511548 
59352.048625 0.000000 0.000000     1.390582     0.511543 
59352.101557 0.000000 0.000000     1.385271     0.511603 
59352.154488 0.000000 0.000000     1.379291     0.511728 
59352.207420 0.000000 0.000000     1.372616     0.511918 
59352.260352 0.000000 0.000000     1.365219     0.512171 
59352.313284 0.000000 0.000000     1.357077     0.512485 
59352.366216 0.000000 0.000000     1.348165     0.512859 
59352.419148 0.000000 0.000000     1.338462     0.513289 
59352.472079 0.000000 0.000000     1.327947     0.513772 
59352.525011 0.000000 0.000000     1.316599     0.514306 
59352.577943 0.000000 0.000000     1.304402     0.514886 
59352.630875 0.000000 0.000000     1.291338     0.515510 
59352.683807 0.000000 0.000000     1.277391     0.516173 
59352.736739 0.000000 0.000000     1.262549     0.516870 
59352.789670 0.000000 0.000000     1.246800     0.517599 
59352.842602 0.000000 0.000000     1.230133     0.518353 
59352.895534 0.000000 0.000000     1.212540     0.519129 
59352.948466 0.000000 0.000000     1.194013     0.519923 
59353.001398 0.000000 0.000000     1.174548     0.520729 
59353.054330 0.000000 0.000000     1.154143     0.521543 
59353.107261 0.000000 0.000000     1.132794     0.522360 
59353.160193 0.000000 0.000000     1.110504     0.523178 
59353.213125 0.000000 0.000000     1.087274     0.523990 
59353.266057 0.000000 0.000000     1.063109     0.524793 
59353.318989 0.000000 0.000000     1.038016     0.525583 
59353.371921 0.000000 0.000000     1.012003     0.526356 
59353.424852 0.000000 0.000000     0.985080     0.527109 
59353.477784 0.000000 0.000000     0.957260     0.527838 
59353.530716 0.000000 0.000000     0.928558     0.528539 
59353.583648 0.000000 0.000000     0.898989     0.529211 
59353.636580 0.000000 0.000000     0.868572     0.529850 
59353.689512 0.000000 0.000000     0.837329     0.530453 
59353.742443 0.000000 0.000000     0.805280     0.531018 
59353.795375 0.000000 0.000000     0.772451     0.531544 
59353.848307 0.000000 0.000000     0.738869     0.532028 
59353.901239 0.000000 0.000000     0.704561     0.532468 
59353.954171 0.000000 0.000000     0.669558     0.532864 
59354.007103 0.000000 0.000000     0.633892     0.533215 
59354.060034 0.000000 0.000000     0.597598     0.533519 
59354.112966 0.000000 0.000000     0.560711     0.533776 
59354.165898 0.000000 0.000000     0.523269     0.533986 
59354.218830 0.000000 0.000000     0.485311     0.534148 
59354.271762 0.000000 0.000000     0.446879     0.534262 
59354.324694 0.000000 0.000000     0.408016     0.534330 
59354.377625 0.000000 0.000000     0.368766     0.534350 
59354.430557 0.000000 0.000000     0.329175     0.534325 
59354.483489 0.000000 0.000000     0.289290     0.534255 
59354.536421 0.000000 0.000000     0.249162     0.534141 
59354.589353 0.000000 0.000000     0.208839     0.533985 
59354.642285 0.000000 0.000000     0.168373     0.533788 
59354.695216 0.000000 0.000000     0.127819     0.533551 
59354.748148 0.000000 0.000000     0.087228     0.533276 
59354.801080 0.000000 0.000000     0.046657     0.532966 
59354.854012 0.000000 0.000000     0.006162     0.532623 
59354.906944 0.000000 0.000000    -0.034200     0.532248 
59354.959876 0.000000 0.000000    -0.074372     0.531844 
59355.012807 0.000000 0.000000    -0.114294     0.531413 
59355.065739 0.000000 0.000000    -0.153908     0.530958 
59355.118671 0.000000 0.000000    -0.193154     0.530481 
59355.171603 0.000000 0.000000    -0.231970     0.529985 
59355.224535 0.000000 0.000000    -0.270297     0.529473 
59355.277467 0.000000 0.000000    -0.308073     0.528946 
59355.330398 0.000000 0.000000    -0.345236     0.528409 
59355.383330 0.000000 0.000000    -0.381726     0.527863 
59355.436262 0.000000 0.000000    -0.417481     0.527310 
59355.489194 0.000000 0.000000    -0.452439     0.526754 
59355.542126 0.000000 0.000000    -0.486540     0.526197 
59355.595058 0.000000 0.000000    -0.519721     0.525641 
59355.647989 0.000000 0.000000    -0.551924     0.525088 
59355.700921 0.000000 0.000000    -0.583086     0.524542 
59355.753853 0.000000 0.000000    -0.613150     0.524002 
59355.806785 0.000000 0.000000    -0.642056     0.523473 
59355.859717 0.000000 0.000000    -0.669745     0.522954 
59355.912648 0.000000 0.000000    -0.696160     0.522449 
59355.965580 0.000000 0.000000    -0.721246     0.521957 
59356.018512 0.000000 0.000000    -0.744946     0.521481 
59356.071444 0.000000 0.000000    -0.767207     0.521021 
59356.124376 0.000000 0.000000    -0.787976     0.520579 
59356.177308 0.000000 0.000000    -0.807200     0.520154 
59356.230239 0.000000 0.000000    -0.824829     0.519747 
59356.283171 0.000000 0.000000    -0.840815     0.519358 
59356.336103 0.000000 0.000000    -0.855111     0.518988 
59356.389035 0.000000 0.000000    -0.867671     0.518635 
59356.441967 0.000000 0.000000    -0.878451     0.518300 
59356.494899 0.000000 0.000000    -0.887409     0.517982 
59356.547830 0.000000 0.000000    -0.894505     0.517681 
59356.600762 0.000000 0.000000    -0.899702     0.517394 
59356.653694 0.000000 0.000000    -0.902962     0.517121 
59356.706626 0.000000 0.000000    -0.904252     0.516862 
59356.759558 0.000000 0.000000    -0.903541     0.516613 
59356.812490 0.000000 0.000000    -0.900798     0.516375 
59356.865421 0.000000 0.000000    -0.895997     0.516146 
59356.918353 0.000000 0.000000    -0.889112     0.515923 
59356.971285 0.000000 0.000000    -0.880122     0.515706 
59357.024217 0.000000 0.000000    -0.869005     0.515493 
59357.077149 0.000000 0.000000    -0.855745     0.515282 
59357.130081 0.000000 0.000000    -0.840326     0.515073 
59357.183012 0.000000 0.000000    -0.822736     0.514863 
59357.235944 0.000000 0.000000    -0.802965     0.514651 
59357.288876 0.000000 0.000000    -0.781006     0.514437 
59357.341808 0.000000 0.000000    -0.756854     0.514219 
59357.394740 0.000000 0.000000    -0.730508     0.513996 
59357.447672 0.000000 0.000000    -0.701968     0.513769 
59357.500603 0.000000 0.000000    -0.671238     0.513537 
59357.553535 0.000000 0.000000    -0.638324     0.513300 
59357.606467 0.000000 0.000000    -0.603235     0.513058 
59357.659399 0.000000 0.000000    -0.565983     0.512812 
59357.712331 0.000000 0.000000    -0.526582     0.512564 
59357.765263 0.000000 0.000000    -0.485050     0.512316 
59357.818194 0.000000 0.000000    -0.441406     0.512068 
59357.871126 0.000000 0.000000    -0.395673     0.511824 
59357.924058 0.000000 0.000000    -0.347877     0.511587 
59357.976990 0.000000 0.000000    -0.298044     0.511360 
59358.029922 0.000000 0.000000    -0.246206     0.511147 
59358.082854 0.000000 0.000000    -0.192397     0.510954 
59358.135785 0.000000 0.000000    -0.136650     0.510785 
59358.188717 0.000000 0.000000    -0.079005     0.510645 
59358.241649 0.000000 0.000000    -0.019503     0.510542 
59358.294581 0.000000 0.000000     0.041814     0.510483 
59358.347513 0.000000 0.000000     0.104900     0.510474 
59358.400445 0.000000 0.000000     0.169707     0.510523 
59358.453376 0.000000 0.000000     0.236185     0.510640 
59358.506308 0.000000 0.000000     0.304282     0.510833 
59358.559240 0.000000 0.000000     0.373943     0.511111 
59358.612172 0.000000 0.000000     0.445112     0.511485 
59358.665104 0.000000 0.000000     0.517730     0.511963 
59358.718036 0.000000 0.000000     0.591737     0.512556 
59358.770967 0.000000 0.000000     0.667070     0.513274 
59358.823899 0.000000 0.000000     0.743666     0.514128 
59358.876831 0.000000 0.000000     0.821459     0.515127 
59358.929763 0.000000 0.000000     0.900381     0.516280 
59358.982695 0.000000 0.000000     0.980363     0.517598 
59359.035627 0.000000 0.000000     1.061335     0.519088 
59359.088558 0.000000 0.000000     1.143225     0.520760 
59359.141490 0.000000 0.000000     1.225960     0.522620 
59359.194422 0.000000 0.000000     1.309466     0.524674 
59359.247354 0.000000 0.000000     1.393668     0.526928 
59359.300286 0.000000 0.000000     1.478490     0.529386 
59359.353218 0.000000 0.000000     1.563854     0.532052 
59359.406149 0.000000 0.000000     1.649683     0.534927 
59359.459081 0.000000 0.000000     1.735898     0.538011 
59359.512013 0.000000 0.000000     1.822420     0.541305 
59359.564945 0.000000 0.000000     1.909169     0.544807 
59359.617877 0.000000 0.000000     1.996066     0.548512 
59359.670809 0.000000 0.000000     2.083030     0.552418 
59359.723740 0.000000 0.000000     2.169981     0.556518 
59359.776672 0.000000 0.000000     2.256838     0.560806 
59359.829604 0.000000 0.000000     2.343521     0.565275 
59359.882536 0.000000 0.000000     2.429950     0.569917 
59359.935468 0.000000 0.000000     2.516044     0.574723 
59359.988400 0.000000 0.000000     2.601724     0.579682 
59360.041331 0.000000 0.000000     2.686911     0.584786 
59360.094263 0.000000 0.000000     2.771525     0.590023 
59360.147195 0.000000 0.000000     2.855489     0.595383 
59360.200127 0.000000 0.000000     2.938725     0.600854 
59360.253059 0.000000 0.000000     3.021156     0.606425 
59360.305990 0.000000 0.000000     3.102708     0.612086 
59360.358922 0.000000 0.000000     3.183304     0.617825 
59360.411854 0.000000 0.000000     3.262873     0.623630 
59360.464786 0.000000 0.000000     3.341341     0.629490 
59360.517718 0.000000 0.000000     3.418637     0.635396 
59360.570650 0.000000 0.000000     3.494692     0.641335 
59360.623581 0.000000 0.000000     3.569437     0.647297 
59360.676513 0.000000 0.000000     3.642805     0.653273 
59360.729445 0.000000 0.000000     3.714732     0.659253 
59360.782377 0.000000 0.000000     3.785154     0.665226 
59360.835309 0.000000 0.000000     3.854010     0.671184 
59360.888241 0.000000 0.000000     3.921238     0.677117 
59360.941172 0.000000 0.000000     3.986782     0.683018 
59360.994104 0.000000 0.000000     4.050585     0.688878 
59361.047036 0.000000 0.000000     4.112593     0.694688 
59361.099968 0.000000 0.000000     4.172754     0.700442 
59361.152900 0.000000 0.000000     4.231018     0.706131 
59361.205832 0.000000 0.000000     4.287338     0.711750 
59361.258763 0.000000 0.000000     4.341667     0.717292 
59361.311695 0.000000 0.000000     4.393964     0.722749 
59361.364627 0.000000 0.000000     4.444186     0.728117 
59361.417559 0.000000 0.000000     4.492295     0.733389 
59361.470491 0.000000 0.000000     4.538256     0.738560 
59361.523423 0.000000 0.000000     4.582034     0.743625 
59361.576354 0.000000 0.000000     4.623597     0.748580 
59361.629286 0.000000 0.000000     4.662918     0.753419 
59361.682218 0.000000 0.000000     4.699969     0.758138 
59361.735150 0.000000 0.000000     4.734727     0.762734 
59361.788082 0.000000 0.000000     4.767171     0.767202 
59361.841014 0.000000 0.000000     4.797281     0.771540 
59361.893945 0.000000 0.000000     4.825041     0.775743 
59361.946877 0.000000 0.000000     4.850438     0.779810 
59361.999809 0.000000 0.000000     4.873460     0.783737 
59362.052741 0.000000 0.000000     4.894099     0.787522 
59362.105673 0.000000 0.000000     4.912349     0.791163 
59362.158605 0.000000 0.000000     4.928205     0.794658 
59362.211536 0.000000 0.000000     4.941668     0.798005 
59362.264468 0.000000 0.000000     4.952737     0.801204 
59362.317400 0.000000 0.000000     4.961418     0.804252 
59362.370332 0.000000 0.000000     4.967717     0.807149 
59362.423264 0.000000 0.000000     4.971642     0.809896 
59362.476196 0.000000 0.000000     4.973205     0.812490 
59362.529127 0.000000 0.000000     4.972419     0.814933 
59362.582059 0.000000 0.000000     4.969301     0.817225 
59362.634991 0.000000 0.000000     4.963868     0.819366 
59362.687923 0.000000 0.000000     4.956141     0.821358 
59362.740855 0.000000 0.000000     4.946143     0.823202 
59362.793787 0.000000 0.000000    -0.343101          nan 
