# time Tc_folded Tref_folded model model_err 
59329.481866 0.000000 0.000000    -2.655737     0.991917 
59329.519476 0.000000 0.000000    -2.665493     0.985910 
59329.557086 0.000000 0.000000    -2.674827     0.979874 
59329.594696 0.000000 0.000000    -2.683729     0.973809 
59329.632306 0.000000 0.000000    -2.692191     0.967716 
59329.669917 0.000000 0.000000    -2.700204     0.961595 
59329.707527 0.000000 0.000000    -2.707759     0.955446 
59329.745137 0.000000 0.000000    -2.714849     0.949271 
59329.782747 0.000000 0.000000    -2.721465     0.943070 
59329.820357 0.000000 0.000000    -2.727601     0.936843 
59329.857967 0.000000 0.000000    -2.733247     0.930592 
59329.895578 0.000000 0.000000    -2.738397     0.924318 
59329.933188 0.000000 0.000000    -2.743044     0.918020 
59329.970798 0.000000 0.000000    -2.747180     0.911700 
59330.008408 0.000000 0.000000    -2.750799     0.905359 
59330.046018 0.000000 0.000000    -2.753895     0.898997 
59330.083628 0.000000 0.000000    -2.756460     0.892615 
59330.121238 0.000000 0.000000    -2.758490     0.886215 
59330.158849 0.000000 0.000000    -2.759977     0.879798 
59330.196459 0.000000 0.000000    -2.760917     0.873364 
59330.234069 0.000000 0.000000    -2.761304     0.866914 
59330.271679 0.000000 0.000000    -2.761134     0.860450 
59330.309289 0.000000 0.000000    -2.760401     0.853972 
59330.346899 0.000000 0.000000    -2.759101     0.847483 
59330.384510 0.000000 0.000000    -2.757230     0.840983 
59330.422120 0.000000 0.000000    -2.754784     0.834473 
59330.459730 0.000000 0.000000    -2.751759     0.827956 
59330.497340 0.000000 0.000000    -2.748151     0.821431 
59330.534950 0.000000 0.000000    -2.743959     0.814902 
59330.572560 0.000000 0.000000    -2.739178     0.808368 
59330.610170 0.000000 0.000000    -2.733807     0.801833 
59330.647781 0.000000 0.000000    -2.727843     0.795296 
59330.685391 0.000000 0.000000    -2.721285     0.788761 
59330.723001 0.000000 0.000000    -2.714131     0.782229 
59330.760611 0.000000 0.000000    -2.706379     0.775702 
59330.798221 0.000000 0.000000    -2.698029     0.769181 
59330.835831 0.000000 0.000000    -2.689081     0.762668 
59330.873442 0.000000 0.000000    -2.679533     0.756166 
59330.911052 0.000000 0.000000    -2.669386     0.749677 
59330.948662 0.000000 0.000000    -2.658641     0.743202 
59330.986272 0.000000 0.000000    -2.647297     0.736745 
59331.023882 0.000000 0.000000    -2.635357     0.730307 
59331.061492 0.000000 0.000000    -2.622820     0.723890 
59331.099102 0.000000 0.000000    -2.609690     0.717498 
59331.136713 0.000000 0.000000    -2.595967     0.711132 
59331.174323 0.000000 0.000000    -2.581655     0.704796 
59331.211933 0.000000 0.000000    -2.566756     0.698491 
59331.249543 0.000000 0.000000    -2.551272     0.692222 
59331.287153 0.000000 0.000000    -2.535208     0.685990 
59331.324763 0.000000 0.000000    -2.518566     0.679799 
59331.362374 0.000000 0.000000    -2.501350     0.673651 
59331.399984 0.000000 0.000000    -2.483566     0.667550 
59331.437594 0.000000 0.000000    -2.465217     0.661499 
59331.475204 0.000000 0.000000    -2.446308     0.655501 
59331.512814 0.000000 0.000000    -2.426844     0.649559 
59331.550424 0.000000 0.000000    -2.406832     0.643677 
59331.588035 0.000000 0.000000    -2.386276     0.637859 
59331.625645 0.000000 0.000000    -2.365183     0.632107 
59331.663255 0.000000 0.000000    -2.343559     0.626424 
59331.700865 0.000000 0.000000    -2.321412     0.620816 
59331.738475 0.000000 0.000000    -2.298747     0.615284 
59331.776085 0.000000 0.000000    -2.275572     0.609834 
59331.813695 0.000000 0.000000    -2.251895     0.604467 
59331.851306 0.000000 0.000000    -2.227724     0.599188 
59331.888916 0.000000 0.000000    -2.203067     0.594000 
59331.926526 0.000000 0.000000    -2.177932     0.588907 
59331.964136 0.000000 0.000000    -2.152329     0.583911 
59332.001746 0.000000 0.000000    -2.126265     0.579017 
59332.039356 0.000000 0.000000    -2.099750     0.574227 
59332.076967 0.000000 0.000000    -2.072794     0.569544 
59332.114577 0.000000 0.000000    -2.045406     0.564972 
59332.152187 0.000000 0.000000    -2.017596     0.560512 
59332.189797 0.000000 0.000000    -1.989375     0.556168 
59332.227407 0.000000 0.000000    -1.960753     0.551941 
59332.265017 0.000000 0.000000    -1.931740     0.547834 
59332.302627 0.000000 0.000000    -1.902348     0.543848 
59332.340238 0.000000 0.000000    -1.872587     0.539986 
59332.377848 0.000000 0.000000    -1.842469     0.536247 
59332.415458 0.000000 0.000000    -1.812005     0.532634 
59332.453068 0.000000 0.000000    -1.781208     0.529146 
59332.490678 0.000000 0.000000    -1.750088     0.525785 
59332.528288 0.000000 0.000000    -1.718657     0.522549 
59332.565899 0.000000 0.000000    -1.686929     0.519438 
59332.603509 0.000000 0.000000    -1.654915     0.516452 
59332.641119 0.000000 0.000000    -1.622628     0.513589 
59332.678729 0.000000 0.000000    -1.590080     0.510848 
59332.716339 0.000000 0.000000    -1.557285     0.508226 
59332.753949 0.000000 0.000000    -1.524255     0.505723 
59332.791559 0.000000 0.000000    -1.491003     0.503335 
59332.829170 0.000000 0.000000    -1.457542     0.501059 
59332.866780 0.000000 0.000000    -1.423886     0.498892 
59332.904390 0.000000 0.000000    -1.390048     0.496831 
59332.942000 0.000000 0.000000    -1.356041     0.494872 
59332.979610 0.000000 0.000000    -1.321880     0.493012 
59333.017220 0.000000 0.000000    -1.287576     0.491246 
59333.054831 0.000000 0.000000    -1.253145     0.489570 
59333.092441 0.000000 0.000000    -1.218600     0.487980 
59333.130051 0.000000 0.000000    -1.183954     0.486471 
59333.167661 0.000000 0.000000    -1.149221     0.485039 
59333.205271 0.000000 0.000000    -1.114416     0.483679 
59333.242881 0.000000 0.000000    -1.079551     0.482387 
59333.280492 0.000000 0.000000    -1.044641     0.481157 
59333.318102 0.000000 0.000000    -1.009700     0.479985 
59333.355712 0.000000 0.000000    -0.974742     0.478868 
59333.393322 0.000000 0.000000    -0.939779     0.477799 
59333.430932 0.000000 0.000000    -0.904827     0.476775 
59333.468542 0.000000 0.000000    -0.869898     0.475792 
59333.506152 0.000000 0.000000    -0.835007     0.474844 
59333.543763 0.000000 0.000000    -0.800167     0.473929 
59333.581373 0.000000 0.000000    -0.765392     0.473041 
59333.618983 0.000000 0.000000    -0.730696     0.472178 
59333.656593 0.000000 0.000000    -0.696091     0.471336 
59333.694203 0.000000 0.000000    -0.661591     0.470510 
59333.731813 0.000000 0.000000    -0.627210     0.469698 
59333.769424 0.000000 0.000000    -0.592960     0.468897 
59333.807034 0.000000 0.000000    -0.558855     0.468103 
59333.844644 0.000000 0.000000    -0.524908     0.467314 
59333.882254 0.000000 0.000000    -0.491132     0.466527 
59333.919864 0.000000 0.000000    -0.457539     0.465739 
59333.957474 0.000000 0.000000    -0.424141     0.464949 
59333.995084 0.000000 0.000000    -0.390952     0.464154 
59334.032695 0.000000 0.000000    -0.357984     0.463352 
59334.070305 0.000000 0.000000    -0.325249     0.462541 
59334.107915 0.000000 0.000000    -0.292758     0.461720 
59334.145525 0.000000 0.000000    -0.260523     0.460888 
59334.183135 0.000000 0.000000    -0.228557     0.460042 
59334.220745 0.000000 0.000000    -0.196870     0.459182 
59334.258356 0.000000 0.000000    -0.165474     0.458307 
59334.295966 0.000000 0.000000    -0.134380     0.457416 
59334.333576 0.000000 0.000000    -0.103599     0.456507 
59334.371186 0.000000 0.000000    -0.073140     0.455582 
59334.408796 0.000000 0.000000    -0.043015     0.454638 
59334.446406 0.000000 0.000000    -0.013234     0.453676 
59334.484016 0.000000 0.000000     0.016193     0.452696 
59334.521627 0.000000 0.000000     0.045257     0.451696 
59334.559237 0.000000 0.000000     0.073948     0.450678 
59334.596847 0.000000 0.000000     0.102257     0.449642 
59334.634457 0.000000 0.000000     0.130174     0.448586 
59334.672067 0.000000 0.000000     0.157692     0.447513 
59334.709677 0.000000 0.000000     0.184802     0.446421 
59334.747288 0.000000 0.000000     0.211495     0.445313 
59334.784898 0.000000 0.000000     0.237764     0.444187 
59334.822508 0.000000 0.000000     0.263601     0.443045 
59334.860118 0.000000 0.000000     0.288998     0.441887 
59334.897728 0.000000 0.000000     0.313948     0.440714 
59334.935338 0.000000 0.000000     0.338445     0.439528 
59334.972949 0.000000 0.000000     0.362482     0.438328 
59335.010559 0.000000 0.000000     0.386053     0.437115 
59335.048169 0.000000 0.000000     0.409152     0.435891 
59335.085779 0.000000 0.000000     0.431772     0.434657 
59335.123389 0.000000 0.000000     0.453910     0.433414 
59335.160999 0.000000 0.000000     0.475558     0.432162 
59335.198609 0.000000 0.000000     0.496714     0.430903 
59335.236220 0.000000 0.000000     0.517371     0.429638 
59335.273830 0.000000 0.000000     0.537527     0.428368 
59335.311440 0.000000 0.000000     0.557177     0.427095 
59335.349050 0.000000 0.000000     0.576317     0.425819 
59335.386660 0.000000 0.000000     0.594945     0.424542 
59335.424270 0.000000 0.000000     0.613056     0.423266 
59335.461881 0.000000 0.000000     0.630650     0.421990 
59335.499491 0.000000 0.000000     0.647722     0.420718 
59335.537101 0.000000 0.000000     0.664271     0.419449 
59335.574711 0.000000 0.000000     0.680295     0.418185 
59335.612321 0.000000 0.000000     0.695793     0.416927 
59335.649931 0.000000 0.000000     0.710764     0.415677 
59335.687541 0.000000 0.000000     0.725206     0.414436 
59335.725152 0.000000 0.000000     0.739119     0.413205 
59335.762762 0.000000 0.000000     0.752503     0.411984 
59335.800372 0.000000 0.000000     0.765357     0.410776 
59335.837982 0.000000 0.000000     0.777683     0.409581 
59335.875592 0.000000 0.000000     0.789480     0.408401 
59335.913202 0.000000 0.000000     0.800750     0.407235 
59335.950813 0.000000 0.000000     0.811493     0.406087 
59335.988423 0.000000 0.000000     0.821711     0.404955 
59336.026033 0.000000 0.000000     0.831407     0.403842 
59336.063643 0.000000 0.000000     0.840581     0.402747 
59336.101253 0.000000 0.000000     0.849236     0.401673 
59336.138863 0.000000 0.000000     0.857376     0.400618 
59336.176473 0.000000 0.000000     0.865001     0.399586 
59336.214084 0.000000 0.000000     0.872117     0.398574 
59336.251694 0.000000 0.000000     0.878726     0.397586 
59336.289304 0.000000 0.000000     0.884831     0.396620 
59336.326914 0.000000 0.000000     0.890437     0.395677 
59336.364524 0.000000 0.000000     0.895548     0.394759 
59336.402134 0.000000 0.000000     0.900168     0.393864 
59336.439745 0.000000 0.000000     0.904303     0.392994 
59336.477355 0.000000 0.000000     0.907955     0.392148 
59336.514965 0.000000 0.000000     0.911132     0.391327 
59336.552575 0.000000 0.000000     0.913838     0.390531 
59336.590185 0.000000 0.000000     0.916079     0.389760 
59336.627795 0.000000 0.000000     0.917861     0.389013 
59336.665406 0.000000 0.000000     0.919189     0.388292 
59336.703016 0.000000 0.000000     0.920070     0.387595 
59336.740626 0.000000 0.000000     0.920511     0.386923 
59336.778236 0.000000 0.000000     0.920518     0.386275 
59336.815846 0.000000 0.000000     0.920097     0.385652 
59336.853456 0.000000 0.000000     0.919257     0.385052 
59336.891066 0.000000 0.000000     0.918004     0.384476 
59336.928677 0.000000 0.000000     0.916345     0.383923 
59336.966287 0.000000 0.000000     0.914288     0.383394 
59337.003897 0.000000 0.000000     0.911842     0.382886 
59337.041507 0.000000 0.000000     0.909013     0.382401 
59337.079117 0.000000 0.000000     0.905810     0.381938 
59337.116727 0.000000 0.000000     0.902241     0.381496 
59337.154338 0.000000 0.000000     0.898314     0.381074 
59337.191948 0.000000 0.000000     0.894039     0.380673 
59337.229558 0.000000 0.000000     0.889423     0.380291 
59337.267168 0.000000 0.000000     0.884475     0.379929 
59337.304778 0.000000 0.000000     0.879205     0.379585 
59337.342388 0.000000 0.000000     0.873621     0.379260 
59337.379998 0.000000 0.000000     0.867732     0.378952 
59337.417609 0.000000 0.000000     0.861548     0.378661 
59337.455219 0.000000 0.000000     0.855077     0.378387 
59337.492829 0.000000 0.000000     0.848330     0.378129 
59337.530439 0.000000 0.000000     0.841315     0.377886 
59337.568049 0.000000 0.000000     0.834043     0.377659 
59337.605659 0.000000 0.000000     0.826523     0.377446 
59337.643270 0.000000 0.000000     0.818764     0.377247 
59337.680880 0.000000 0.000000     0.810776     0.377061 
59337.718490 0.000000 0.000000     0.802570     0.376889 
59337.756100 0.000000 0.000000     0.794154     0.376729 
59337.793710 0.000000 0.000000     0.785540     0.376581 
59337.831320 0.000000 0.000000     0.776736     0.376445 
59337.868930 0.000000 0.000000     0.767753     0.376320 
59337.906541 0.000000 0.000000     0.758600     0.376206 
59337.944151 0.000000 0.000000     0.749288     0.376102 
59337.981761 0.000000 0.000000     0.739827     0.376008 
59338.019371 0.000000 0.000000     0.730226     0.375924 
59338.056981 0.000000 0.000000     0.720496     0.375848 
59338.094591 0.000000 0.000000     0.710646     0.375782 
59338.132202 0.000000 0.000000     0.700687     0.375723 
59338.169812 0.000000 0.000000     0.690628     0.375672 
59338.207422 0.000000 0.000000     0.680480     0.375629 
59338.245032 0.000000 0.000000     0.670252     0.375593 
59338.282642 0.000000 0.000000     0.659954     0.375564 
59338.320252 0.000000 0.000000     0.649596     0.375541 
59338.357863 0.000000 0.000000     0.639188     0.375524 
59338.395473 0.000000 0.000000     0.628739     0.375512 
59338.433083 0.000000 0.000000     0.618259     0.375506 
59338.470693 0.000000 0.000000     0.607758     0.375505 
59338.508303 0.000000 0.000000     0.597245     0.375508 
59338.545913 0.000000 0.000000     0.586729     0.375515 
59338.583523 0.000000 0.000000     0.576220     0.375526 
59338.621134 0.000000 0.000000     0.565728     0.375541 
59338.658744 0.000000 0.000000     0.555261     0.375558 
59338.696354 0.000000 0.000000     0.544828     0.375578 
59338.733964 0.000000 0.000000     0.534439     0.375601 
59338.771574 0.000000 0.000000     0.524103     0.375625 
59338.809184 0.000000 0.000000     0.513827     0.375651 
59338.846795 0.000000 0.000000     0.503621     0.375678 
59338.884405 0.000000 0.000000     0.493494     0.375706 
59338.922015 0.000000 0.000000     0.483453     0.375734 
59338.959625 0.000000 0.000000     0.473508     0.375762 
59338.997235 0.000000 0.000000     0.463666     0.375789 
59339.034845 0.000000 0.000000     0.453935     0.375816 
59339.072455 0.000000 0.000000     0.444324     0.375842 
59339.110066 0.000000 0.000000     0.434839     0.375866 
59339.147676 0.000000 0.000000     0.425490     0.375888 
59339.185286 0.000000 0.000000     0.416282     0.375908 
59339.222896 0.000000 0.000000     0.407224     0.375925 
59339.260506 0.000000 0.000000     0.398323     0.375939 
59339.298116 0.000000 0.000000     0.389586     0.375949 
59339.335727 0.000000 0.000000     0.381019     0.375956 
59339.373337 0.000000 0.000000     0.372630     0.375958 
59339.410947 0.000000 0.000000     0.364424     0.375956 
59339.448557 0.000000 0.000000     0.356409     0.375949 
59339.486167 0.000000 0.000000     0.348591     0.375937 
59339.523777 0.000000 0.000000     0.340975     0.375920 
59339.561387 0.000000 0.000000     0.333567     0.375896 
59339.598998 0.000000 0.000000     0.326374     0.375867 
59339.636608 0.000000 0.000000     0.319400     0.375831 
59339.674218 0.000000 0.000000     0.312652     0.375789 
59339.711828 0.000000 0.000000     0.306134     0.375739 
59339.749438 0.000000 0.000000     0.299851     0.375683 
59339.787048 0.000000 0.000000     0.293807     0.375619 
59339.824659 0.000000 0.000000     0.288009     0.375548 
59339.862269 0.000000 0.000000     0.282459     0.375469 
59339.899879 0.000000 0.000000     0.277163     0.375383 
59339.937489 0.000000 0.000000     0.272124     0.375289 
59339.975099 0.000000 0.000000     0.267346     0.375187 
59340.012709 0.000000 0.000000     0.262833     0.375076 
59340.050320 0.000000 0.000000     0.258589     0.374958 
59340.087930 0.000000 0.000000     0.254616     0.374832 
59340.125540 0.000000 0.000000     0.250917     0.374698 
59340.163150 0.000000 0.000000     0.247496     0.374556 
59340.200760 0.000000 0.000000     0.244356     0.374406 
59340.238370 0.000000 0.000000     0.241498     0.374249 
59340.275980 0.000000 0.000000     0.238926     0.374084 
59340.313591 0.000000 0.000000     0.236640     0.373912 
59340.351201 0.000000 0.000000     0.234644     0.373733 
59340.388811 0.000000 0.000000     0.232938     0.373547 
59340.426421 0.000000 0.000000     0.231525     0.373355 
59340.464031 0.000000 0.000000     0.230406     0.373157 
59340.501641 0.000000 0.000000     0.229582     0.372952 
59340.539252 0.000000 0.000000     0.229053     0.372743 
59340.576862 0.000000 0.000000     0.228822     0.372528 
59340.614472 0.000000 0.000000     0.228887     0.372310 
59340.652082 0.000000 0.000000     0.229250     0.372087 
59340.689692 0.000000 0.000000     0.229911     0.371861 
59340.727302 0.000000 0.000000     0.230869     0.371632 
59340.764912 0.000000 0.000000     0.232125     0.371401 
59340.802523 0.000000 0.000000     0.233679     0.371169 
59340.840133 0.000000 0.000000     0.235529     0.370936 
59340.877743 0.000000 0.000000     0.237675     0.370702 
59340.915353 0.000000 0.000000     0.240117     0.370470 
59340.952963 0.000000 0.000000     0.242852     0.370238 
59340.990573 0.000000 0.000000     0.245880     0.370010 
59341.028184 0.000000 0.000000     0.249199     0.369784 
59341.065794 0.000000 0.000000     0.252808     0.369562 
59341.103404 0.000000 0.000000     0.256705     0.369344 
59341.141014 0.000000 0.000000     0.260888     0.369133 
59341.178624 0.000000 0.000000     0.265354     0.368927 
59341.216234 0.000000 0.000000     0.270102     0.368729 
59341.253844 0.000000 0.000000     0.275129     0.368540 
59341.291455 0.000000 0.000000     0.280433     0.368360 
59341.329065 0.000000 0.000000     0.286010     0.368190 
59341.366675 0.000000 0.000000     0.291857     0.368030 
59341.404285 0.000000 0.000000     0.297973     0.367883 
59341.441895 0.000000 0.000000     0.304353     0.367749 
59341.479505 0.000000 0.000000     0.310993     0.367629 
59341.517116 0.000000 0.000000     0.317891     0.367523 
59341.554726 0.000000 0.000000     0.325043     0.367433 
59341.592336 0.000000 0.000000     0.332445     0.367359 
59341.629946 0.000000 0.000000     0.340092     0.367303 
59341.667556 0.000000 0.000000     0.347982     0.367264 
59341.705166 0.000000 0.000000     0.356109     0.367244 
59341.742777 0.000000 0.000000     0.364469     0.367244 
59341.780387 0.000000 0.000000     0.373058     0.367264 
59341.817997 0.000000 0.000000     0.381871     0.367305 
59341.855607 0.000000 0.000000     0.390904     0.367368 
59341.893217 0.000000 0.000000     0.400151     0.367452 
59341.930827 0.000000 0.000000     0.409607     0.367559 
59341.968437 0.000000 0.000000     0.419268     0.367689 
59342.006048 0.000000 0.000000     0.429129     0.367842 
59342.043658 0.000000 0.000000     0.439183     0.368019 
59342.081268 0.000000 0.000000     0.449427     0.368220 
59342.118878 0.000000 0.000000     0.459853     0.368445 
59342.156488 0.000000 0.000000     0.470457     0.368694 
59342.194098 0.000000 0.000000     0.481233     0.368968 
59342.231709 0.000000 0.000000     0.492175     0.369266 
59342.269319 0.000000 0.000000     0.503277     0.369589 
59342.306929 0.000000 0.000000     0.514534     0.369936 
59342.344539 0.000000 0.000000     0.525939     0.370307 
59342.382149 0.000000 0.000000     0.537487     0.370702 
59342.419759 0.000000 0.000000     0.549171     0.371121 
59342.457369 0.000000 0.000000     0.560985     0.371563 
59342.494980 0.000000 0.000000     0.572923     0.372028 
59342.532590 0.000000 0.000000     0.584979     0.372515 
59342.570200 0.000000 0.000000     0.597146     0.373024 
59342.607810 0.000000 0.000000     0.609417     0.373554 
59342.645420 0.000000 0.000000     0.621787     0.374104 
59342.683030 0.000000 0.000000     0.634249     0.374675 
59342.720641 0.000000 0.000000     0.646796     0.375264 
59342.758251 0.000000 0.000000     0.659421     0.375872 
59342.795861 0.000000 0.000000     0.672119     0.376498 
59342.833471 0.000000 0.000000     0.684883     0.377140 
59342.871081 0.000000 0.000000     0.697705     0.377798 
59342.908691 0.000000 0.000000     0.710579     0.378470 
59342.946301 0.000000 0.000000     0.723499     0.379157 
59342.983912 0.000000 0.000000     0.736459     0.379856 
59343.021522 0.000000 0.000000     0.749450     0.380567 
59343.059132 0.000000 0.000000     0.762467     0.381289 
59343.096742 0.000000 0.000000     0.775502     0.382021 
59343.134352 0.000000 0.000000     0.788550     0.382761 
59343.171962 0.000000 0.000000     0.801604     0.383509 
59343.209573 0.000000 0.000000     0.814656     0.384264 
59343.247183 0.000000 0.000000     0.827700     0.385024 
59343.284793 0.000000 0.000000     0.840730     0.385788 
59343.322403 0.000000 0.000000     0.853740     0.386556 
59343.360013 0.000000 0.000000     0.866721     0.387326 
59343.397623 0.000000 0.000000     0.879669     0.388097 
59343.435234 0.000000 0.000000     0.892576     0.388869 
59343.472844 0.000000 0.000000     0.905436     0.389639 
59343.510454 0.000000 0.000000     0.918243     0.390407 
59343.548064 0.000000 0.000000     0.930990     0.391173 
59343.585674 0.000000 0.000000     0.943672     0.391934 
59343.623284 0.000000 0.000000     0.956280     0.392690 
59343.660894 0.000000 0.000000     0.968811     0.393441 
59343.698505 0.000000 0.000000     0.981257     0.394184 
59343.736115 0.000000 0.000000     0.993613     0.394920 
59343.773725 0.000000 0.000000     1.005871     0.395646 
59343.811335 0.000000 0.000000     1.018028     0.396363 
59343.848945 0.000000 0.000000     1.030076     0.397070 
59343.886555 0.000000 0.000000     1.042010     0.397765 
59343.924166 0.000000 0.000000     1.053825     0.398448 
59343.961776 0.000000 0.000000     1.065514     0.399118 
59343.999386 0.000000 0.000000     1.077073     0.399775 
59344.036996 0.000000 0.000000     1.088495     0.400416 
59344.074606 0.000000 0.000000     1.099776     0.401043 
59344.112216 0.000000 0.000000     1.110910     0.401654 
59344.149826 0.000000 0.000000     1.121893     0.402248 
59344.187437 0.000000 0.000000     1.132719     0.402826 
59344.225047 0.000000 0.000000     1.143383     0.403385 
59344.262657 0.000000 0.000000     1.153881     0.403927 
59344.300267 0.000000 0.000000     1.164209     0.404449 
59344.337877 0.000000 0.000000     1.174360     0.404952 
59344.375487 0.000000 0.000000     1.184332     0.405436 
59344.413098 0.000000 0.000000     1.194120     0.405899 
59344.450708 0.000000 0.000000     1.203719     0.406341 
59344.488318 0.000000 0.000000     1.213126     0.406763 
59344.525928 0.000000 0.000000     1.222336     0.407163 
59344.563538 0.000000 0.000000     1.231347     0.407542 
59344.601148 0.000000 0.000000     1.240154     0.407898 
59344.638758 0.000000 0.000000     1.248754     0.408232 
59344.676369 0.000000 0.000000     1.257143     0.408544 
59344.713979 0.000000 0.000000     1.265319     0.408833 
59344.751589 0.000000 0.000000     1.273278     0.409099 
59344.789199 0.000000 0.000000     1.281017     0.409342 
59344.826809 0.000000 0.000000     1.288533     0.409562 
59344.864419 0.000000 0.000000     1.295825     0.409758 
59344.902030 0.000000 0.000000     1.302888     0.409931 
59344.939640 0.000000 0.000000     1.309722     0.410081 
59344.977250 0.000000 0.000000     1.316324     0.410208 
59345.014860 0.000000 0.000000     1.322692     0.410311 
59345.052470 0.000000 0.000000     1.328823     0.410390 
59345.090080 0.000000 0.000000     1.334717     0.410447 
59345.127691 0.000000 0.000000     1.340371     0.410480 
59345.165301 0.000000 0.000000     1.345785     0.410491 
59345.202911 0.000000 0.000000     1.350957     0.410478 
59345.240521 0.000000 0.000000     1.355886     0.410444 
59345.278131 0.000000 0.000000     1.360570     0.410386 
59345.315741 0.000000 0.000000     1.365010     0.410307 
59345.353351 0.000000 0.000000     1.369205     0.410205 
59345.390962 0.000000 0.000000     1.373154     0.410083 
59345.428572 0.000000 0.000000     1.376857     0.409939 
59345.466182 0.000000 0.000000     1.380313     0.409774 
59345.503792 0.000000 0.000000     1.383523     0.409588 
59345.541402 0.000000 0.000000     1.386488     0.409383 
59345.579012 0.000000 0.000000     1.389206     0.409159 
59345.616623 0.000000 0.000000     1.391680     0.408915 
59345.654233 0.000000 0.000000     1.393908     0.408653 
59345.691843 0.000000 0.000000     1.395894     0.408372 
59345.729453 0.000000 0.000000     1.397636     0.408075 
59345.767063 0.000000 0.000000     1.399137     0.407760 
59345.804673 0.000000 0.000000     1.400397     0.407430 
59345.842283 0.000000 0.000000     1.401419     0.407084 
59345.879894 0.000000 0.000000     1.402203     0.406723 
59345.917504 0.000000 0.000000     1.402752     0.406348 
59345.955114 0.000000 0.000000     1.403067     0.405960 
59345.992724 0.000000 0.000000     1.403150     0.405559 
59346.030334 0.000000 0.000000     1.403004     0.405147 
59346.067944 0.000000 0.000000     1.402630     0.404723 
59346.105555 0.000000 0.000000     1.402032     0.404290 
59346.143165 0.000000 0.000000     1.401212     0.403847 
59346.180775 0.000000 0.000000     1.400172     0.403395 
59346.218385 0.000000 0.000000     1.398915     0.402936 
59346.255995 0.000000 0.000000     1.397445     0.402471 
59346.293605 0.000000 0.000000     1.395765     0.402000 
59346.331215 0.000000 0.000000     1.393877     0.401524 
59346.368826 0.000000 0.000000     1.391786     0.401044 
59346.406436 0.000000 0.000000     1.389494     0.400562 
59346.444046 0.000000 0.000000     1.387005     0.400078 
59346.481656 0.000000 0.000000     1.384323     0.399593 
59346.519266 0.000000 0.000000     1.381452     0.399108 
59346.556876 0.000000 0.000000     1.378396     0.398625 
59346.594487 0.000000 0.000000     1.375159     0.398144 
59346.632097 0.000000 0.000000     1.371744     0.397666 
59346.669707 0.000000 0.000000     1.368157     0.397192 
59346.707317 0.000000 0.000000     1.364401     0.396724 
59346.744927 0.000000 0.000000     1.360481     0.396261 
59346.782537 0.000000 0.000000     1.356402     0.395807 
59346.820148 0.000000 0.000000     1.352168     0.395360 
59346.857758 0.000000 0.000000     1.347783     0.394922 
59346.895368 0.000000 0.000000     1.343253     0.394494 
59346.932978 0.000000 0.000000     1.338582     0.394078 
59346.970588 0.000000 0.000000     1.333775     0.393673 
59347.008198 0.000000 0.000000     1.328838     0.393281 
59347.045808 0.000000 0.000000     1.323774     0.392902 
59347.083419 0.000000 0.000000     1.318590     0.392538 
59347.121029 0.000000 0.000000     1.313290     0.392189 
59347.158639 0.000000 0.000000     1.307880     0.391855 
59347.196249 0.000000 0.000000     1.302364     0.391538 
59347.233859 0.000000 0.000000     1.296748     0.391237 
59347.271469 0.000000 0.000000     1.291037     0.390954 
59347.309080 0.000000 0.000000     1.285237     0.390690 
59347.346690 0.000000 0.000000     1.279352     0.390443 
59347.384300 0.000000 0.000000     1.273388     0.390216 
59347.421910 0.000000 0.000000     1.267351     0.390008 
59347.459520 0.000000 0.000000     1.261246     0.389819 
59347.497130 0.000000 0.000000     1.255077     0.389650 
59347.534740 0.000000 0.000000     1.248852     0.389501 
59347.572351 0.000000 0.000000     1.242574     0.389371 
59347.609961 0.000000 0.000000     1.236249     0.389262 
59347.647571 0.000000 0.000000     1.229882     0.389172 
59347.685181 0.000000 0.000000     1.223480     0.389103 
59347.722791 0.000000 0.000000     1.217046     0.389053 
59347.760401 0.000000 0.000000     1.210586     0.389022 
59347.798012 0.000000 0.000000     1.204107     0.389011 
59347.835622 0.000000 0.000000     1.197611     0.389018 
59347.873232 0.000000 0.000000     1.191106     0.389044 
59347.910842 0.000000 0.000000     1.184595     0.389088 
59347.948452 0.000000 0.000000     1.178084     0.389149 
59347.986062 0.000000 0.000000     1.171578     0.389227 
59348.023672 0.000000 0.000000     1.165082     0.389321 
59348.061283 0.000000 0.000000     1.158600     0.389431 
59348.098893 0.000000 0.000000     1.152138     0.389556 
59348.136503 0.000000 0.000000     1.145699     0.389695 
59348.174113 0.000000 0.000000     1.139289     0.389847 
59348.211723 0.000000 0.000000     1.132913     0.390011 
59348.249333 0.000000 0.000000     1.126574     0.390187 
59348.286944 0.000000 0.000000     1.120276     0.390374 
59348.324554 0.000000 0.000000     1.114025     0.390570 
59348.362164 0.000000 0.000000     1.107825     0.390776 
59348.399774 0.000000 0.000000     1.101678     0.390989 
59348.437384 0.000000 0.000000     1.095590     0.391209 
59348.474994 0.000000 0.000000     1.089564     0.391435 
59348.512605 0.000000 0.000000     1.083604     0.391666 
59348.550215 0.000000 0.000000     1.077713     0.391902 
59348.587825 0.000000 0.000000     1.071894     0.392139 
59348.625435 0.000000 0.000000     1.066153     0.392379 
59348.663045 0.000000 0.000000     1.060490     0.392620 
59348.700655 0.000000 0.000000     1.054910     0.392861 
59348.738265 0.000000 0.000000     1.049415     0.393101 
59348.775876 0.000000 0.000000     1.044009     0.393339 
59348.813486 0.000000 0.000000     1.038693     0.393574 
59348.851096 0.000000 0.000000     1.033471     0.393805 
59348.888706 0.000000 0.000000     1.028344     0.394032 
59348.926316 0.000000 0.000000     1.023316     0.394253 
59348.963926 0.000000 0.000000     1.018387     0.394467 
59349.001537 0.000000 0.000000     1.013560     0.394674 
59349.039147 0.000000 0.000000     1.008838     0.394873 
59349.076757 0.000000 0.000000     1.004220     0.395063 
59349.114367 0.000000 0.000000     0.999709     0.395244 
59349.151977 0.000000 0.000000     0.995307     0.395414 
59349.189587 0.000000 0.000000     0.991013     0.395573 
59349.227197 0.000000 0.000000     0.986830     0.395721 
59349.264808 0.000000 0.000000     0.982758     0.395857 
59349.302418 0.000000 0.000000     0.978797     0.395980 
59349.340028 0.000000 0.000000     0.974949     0.396090 
59349.377638 0.000000 0.000000     0.971213     0.396186 
59349.415248 0.000000 0.000000     0.967590     0.396268 
59349.452858 0.000000 0.000000     0.964079     0.396336 
59349.490469 0.000000 0.000000     0.960681     0.396389 
59349.528079 0.000000 0.000000     0.957394     0.396427 
59349.565689 0.000000 0.000000     0.954219     0.396449 
59349.603299 0.000000 0.000000     0.951156     0.396457 
59349.640909 0.000000 0.000000     0.948202     0.396449 
59349.678519 0.000000 0.000000     0.945357     0.396425 
59349.716129 0.000000 0.000000     0.942620     0.396385 
59349.753740 0.000000 0.000000     0.939989     0.396330 
59349.791350 0.000000 0.000000     0.937464     0.396259 
59349.828960 0.000000 0.000000     0.935042     0.396172 
59349.866570 0.000000 0.000000     0.932722     0.396071 
59349.904180 0.000000 0.000000     0.930501     0.395953 
59349.941790 0.000000 0.000000     0.928377     0.395821 
59349.979401 0.000000 0.000000     0.926350     0.395675 
59350.017011 0.000000 0.000000     0.924414     0.395514 
59350.054621 0.000000 0.000000     0.922570     0.395339 
59350.092231 0.000000 0.000000     0.920812     0.395150 
59350.129841 0.000000 0.000000     0.919140     0.394949 
59350.167451 0.000000 0.000000     0.917549     0.394734 
59350.205062 0.000000 0.000000     0.916037     0.394508 
59350.242672 0.000000 0.000000     0.914601     0.394270 
59350.280282 0.000000 0.000000     0.913236     0.394022 
59350.317892 0.000000 0.000000     0.911940     0.393763 
59350.355502 0.000000 0.000000     0.910709     0.393495 
59350.393112 0.000000 0.000000     0.909539     0.393218 
59350.430722 0.000000 0.000000     0.908427     0.392933 
59350.468333 0.000000 0.000000     0.907368     0.392641 
59350.505943 0.000000 0.000000     0.906358     0.392343 
59350.543553 0.000000 0.000000     0.905393     0.392039 
59350.581163 0.000000 0.000000     0.904470     0.391731 
59350.618773 0.000000 0.000000     0.903582     0.391418 
59350.656383 0.000000 0.000000     0.902727     0.391104 
59350.693994 0.000000 0.000000     0.901900     0.390787 
59350.731604 0.000000 0.000000     0.901095     0.390469 
59350.769214 0.000000 0.000000     0.900309     0.390152 
59350.806824 0.000000 0.000000     0.899536     0.389835 
59350.844434 0.000000 0.000000     0.898772     0.389520 
59350.882044 0.000000 0.000000     0.898012     0.389209 
59350.919654 0.000000 0.000000     0.897250     0.388901 
59350.957265 0.000000 0.000000     0.896483     0.388599 
59350.994875 0.000000 0.000000     0.895705     0.388302 
59351.032485 0.000000 0.000000     0.894911     0.388012 
59351.070095 0.000000 0.000000     0.894096     0.387730 
59351.107705 0.000000 0.000000     0.893254     0.387457 
59351.145315 0.000000 0.000000     0.892381     0.387193 
59351.182926 0.000000 0.000000     0.891472     0.386940 
59351.220536 0.000000 0.000000     0.890522     0.386698 
59351.258146 0.000000 0.000000     0.889524     0.386468 
59351.295756 0.000000 0.000000     0.888475     0.386252 
59351.333366 0.000000 0.000000     0.887370     0.386048 
59351.370976 0.000000 0.000000     0.886202     0.385860 
59351.408586 0.000000 0.000000     0.884967     0.385686 
59351.446197 0.000000 0.000000     0.883661     0.385528 
59351.483807 0.000000 0.000000     0.882277     0.385386 
59351.521417 0.000000 0.000000     0.880812     0.385261 
59351.559027 0.000000 0.000000     0.879260     0.385153 
59351.596637 0.000000 0.000000     0.877616     0.385062 
59351.634247 0.000000 0.000000     0.875876     0.384989 
59351.671858 0.000000 0.000000     0.874034     0.384934 
59351.709468 0.000000 0.000000     0.872087     0.384898 
59351.747078 0.000000 0.000000     0.870030     0.384880 
59351.784688 0.000000 0.000000     0.867858     0.384881 
59351.822298 0.000000 0.000000     0.865567     0.384900 
59351.859908 0.000000 0.000000     0.863153     0.384937 
59351.897519 0.000000 0.000000     0.860611     0.384993 
59351.935129 0.000000 0.000000     0.857937     0.385068 
59351.972739 0.000000 0.000000     0.855128     0.385160 
59352.010349 0.000000 0.000000     0.852179     0.385270 
59352.047959 0.000000 0.000000     0.849088     0.385398 
59352.085569 0.000000 0.000000     0.845849     0.385542 
59352.123179 0.000000 0.000000     0.842461     0.385703 
59352.160790 0.000000 0.000000     0.838919     0.385880 
59352.198400 0.000000 0.000000     0.835221     0.386072 
59352.236010 0.000000 0.000000     0.831363     0.386280 
59352.273620 0.000000 0.000000     0.827343     0.386501 
59352.311230 0.000000 0.000000     0.823159     0.386737 
59352.348840 0.000000 0.000000     0.818806     0.386985 
59352.386451 0.000000 0.000000     0.814284     0.387245 
59352.424061 0.000000 0.000000     0.809590     0.387516 
59352.461671 0.000000 0.000000     0.804722     0.387798 
59352.499281 0.000000 0.000000     0.799678     0.388090 
59352.536891 0.000000 0.000000     0.794457     0.388390 
59352.574501 0.000000 0.000000     0.789057     0.388698 
59352.612111 0.000000 0.000000     0.783477     0.389013 
59352.649722 0.000000 0.000000     0.777717     0.389335 
59352.687332 0.000000 0.000000     0.771775     0.389662 
59352.724942 0.000000 0.000000     0.765650     0.389993 
59352.762552 0.000000 0.000000     0.759343     0.390327 
59352.800162 0.000000 0.000000     0.752853     0.390664 
59352.837772 0.000000 0.000000     0.746180     0.391003 
59352.875383 0.000000 0.000000     0.739325     0.391343 
59352.912993 0.000000 0.000000     0.732288     0.391682 
59352.950603 0.000000 0.000000     0.725069     0.392020 
59352.988213 0.000000 0.000000     0.717669     0.392357 
59353.025823 0.000000 0.000000     0.710091     0.392691 
59353.063433 0.000000 0.000000     0.702334     0.393021 
59353.101043 0.000000 0.000000     0.694402     0.393347 
59353.138654 0.000000 0.000000     0.686294     0.393668 
59353.176264 0.000000 0.000000     0.678015     0.393983 
59353.213874 0.000000 0.000000     0.669565     0.394292 
59353.251484 0.000000 0.000000     0.660947     0.394594 
59353.289094 0.000000 0.000000     0.652165     0.394887 
59353.326704 0.000000 0.000000     0.643220     0.395173 
59353.364315 0.000000 0.000000     0.634117     0.395449 
59353.401925 0.000000 0.000000     0.624859     0.395716 
59353.439535 0.000000 0.000000     0.615449     0.395973 
59353.477145 0.000000 0.000000     0.605891     0.396219 
59353.514755 0.000000 0.000000     0.596190     0.396454 
59353.552365 0.000000 0.000000     0.586349     0.396677 
59353.589976 0.000000 0.000000     0.576374     0.396889 
59353.627586 0.000000 0.000000     0.566269     0.397089 
59353.665196 0.000000 0.000000     0.556039     0.397276 
59353.702806 0.000000 0.000000     0.545690     0.397451 
59353.740416 0.000000 0.000000     0.535226     0.397612 
59353.778026 0.000000 0.000000     0.524654     0.397761 
59353.815636 0.000000 0.000000     0.513979     0.397896 
59353.853247 0.000000 0.000000     0.503207     0.398017 
59353.890857 0.000000 0.000000     0.492345     0.398126 
59353.928467 0.000000 0.000000     0.481400     0.398220 
59353.966077 0.000000 0.000000     0.470377     0.398301 
59354.003687 0.000000 0.000000     0.459284     0.398369 
59354.041297 0.000000 0.000000     0.448127     0.398423 
59354.078908 0.000000 0.000000     0.436915     0.398464 
59354.116518 0.000000 0.000000     0.425654     0.398492 
59354.154128 0.000000 0.000000     0.414352     0.398506 
59354.191738 0.000000 0.000000     0.403017     0.398508 
59354.229348 0.000000 0.000000     0.391657     0.398497 
59354.266958 0.000000 0.000000     0.380280     0.398473 
59354.304568 0.000000 0.000000     0.368893     0.398438 
59354.342179 0.000000 0.000000     0.357506     0.398390 
59354.379789 0.000000 0.000000     0.346127     0.398332 
59354.417399 0.000000 0.000000     0.334765     0.398262 
59354.455009 0.000000 0.000000     0.323428     0.398181 
59354.492619 0.000000 0.000000     0.312125     0.398090 
59354.530229 0.000000 0.000000     0.300866     0.397990 
59354.567840 0.000000 0.000000     0.289659     0.397879 
59354.605450 0.000000 0.000000     0.278514     0.397760 
59354.643060 0.000000 0.000000     0.267441     0.397633 
59354.680670 0.000000 0.000000     0.256448     0.397497 
59354.718280 0.000000 0.000000     0.245545     0.397355 
59354.755890 0.000000 0.000000     0.234741     0.397205 
59354.793500 0.000000 0.000000     0.224048     0.397049 
59354.831111 0.000000 0.000000     0.213473     0.396887 
59354.868721 0.000000 0.000000     0.203027     0.396720 
59354.906331 0.000000 0.000000     0.192720     0.396549 
59354.943941 0.000000 0.000000     0.182562     0.396373 
59354.981551 0.000000 0.000000     0.172562     0.396194 
59355.019161 0.000000 0.000000     0.162731     0.396012 
59355.056772 0.000000 0.000000     0.153078     0.395828 
59355.094382 0.000000 0.000000     0.143614     0.395642 
59355.131992 0.000000 0.000000     0.134347     0.395455 
59355.169602 0.000000 0.000000     0.125289     0.395268 
59355.207212 0.000000 0.000000     0.116450     0.395080 
59355.244822 0.000000 0.000000     0.107838     0.394894 
59355.282433 0.000000 0.000000     0.099464     0.394708 
59355.320043 0.000000 0.000000     0.091338     0.394524 
59355.357653 0.000000 0.000000     0.083469     0.394342 
59355.395263 0.000000 0.000000     0.075868     0.394163 
59355.432873 0.000000 0.000000     0.068543     0.393987 
59355.470483 0.000000 0.000000     0.061505     0.393815 
59355.508093 0.000000 0.000000     0.054762     0.393646 
59355.545704 0.000000 0.000000     0.048325     0.393483 
59355.583314 0.000000 0.000000     0.042203     0.393324 
59355.620924 0.000000 0.000000     0.036404     0.393171 
59355.658534 0.000000 0.000000     0.030938     0.393023 
59355.696144 0.000000 0.000000     0.025814     0.392882 
59355.733754 0.000000 0.000000     0.021040     0.392746 
59355.771365 0.000000 0.000000     0.016626     0.392618 
59355.808975 0.000000 0.000000     0.012579     0.392496 
59355.846585 0.000000 0.000000     0.008909     0.392381 
59355.884195 0.000000 0.000000     0.005623     0.392274 
59355.921805 0.000000 0.000000     0.002729     0.392173 
59355.959415 0.000000 0.000000     0.000235     0.392081 
59355.997025 0.000000 0.000000    -0.001850     0.391996 
59356.034636 0.000000 0.000000    -0.003521     0.391919 
59356.072246 0.000000 0.000000    -0.004768     0.391849 
59356.109856 0.000000 0.000000    -0.005586     0.391788 
59356.147466 0.000000 0.000000    -0.005967     0.391734 
59356.185076 0.000000 0.000000    -0.005905     0.391688 
59356.222686 0.000000 0.000000    -0.005394     0.391649 
59356.260297 0.000000 0.000000    -0.004426     0.391618 
59356.297907 0.000000 0.000000    -0.002997     0.391594 
59356.335517 0.000000 0.000000    -0.001101     0.391578 
59356.373127 0.000000 0.000000     0.001269     0.391569 
59356.410737 0.000000 0.000000     0.004116     0.391566 
59356.448347 0.000000 0.000000     0.007447     0.391571 
59356.485957 0.000000 0.000000     0.011265     0.391581 
59356.523568 0.000000 0.000000     0.015575     0.391598 
59356.561178 0.000000 0.000000     0.020381     0.391621 
59356.598788 0.000000 0.000000     0.025688     0.391650 
59356.636398 0.000000 0.000000     0.031497     0.391684 
59356.674008 0.000000 0.000000     0.037814     0.391723 
59356.711618 0.000000 0.000000     0.044640     0.391767 
59356.749229 0.000000 0.000000     0.051979     0.391816 
59356.786839 0.000000 0.000000     0.059832     0.391868 
59356.824449 0.000000 0.000000     0.068201     0.391925 
59356.862059 0.000000 0.000000     0.077090     0.391985 
59356.899669 0.000000 0.000000     0.086498     0.392049 
59356.937279 0.000000 0.000000     0.096426     0.392116 
59356.974890 0.000000 0.000000     0.106877     0.392185 
59357.012500 0.000000 0.000000     0.117850     0.392257 
59357.050110 0.000000 0.000000     0.129345     0.392331 
59357.087720 0.000000 0.000000     0.141362     0.392407 
59357.125330 0.000000 0.000000     0.153900     0.392484 
59357.162940 0.000000 0.000000     0.166960     0.392563 
59357.200550 0.000000 0.000000     0.180539     0.392644 
59357.238161 0.000000 0.000000     0.194636     0.392726 
59357.275771 0.000000 0.000000     0.209249     0.392808 
59357.313381 0.000000 0.000000     0.224376     0.392892 
59357.350991 0.000000 0.000000     0.240015     0.392977 
59357.388601 0.000000 0.000000     0.256162     0.393062 
59357.426211 0.000000 0.000000     0.272815     0.393148 
59357.463822 0.000000 0.000000     0.289970     0.393235 
59357.501432 0.000000 0.000000     0.307624     0.393323 
59357.539042 0.000000 0.000000     0.325771     0.393412 
59357.576652 0.000000 0.000000     0.344408     0.393502 
59357.614262 0.000000 0.000000     0.363530     0.393593 
59357.651872 0.000000 0.000000     0.383132     0.393685 
59357.689482 0.000000 0.000000     0.403208     0.393780 
59357.727093 0.000000 0.000000     0.423752     0.393876 
59357.764703 0.000000 0.000000     0.444759     0.393975 
59357.802313 0.000000 0.000000     0.466222     0.394077 
59357.839923 0.000000 0.000000     0.488135     0.394181 
59357.877533 0.000000 0.000000     0.510490     0.394290 
59357.915143 0.000000 0.000000     0.533280     0.394403 
59357.952754 0.000000 0.000000     0.556498     0.394520 
59357.990364 0.000000 0.000000     0.580135     0.394643 
59358.027974 0.000000 0.000000     0.604184     0.394772 
59358.065584 0.000000 0.000000     0.628636     0.394907 
59358.103194 0.000000 0.000000     0.653482     0.395050 
59358.140804 0.000000 0.000000     0.678714     0.395201 
59358.178414 0.000000 0.000000     0.704321     0.395362 
59358.216025 0.000000 0.000000     0.730295     0.395532 
59358.253635 0.000000 0.000000     0.756625     0.395713 
59358.291245 0.000000 0.000000     0.783302     0.395906 
59358.328855 0.000000 0.000000     0.810316     0.396111 
59358.366465 0.000000 0.000000     0.837655     0.396330 
59358.404075 0.000000 0.000000     0.865308     0.396564 
59358.441686 0.000000 0.000000     0.893266     0.396813 
59358.479296 0.000000 0.000000     0.921517     0.397079 
59358.516906 0.000000 0.000000     0.950048     0.397363 
59358.554516 0.000000 0.000000     0.978850     0.397666 
59358.592126 0.000000 0.000000     1.007908     0.397988 
59358.629736 0.000000 0.000000     1.037213     0.398332 
59358.667347 0.000000 0.000000     1.066751     0.398697 
59358.704957 0.000000 0.000000     1.096510     0.399085 
59358.742567 0.000000 0.000000     1.126477     0.399498 
59358.780177 0.000000 0.000000     1.156641     0.399936 
59358.817787 0.000000 0.000000     1.186986     0.400400 
59358.855397 0.000000 0.000000     1.217502     0.400890 
59358.893007 0.000000 0.000000     1.248174     0.401409 
59358.930618 0.000000 0.000000     1.278990     0.401957 
59358.968228 0.000000 0.000000     1.309935     0.402534 
59359.005838 0.000000 0.000000     1.340996     0.403142 
59359.043448 0.000000 0.000000     1.372160     0.403781 
59359.081058 0.000000 0.000000     1.403413     0.404451 
59359.118668 0.000000 0.000000     1.434742     0.405154 
59359.156279 0.000000 0.000000     1.466131     0.405891 
59359.193889 0.000000 0.000000     1.497567     0.406660 
59359.231499 0.000000 0.000000     1.529037     0.407463 
59359.269109 0.000000 0.000000     1.560525     0.408300 
59359.306719 0.000000 0.000000     1.592019     0.409172 
59359.344329 0.000000 0.000000     1.623503     0.410078 
59359.381939 0.000000 0.000000     1.654964     0.411018 
59359.419550 0.000000 0.000000     1.686387     0.411993 
59359.457160 0.000000 0.000000     1.717759     0.413001 
59359.494770 0.000000 0.000000     1.749064     0.414044 
59359.532380 0.000000 0.000000     1.780289     0.415120 
59359.569990 0.000000 0.000000     1.811420     0.416229 
59359.607600 0.000000 0.000000     1.842443     0.417370 
59359.645211 0.000000 0.000000     1.873342     0.418544 
59359.682821 0.000000 0.000000     1.904106     0.419749 
59359.720431 0.000000 0.000000     1.934718     0.420984 
59359.758041 0.000000 0.000000     1.965166     0.422248 
59359.795651 0.000000 0.000000     1.995436     0.423542 
59359.833261 0.000000 0.000000     2.025513     0.424862 
59359.870871 0.000000 0.000000     2.055385     0.426209 
59359.908482 0.000000 0.000000     2.085037     0.427581 
59359.946092 0.000000 0.000000     2.114456     0.428978 
59359.983702 0.000000 0.000000     2.143629     0.430396 
59360.021312 0.000000 0.000000     2.172543     0.431836 
59360.058922 0.000000 0.000000     2.201184     0.433296 
59360.096532 0.000000 0.000000     2.229539     0.434774 
59360.134143 0.000000 0.000000     2.257597     0.436269 
59360.171753 0.000000 0.000000     2.285343     0.437779 
59360.209363 0.000000 0.000000     2.312766     0.439302 
59360.246973 0.000000 0.000000     2.339853     0.440838 
59360.284583 0.000000 0.000000     2.366593     0.442384 
59360.322193 0.000000 0.000000     2.392972     0.443939 
59360.359804 0.000000 0.000000     2.418981     0.445500 
59360.397414 0.000000 0.000000     2.444606     0.447067 
59360.435024 0.000000 0.000000     2.469837     0.448638 
59360.472634 0.000000 0.000000     2.494662     0.450210 
59360.510244 0.000000 0.000000     2.519071     0.451783 
59360.547854 0.000000 0.000000     2.543053     0.453354 
59360.585464 0.000000 0.000000     2.566598     0.454921 
59360.623075 0.000000 0.000000     2.589695     0.456484 
59360.660685 0.000000 0.000000     2.612334     0.458041 
59360.698295 0.000000 0.000000     2.634507     0.459589 
59360.735905 0.000000 0.000000     2.656202     0.461128 
59360.773515 0.000000 0.000000     2.677412     0.462655 
59360.811125 0.000000 0.000000     2.698127     0.464169 
59360.848736 0.000000 0.000000     2.718339     0.465669 
59360.886346 0.000000 0.000000     2.738038     0.467153 
59360.923956 0.000000 0.000000     2.757219     0.468620 
59360.961566 0.000000 0.000000     2.775871     0.470067 
59360.999176 0.000000 0.000000     2.793989     0.471495 
59361.036786 0.000000 0.000000     2.811564     0.472902 
59361.074396 0.000000 0.000000     2.828590     0.474285 
59361.112007 0.000000 0.000000     2.845061     0.475645 
59361.149617 0.000000 0.000000     2.860969     0.476980 
59361.187227 0.000000 0.000000     2.876309     0.478288 
59361.224837 0.000000 0.000000     2.891076     0.479569 
59361.262447 0.000000 0.000000     2.905263     0.480823 
59361.300057 0.000000 0.000000     2.918867     0.482047 
59361.337668 0.000000 0.000000     2.931881     0.483241 
59361.375278 0.000000 0.000000     2.944303     0.484404 
59361.412888 0.000000 0.000000     2.956126     0.485536 
59361.450498 0.000000 0.000000     2.967349     0.486635 
59361.488108 0.000000 0.000000     2.977967     0.487702 
59361.525718 0.000000 0.000000     2.987978     0.488736 
59361.563328 0.000000 0.000000     2.997378     0.489736 
59361.600939 0.000000 0.000000     3.006165     0.490702 
59361.638549 0.000000 0.000000     3.014337     0.491634 
59361.676159 0.000000 0.000000     3.021892     0.492532 
59361.713769 0.000000 0.000000     3.028828     0.493395 
59361.751379 0.000000 0.000000     3.035145     0.494223 
59361.788989 0.000000 0.000000     3.040842     0.495018 
59361.826600 0.000000 0.000000     3.045917     0.495778 
59361.864210 0.000000 0.000000     3.050372     0.496505 
59361.901820 0.000000 0.000000     3.054205     0.497198 
59361.939430 0.000000 0.000000    -0.206911          nan 
