# time Tc_folded Tref_folded model 
59318.211098 0.505675 0.162248    -2.557018
59318.265916 0.560493 0.181220    -2.636771
59318.320735 0.615312 0.200192    -2.661795
59318.375553 0.670130 0.219163    -2.630768
59318.430372 0.724949 0.238135    -2.544840
59318.485190 0.779767 0.257106    -2.407518
59318.540009 0.834586 0.276078    -2.224322
59318.594827 0.889404 0.295050    -2.002247
59318.649645 0.944222 0.314021    -1.749164
59318.704464 0.999041 0.332993    -1.473215
59318.759282 1.053859 0.351964    -1.182317
59318.814101 1.108678 0.370936    -0.883776
59318.868919 1.163496 0.389907    -0.584055
59318.923738 1.218314 0.408879    -0.288658
59318.978556 1.273133 0.427851    -0.002115
59319.033374 1.327951 0.446822     0.271958
59319.088193 1.382770 0.465794     0.530764
59319.143011 1.437588 0.484765     0.772210
59319.197830 -1.397097 0.503737     0.994783
59319.252648 -1.342278 0.522708     1.197439
59319.307467 -1.287460 0.541680     1.379494
59319.362285 -1.232641 0.560652     1.540543
59319.417103 -1.177823 0.579623     1.680378
59319.471922 -1.123005 0.598595     1.798935
59319.526740 -1.068186 0.617566     1.896238
59319.581559 -1.013368 0.636538     1.972368
59319.636377 -0.958549 0.655509     2.027430
59319.691196 -0.903731 0.674481     2.061532
59319.746014 -0.848912 0.693453     2.074774
59319.800832 -0.794094 0.712424     2.067236
59319.855651 -0.739276 0.731396     2.038974
59319.910469 -0.684457 0.750367     1.990021
59319.965288 -0.629639 0.769339     1.920396
59320.020106 -0.574820 0.788310     1.830110
59320.074925 -0.520002 0.807282     1.719184
59320.129743 -0.465183 0.826254     1.587671
59320.184561 -0.410365 0.845225     1.435689
59320.239380 -0.355547 0.864197     1.263454
59320.294198 -0.300728 0.883168     1.071333
59320.349017 -0.245910 0.902140     0.859904
59320.403835 -0.191091 0.921111     0.630029
59320.458654 -0.136273 0.940083     0.382939
59320.513472 -0.081454 0.959055     0.120335
59320.568290 -0.026636 0.978026    -0.155505
59320.623109 0.028182 0.996998    -0.441609
59320.677927 0.083001 0.015969    -0.734206
59320.732746 0.137819 0.034941    -1.028644
59320.787564 0.192638 0.053912    -1.319339
59320.842383 0.247456 0.072884    -1.599814
59320.897201 0.302275 0.091856    -1.862816
59320.952019 0.357093 0.110827    -2.100567
59321.006838 0.411911 0.129799    -2.305152
59321.061656 0.466730 0.148770    -2.469018
59321.116475 0.521548 0.167742    -2.585568
59321.171293 0.576367 0.186714    -2.649751
59321.226112 0.631185 0.205685    -2.658572
59321.280930 0.686004 0.224657    -2.611421
59321.335748 0.740822 0.243628    -2.510153
59321.390567 0.795640 0.262600    -2.358904
59321.445385 0.850459 0.281571    -2.163679
59321.500204 0.905277 0.300543    -1.931794
59321.555022 0.960096 0.319515    -1.671253
59321.609841 1.014914 0.338486    -1.390183
59321.664659 1.069733 0.357458    -1.096354
59321.719477 1.124551 0.376429    -0.796848
59321.774296 1.179369 0.395401    -0.497856
59321.829114 1.234188 0.414372    -0.204598
59321.883933 1.289006 0.433344     0.078667
59321.938751 1.343825 0.452316     0.348573
59321.993569 1.398643 0.471287     0.602540
59322.048388 -1.436042 0.490259     0.838654
59322.103206 -1.381223 0.509230     1.055550
59322.158025 -1.326405 0.528202     1.252297
59322.212843 -1.271586 0.547173     1.428301
59322.267662 -1.216768 0.566145     1.583221
59322.322480 -1.161950 0.585117     1.716897
59322.377298 -1.107131 0.604088     1.829294
59322.432117 -1.052313 0.623060     1.920456
59322.486935 -0.997494 0.642031     1.990474
59322.541754 -0.942676 0.661003     2.039456
59322.596572 -0.887857 0.679974     2.067508
59322.651391 -0.833039 0.698946     2.074726
59322.706209 -0.778221 0.717918     2.061182
59322.761027 -0.723402 0.736889     2.026926
59322.815846 -0.668584 0.755861     1.971986
59322.870664 -0.613765 0.774832     1.896377
59322.925483 -0.558947 0.793804     1.800112
59322.980301 -0.504128 0.812775     1.683217
59323.035120 -0.449310 0.831747     1.545761
59323.089938 -0.394492 0.850719     1.387886
59323.144756 -0.339673 0.869690     1.209847
59323.199575 -0.284855 0.888662     1.012065
59323.254393 -0.230036 0.907633     0.795192
59323.309212 -0.175218 0.926605     0.560187
59323.364030 -0.120399 0.945576     0.308406
59323.418849 -0.065581 0.964548     0.041706
59323.473667 -0.010763 0.983520    -0.237445
59323.528485 0.044056 0.002491    -0.525855
59323.583304 0.098874 0.021463    -0.819504
59323.638122 0.153693 0.040434    -1.113473
59323.692941 0.208511 0.059406    -1.401913
59323.747759 0.263329 0.078378    -1.678104
59323.802578 0.318148 0.097349    -1.934608
59323.857396 0.372966 0.116321    -2.163564
59323.912214 0.427785 0.135292    -2.357105
59323.967033 0.482603 0.154264    -2.507891
59324.021851 0.537422 0.173235    -2.609714
59324.076670 0.592240 0.192207    -2.658073
59324.131488 0.647058 0.211179    -2.650640
59324.186307 0.701877 0.230150    -2.587521
59324.241125 0.756695 0.249122    -2.471263
59324.295943 0.811514 0.268093    -2.306593
59324.350762 0.866332 0.287065    -2.099959
59324.405580 0.921151 0.306036    -1.858937
59324.460399 0.975969 0.325008    -1.591623
59324.515217 1.030787 0.343980    -1.306085
59324.570036 1.085606 0.362951    -1.009920
59324.624854 1.140424 0.381923    -0.709969
59324.679672 1.195243 0.400894    -0.412144
59324.734491 1.250061 0.419866    -0.121383
59324.789309 1.304880 0.438837     0.158324
59324.844128 1.359698 0.457809     0.423848
59324.898946 1.414516 0.476781     0.672816
59324.953765 -1.420168 0.495752     0.903484
59325.008583 -1.365350 0.514724     1.114624
59325.063401 -1.310532 0.533695     1.305413
59325.118220 -1.255713 0.552667     1.475338
59325.173038 -1.200895 0.571638     1.624117
59325.227857 -1.146076 0.590610     1.751631
59325.282675 -1.091258 0.609582     1.857872
59325.337494 -1.036439 0.628553     1.942901
59325.392312 -0.981621 0.647525     2.006816
59325.447130 -0.926803 0.666496     2.049727
59325.501949 -0.871984 0.685468     2.071738
59325.556767 -0.817166 0.704439     2.072937
59325.611586 -0.762347 0.723411     2.053392
59325.666404 -0.707529 0.742383     2.013144
59325.721223 -0.652710 0.761354     1.952218
59325.776041 -0.597892 0.780326     1.870626
59325.830859 -0.543074 0.799297     1.768383
59325.885678 -0.488255 0.818269     1.645525
59325.940496 -0.433437 0.837240     1.502138
59325.995315 -0.378618 0.856212     1.338392
59326.050133 -0.323800 0.875184     1.154584
59326.104952 -0.268981 0.894155     0.951195
59326.159770 -0.214163 0.913127     0.728957
59326.214588 -0.159345 0.932098     0.488934
59326.269407 -0.104526 0.951070     0.232617
59326.324225 -0.049708 0.970042    -0.037971
59326.379044 0.005111 0.989013    -0.320166
59326.433862 0.059929 0.007985    -0.610545
59326.488681 0.114748 0.026956    -0.904835
59326.543499 0.169566 0.045928    -1.197845
59326.598317 0.224384 0.064899    -1.483465
59326.653136 0.279203 0.083871    -1.754745
59326.707954 0.334021 0.102843    -2.004091
59326.762773 0.388840 0.121814    -2.223589
59326.817591 0.443658 0.140786    -2.405465
59326.872410 0.498477 0.159757    -2.542647
59326.927228 0.553295 0.178729    -2.629364
59326.982046 0.608113 0.197700    -2.661702
59327.036865 0.662932 0.216672    -2.638023
59327.091683 0.717750 0.235644    -2.559152
59327.146502 0.772569 0.254615    -2.428303
59327.201320 0.827387 0.273587    -2.250757
59327.256139 0.882206 0.292558    -2.033352
59327.310957 0.937024 0.311530    -1.783876
59327.365775 0.991842 0.330501    -1.510469
59327.420594 1.046661 0.349473    -1.221101
59327.475412 1.101479 0.368445    -0.923176
59327.530231 1.156298 0.387416    -0.623275
59327.585049 1.211116 0.406388    -0.327030
59327.639868 1.265935 0.425359    -0.039099
59327.694686 1.320753 0.444331     0.236787
59327.749504 1.375571 0.463302     0.497731
59327.804323 1.430390 0.482274     0.741554
59327.859141 -1.404295 0.501246     0.966674
59327.913960 -1.349477 0.520217     1.171991
59327.968778 -1.294658 0.539189     1.356780
59328.023597 -1.239840 0.558160     1.520602
59328.078415 -1.185021 0.577132     1.663229
59328.133233 -1.130203 0.596103     1.784580
59328.188052 -1.075384 0.615075     1.884671
59328.242870 -1.020566 0.634047     1.963576
59328.297689 -0.965748 0.653018     2.021397
59328.352507 -0.910929 0.671990     2.058246
59328.407326 -0.856111 0.690961     2.074222
59328.462144 -0.801292 0.709933     2.069409
59328.516962 -0.746474 0.728905     2.043865
59328.571781 -0.691655 0.747876     1.997629
59328.626599 -0.636837 0.766848     1.930718
59328.681418 -0.582019 0.785819     1.843144
59328.736236 -0.527200 0.804791     1.734926
59328.791054 -0.472382 0.823762     1.606112
59328.845873 -0.417563 0.842734     1.456807
59328.900691 -0.362745 0.861706     1.287214
59328.955510 -0.307927 0.880677     1.097677
59329.010328 -0.253108 0.899649     0.888742
59329.065147 -0.198290 0.918620     0.661228
59329.119965 -0.143471 0.937592     0.416312
59329.174783 -0.088653 0.956563     0.155628
59329.229602 -0.033834 0.975535    -0.118627
59329.284420 0.020984 0.994507    -0.403580
59329.339239 0.075802 0.013478    -0.695570
59329.394057 0.130621 0.032450    -0.990064
59329.448876 0.185439 0.051421    -1.281602
59329.503694 0.240258 0.070393    -1.563818
59329.558512 0.295076 0.089364    -1.829550
59329.613331 0.349895 0.108336    -2.071070
59329.668149 0.404713 0.127308    -2.280454
59329.722968 0.459531 0.146279    -2.450070
59329.777786 0.514350 0.165251    -2.573160
59329.832605 0.569168 0.184222    -2.644439
59329.887423 0.623987 0.203194    -2.660618
59329.942241 0.678805 0.222165    -2.620763
59329.997060 0.733624 0.241137    -2.526411
59330.051878 0.788442 0.260109    -2.381418
59330.106697 0.843260 0.279080    -2.191573
59330.161515 0.898079 0.298052    -1.964053
59330.216334 0.952897 0.317023    -1.706809
59330.271152 1.007716 0.335995    -1.427980
59330.325970 1.062534 0.354966    -1.135405
59330.380789 1.117353 0.373938    -0.836271
59330.435607 1.172171 0.392910    -0.536893
59330.490426 1.226989 0.411881    -0.242619
59330.545244 1.281808 0.430853     0.042169
59330.600063 1.336626 0.449824     0.313992
59330.654881 1.391445 0.468796     0.570174
59330.709699 -1.443240 0.487767     0.808721
59330.764518 -1.388422 0.506739     1.028201
59330.819336 -1.333603 0.525711     1.227634
59330.874155 -1.278785 0.544682     1.406386
59330.928973 -1.223966 0.563654     1.564088
59330.983792 -1.169148 0.582625     1.700557
59331.038610 -1.114330 0.601597     1.815747
59331.093428 -1.059511 0.620569     1.909694
59331.148247 -1.004693 0.639540     1.982482
59331.203065 -0.949874 0.658512     2.034220
59331.257884 -0.895056 0.677483     2.065015
59331.312702 -0.840237 0.696455     2.074964
59331.367521 -0.785419 0.715426     2.064143
59331.422339 -0.730601 0.734398     2.032604
59331.477157 -0.675782 0.753370     1.980380
59331.531976 -0.620964 0.772341     1.907484
59331.586794 -0.566145 0.791313     1.813930
59331.641613 -0.511327 0.810284     1.699741
59331.696431 -0.456508 0.829256     1.564979
59331.751250 -0.401690 0.848227     1.409774
59331.806068 -0.346872 0.867199     1.234363
59331.860886 -0.292053 0.886171     1.039142
59331.915705 -0.237235 0.905142     0.824729
59331.970523 -0.182416 0.924114     0.592036
59332.025342 -0.127598 0.943085     0.342364
59332.080160 -0.072779 0.962057     0.077497
59332.134979 -0.017961 0.981028    -0.200184
59332.189797 0.036857 0.000000    -0.487588
59332.244615 0.091676 0.018972    -0.780811
59332.299434 0.146494 0.037943    -1.075051
59332.354252 0.201313 0.056915    -1.364583
59332.409071 0.256131 0.075886    -1.642793
59332.463889 0.310950 0.094858    -1.902326
59332.518708 0.365768 0.113829    -2.135353
59332.573526 0.420586 0.132801    -2.333980
59332.628344 0.475405 0.151773    -2.490765
59332.683163 0.530223 0.170744    -2.599316
59332.737981 0.585042 0.189716    -2.654879
59332.792800 0.639860 0.208687    -2.654819
59332.847618 0.694679 0.227659    -2.598919
59332.902437 0.749497 0.246630    -2.489412
59332.957255 0.804315 0.265602    -2.330763
59333.012073 0.859134 0.284574    -2.129225
59333.066892 0.913952 0.303545    -1.892262
59333.121710 0.968771 0.322517    -1.627935
59333.176529 1.023589 0.341488    -1.344343
59333.231347 1.078408 0.360460    -1.049165
59333.286166 1.133226 0.379431    -0.749353
59333.340984 1.188044 0.398403    -0.450946
59333.395802 1.242863 0.417375    -0.159010
59333.450621 1.297681 0.436346     0.122344
59333.505439 1.352500 0.455318     0.389881
59333.560258 1.407318 0.474289     0.641135
59333.615076 -1.427367 0.493261     0.874286
59333.669895 -1.372548 0.512233     1.088046
59333.724713 -1.317730 0.531204     1.281542
59333.779531 -1.262911 0.550176     1.454227
59333.834350 -1.208093 0.569147     1.605792
59333.889168 -1.153275 0.588119     1.736100
59333.943987 -1.098456 0.607090     1.845132
59333.998805 -1.043638 0.626062     1.932942
59334.053624 -0.988819 0.645034     1.999624
59334.108442 -0.934001 0.664005     2.045286
59334.163260 -0.879183 0.682977     2.070036
59334.218079 -0.824364 0.701948     2.073964
59334.272897 -0.769546 0.720920     2.057140
59334.327716 -0.714727 0.739891     2.019609
59334.382534 -0.659909 0.758863     1.961398
59334.437353 -0.605090 0.777835     1.882519
59334.492171 -0.550272 0.796806     1.782986
59334.546989 -0.495454 0.815778     1.662831
59334.601808 -0.440635 0.834749     1.522133
59334.656626 -0.385817 0.853721     1.361046
59334.711445 -0.330998 0.872692     1.179849
59334.766263 -0.276180 0.891664     0.978996
59334.821082 -0.221361 0.910636     0.759181
59334.875900 -0.166543 0.929607     0.521419
59334.930718 -0.111725 0.948579     0.267139
59334.985537 -0.056906 0.967550    -0.001713
59335.040355 -0.002088 0.986522    -0.282562
59335.095174 0.052731 0.005493    -0.572091
59335.149992 0.107549 0.024465    -0.866143
59335.204811 0.162368 0.043437    -1.159650
59335.259629 0.217186 0.062408    -1.446620
59335.314447 0.272004 0.081380    -1.720205
59335.369266 0.326823 0.100351    -1.972880
59335.424084 0.381641 0.119323    -2.196749
59335.478903 0.436460 0.138294    -2.383990
59335.533721 0.491278 0.157266    -2.527404
59335.588540 0.546097 0.176238    -2.621015
59335.643358 0.600915 0.195209    -2.660640
59335.698176 0.655733 0.214181    -2.644323
59335.752995 0.710552 0.233152    -2.572565
59335.807813 0.765370 0.252124    -2.448280
59335.862632 0.820189 0.271095    -2.276504
59335.917450 0.875007 0.290067    -2.063902
59335.972268 0.929826 0.309039    -1.818175
59336.027087 0.984644 0.328010    -1.547448
59336.081905 1.039462 0.346982    -1.259739
59336.136724 1.094281 0.365953    -0.962542
59336.191542 1.149099 0.384925    -0.662558
59336.246361 1.203918 0.403897    -0.365547
59336.301179 1.258736 0.422868    -0.076293
59336.355997 1.313555 0.441840     0.201357
59336.410816 1.368373 0.460811     0.464402
59336.465634 1.423191 0.479783     0.710575
59336.520453 -1.411493 0.498754     0.938223
59336.575271 -1.356675 0.517726     1.146189
59336.630090 -1.301857 0.536698     1.333703
59336.684908 -1.247038 0.555669     1.500296
59336.739726 -1.192220 0.574641     1.645714
59336.794545 -1.137401 0.593612     1.769859
59336.849363 -1.082583 0.612584     1.872738
59336.904182 -1.027764 0.631555     1.954419
59336.959000 -0.972946 0.650527     2.015003
59337.013819 -0.918128 0.669499     2.054600
59337.068637 -0.863309 0.688470     2.073312
59337.123455 -0.808491 0.707442     2.071224
59337.178274 -0.753672 0.726413     2.048400
59337.233092 -0.698854 0.745385     2.004880
59337.287911 -0.644035 0.764356     1.940683
59337.342729 -0.589217 0.783328     1.855821
59337.397548 -0.534399 0.802300     1.750312
59337.452366 -0.479580 0.821271     1.624198
59337.507184 -0.424762 0.840243     1.477576
59337.562003 -0.369943 0.859214     1.310631
59337.616821 -0.315125 0.878186     1.123686
59337.671640 -0.260306 0.897157     0.917258
59337.726458 -0.205488 0.916129     0.692125
59337.781277 -0.150670 0.935101     0.449412
59337.836095 -0.095851 0.954072     0.190687
59337.890913 -0.041033 0.973044    -0.081934
59337.945732 0.013786 0.992015    -0.365673
59338.000550 0.068604 0.010987    -0.656978
59338.055369 0.123423 0.029958    -0.951435
59338.110187 0.178241 0.048930    -1.243706
59338.165006 0.233059 0.067902    -1.527539
59338.219824 0.287878 0.086873    -1.795867
59338.274642 0.342696 0.105845    -2.041018
59338.329461 0.397515 0.124816    -2.255069
59338.384279 0.452333 0.143788    -2.430318
59338.439098 0.507152 0.162760    -2.559856
59338.493916 0.561970 0.181731    -2.638173
59338.548735 0.616788 0.200703    -2.661694
59338.603553 0.671607 0.219674    -2.629163
59338.658371 0.726425 0.238646    -2.541794
59338.713190 0.781244 0.257617    -2.403156
59338.768008 0.836062 0.276589    -2.218815
59338.822827 0.890881 0.295561    -1.995800
59338.877645 0.945699 0.314532    -1.741994
59338.932464 1.000517 0.333504    -1.465541
59338.987282 1.055336 0.352475    -1.174345
59339.042100 1.110154 0.371447    -0.875692
59339.096919 1.164973 0.390418    -0.576019
59339.151737 1.219791 0.409390    -0.280805
59339.206556 1.274610 0.428362     0.005445
59339.261374 1.329428 0.447333     0.279140
59339.316193 1.384246 0.466305     0.537503
59339.371011 1.439065 0.485276     0.778458
59339.425829 -1.395620 0.504248     1.000507
59339.480648 -1.340802 0.523219     1.202615
59339.535466 -1.285983 0.542191     1.384109
59339.590285 -1.231165 0.561163     1.544588
59339.645103 -1.176346 0.580134     1.683851
59339.699922 -1.121528 0.599106     1.801834
59339.754740 -1.066710 0.618077     1.898566
59339.809558 -1.011891 0.637049     1.974127
59339.864377 -0.957073 0.656020     2.028623
59339.919195 -0.902254 0.674992     2.062162
59339.974014 -0.847436 0.693964     2.074843
59340.028832 -0.792617 0.712935     2.066746
59340.083651 -0.737799 0.731907     2.037926
59340.138469 -0.682981 0.750878     1.988417
59340.193287 -0.628162 0.769850     1.918235
59340.248106 -0.573344 0.788821     1.827393
59340.302924 -0.518525 0.807793     1.715911
59340.357743 -0.463707 0.826765     1.583845
59340.412561 -0.408888 0.845736     1.431314
59340.467380 -0.354070 0.864708     1.258537
59340.522198 -0.299252 0.883679     1.065888
59340.577016 -0.244433 0.902651     0.853950
59340.631835 -0.189615 0.921622     0.623593
59340.686653 -0.134796 0.940594     0.376060
59340.741472 -0.079978 0.959566     0.113066
59340.796290 -0.025159 0.978537    -0.163092
59340.851109 0.029659 0.997509    -0.449424
59340.905927 0.084477 0.016480    -0.742136
59340.960745 0.139296 0.035452    -1.036550
59341.015564 0.194114 0.054424    -1.327059
59341.070382 0.248933 0.073395    -1.607162
59341.125201 0.303751 0.092367    -1.869586
59341.180019 0.358570 0.111338    -2.106548
59341.234838 0.413388 0.130310    -2.310132
59341.289656 0.468206 0.149281    -2.472804
59341.344474 0.523025 0.168253    -2.588001
59341.399293 0.577843 0.187225    -2.650722
59341.454111 0.632662 0.206196    -2.658032
59341.508930 0.687480 0.225168    -2.609389
59341.563748 0.742299 0.244139    -2.506710
59341.618567 0.797117 0.263111    -2.354191
59341.673385 0.851935 0.282082    -2.157879
59341.728203 0.906754 0.301054    -1.925115
59341.783022 0.961572 0.320026    -1.663915
59341.837840 1.016391 0.338997    -1.382402
59341.892659 1.071209 0.357969    -1.088331
59341.947477 1.126028 0.376940    -0.788762
59342.002296 1.180846 0.395912    -0.489861
59342.057114 1.235664 0.414883    -0.196820
59342.111932 1.290483 0.433855     0.086126
59342.166751 1.345301 0.452827     0.355633
59342.221569 1.400120 0.471798     0.609141
59342.276388 -1.434565 0.490770     0.844753
59342.331206 -1.379747 0.509741     1.061117
59342.386025 -1.324928 0.528713     1.257311
59342.440843 -1.270110 0.547684     1.432751
59342.495661 -1.215291 0.566656     1.587100
59342.550480 -1.160473 0.585628     1.720203
59342.605298 -1.105655 0.604599     1.832027
59342.660117 -1.050836 0.623571     1.922619
59342.714935 -0.996018 0.642542     1.992069
59342.769753 -0.941199 0.661514     2.040485
59342.824572 -0.886381 0.680485     2.067975
59342.879390 -0.831562 0.699457     2.074633
59342.934209 -0.776744 0.718429     2.060531
59342.989027 -0.721926 0.737400     2.025717
59343.043846 -0.667107 0.756372     1.970221
59343.098664 -0.612289 0.775343     1.894055
59343.153482 -0.557470 0.794315     1.797233
59343.208301 -0.502652 0.813286     1.679783
59343.263119 -0.447833 0.832258     1.541775
59343.317938 -0.393015 0.851230     1.383353
59343.372756 -0.338197 0.870201     1.204776
59343.427575 -0.283378 0.889173     1.006470
59343.482393 -0.228560 0.908144     0.789094
59343.537211 -0.173741 0.927116     0.553617
59343.592030 -0.118923 0.946088     0.301408
59343.646848 -0.064104 0.965059     0.034337
59343.701667 -0.009286 0.984031    -0.245108
59343.756485 0.045532 0.003002    -0.533716
59343.811304 0.100351 0.021974    -0.827443
59343.866122 0.155169 0.040945    -1.121343
59343.920940 0.209988 0.059917    -1.409545
59343.975759 0.264806 0.078889    -1.685305
59344.030577 0.319625 0.097860    -1.941172
59344.085396 0.374443 0.116832    -2.169276
59344.140214 0.429261 0.135803    -2.361757
59344.195033 0.484080 0.154775    -2.511300
59344.249851 0.538898 0.173746    -2.611733
59344.304669 0.593717 0.192718    -2.658609
59344.359488 0.648535 0.211690    -2.649663
59344.414306 0.703354 0.230661    -2.585070
59344.469125 0.758172 0.249633    -2.467436
59344.523943 0.812990 0.268604    -2.301545
59344.578762 0.867809 0.287576    -2.093882
59344.633580 0.922627 0.306547    -1.852044
59344.688398 0.977446 0.325519    -1.584136
59344.743217 1.032264 0.344491    -1.298214
59344.798035 1.087083 0.363462    -1.001862
59344.852854 1.141901 0.382434    -0.701895
59344.907672 1.196719 0.401405    -0.404199
59344.962491 1.251538 0.420377    -0.113688
59345.017309 1.306356 0.439348     0.165674
59345.072127 1.361175 0.458320     0.430780
59345.126946 1.415993 0.477292     0.679276
59345.181764 -1.418692 0.496263     0.909432
59345.236583 -1.363873 0.515235     1.120033
59345.291401 -1.309055 0.534206     1.310266
59345.346220 -1.254237 0.553178     1.479624
59345.401038 -1.199418 0.572149     1.627831
59345.455856 -1.144600 0.591121     1.754771
59345.510675 -1.089781 0.610093     1.860440
59345.565493 -1.034963 0.629064     1.944899
59345.620312 -0.980144 0.648036     2.008247
59345.675130 -0.925326 0.667007     2.050593
59345.729949 -0.870508 0.685979     2.072042
59345.784767 -0.815689 0.704950     2.072682
59345.839585 -0.760871 0.723922     2.052579
59345.894404 -0.706052 0.742894     2.011774
59345.949222 -0.651234 0.761865     1.950291
59346.004041 -0.596415 0.780837     1.868143
59346.058859 -0.541597 0.799808     1.765344
59346.113678 -0.486779 0.818780     1.641931
59346.168496 -0.431960 0.837752     1.497993
59346.223314 -0.377142 0.856723     1.333702
59346.278133 -0.322323 0.875695     1.149359
59346.332951 -0.267505 0.894666     0.945451
59346.387770 -0.212686 0.913638     0.722719
59346.442588 -0.157868 0.932609     0.482236
59346.497407 -0.103050 0.951581     0.225505
59346.552225 -0.048231 0.970553    -0.045434
59346.607043 0.006587 0.989524    -0.327898
59346.661862 0.061406 0.008496    -0.618442
59346.716680 0.116224 0.027467    -0.912770
59346.771499 0.171043 0.046439    -1.205665
59346.826317 0.225861 0.065410    -1.490993
59346.881136 0.280679 0.084382    -1.761784
59346.935954 0.335498 0.103354    -2.010430
59346.990772 0.390316 0.122325    -2.229015
59347.045591 0.445135 0.141297    -2.409776
59347.100409 0.499953 0.160268    -2.545667
59347.155228 0.554772 0.179240    -2.630960
59347.210046 0.609590 0.198211    -2.661800
59347.264865 0.664408 0.217183    -2.636613
59347.319683 0.719227 0.236155    -2.556289
59347.374501 0.774045 0.255126    -2.424105
59347.429320 0.828864 0.274098    -2.245390
59347.484138 0.883682 0.293069    -2.027016
59347.538957 0.938501 0.312041    -1.776788
59347.593775 0.993319 0.331012    -1.502849
59347.648594 1.048137 0.349984    -1.213157
59347.703412 1.102956 0.368956    -0.915096
59347.758230 1.157774 0.387927    -0.615224
59347.813049 1.212593 0.406899    -0.319147
59347.867867 1.267411 0.425870    -0.031496
59347.922686 1.322230 0.444842     0.244022
59347.977504 1.377048 0.463813     0.504531
59348.032323 1.431866 0.482785     0.747869
59348.087141 -1.402818 0.501757     0.972468
59348.141959 -1.348000 0.520728     1.177240
59348.196778 -1.293182 0.539700     1.361469
59348.251596 -1.238363 0.558671     1.524722
59348.306415 -1.183545 0.577643     1.666777
59348.361233 -1.128726 0.596615     1.787555
59348.416052 -1.073908 0.615586     1.887074
59348.470870 -1.019089 0.634558     1.965409
59348.525688 -0.964271 0.653529     2.022664
59348.580507 -0.909453 0.672501     2.058949
59348.635325 -0.854634 0.691472     2.074365
59348.690144 -0.799816 0.710444     2.068992
59348.744962 -0.744997 0.729416     2.042891
59348.799781 -0.690179 0.748387     1.996097
59348.854599 -0.635360 0.767359     1.928630
59348.909417 -0.580542 0.786330     1.840499
59348.964236 -0.525724 0.805302     1.731726
59349.019054 -0.470905 0.824273     1.602358
59349.073873 -0.416087 0.843245     1.452504
59349.128691 -0.361268 0.862217     1.282368
59349.183510 -0.306450 0.881188     1.092300
59349.238328 -0.251631 0.900160     0.882852
59349.293146 -0.196813 0.919131     0.654852
59349.347965 -0.141995 0.938103     0.409488
59349.402783 -0.087176 0.957074     0.148408
59349.457602 -0.032358 0.976046    -0.126177
59349.512420 0.022461 0.995018    -0.411371
59349.567239 0.077279 0.013989    -0.703492
59349.622057 0.132098 0.032961    -0.997982
59349.676875 0.186916 0.051932    -1.289357
59349.731694 0.241734 0.070904    -1.571226
59349.786512 0.296553 0.089875    -1.836408
59349.841331 0.351371 0.108847    -2.077167
59349.896149 0.406190 0.127819    -2.285577
59349.950967 0.461008 0.146790    -2.454023
59350.005786 0.515827 0.165762    -2.575779
59350.060604 0.570645 0.184733    -2.645606
59350.115423 0.625463 0.203705    -2.660277
59350.170241 0.680282 0.222676    -2.618924
59350.225060 0.735100 0.241648    -2.523147
59350.279878 0.789919 0.260620    -2.376862
59350.334696 0.844737 0.279591    -2.185904
59350.389515 0.899555 0.298563    -1.957477
59350.444333 0.954374 0.317534    -1.699545
59350.499152 1.009192 0.336506    -1.420245
59350.553970 1.064011 0.355477    -1.127403
59350.608789 1.118829 0.374449    -0.828184
59350.663607 1.173648 0.393421    -0.528878
59350.718425 1.228466 0.412392    -0.234806
59350.773244 1.283284 0.431364     0.049674
59350.828062 1.338103 0.450335     0.321108
59350.882881 1.392921 0.469307     0.576838
59350.937699 -1.441764 0.488279     0.814888
59350.992518 -1.386945 0.507250     1.033840
59351.047336 -1.332127 0.526222     1.232722
59351.102154 -1.277308 0.545193     1.410911
59351.156973 -1.222490 0.564165     1.568042
59351.211791 -1.167671 0.583136     1.703939
59351.266610 -1.112853 0.602108     1.818556
59351.321428 -1.058035 0.621080     1.911931
59351.376247 -1.003216 0.640051     1.984151
59351.431065 -0.948398 0.659023     2.035323
59351.485883 -0.893579 0.677994     2.065556
59351.540702 -0.838761 0.696966     2.074944
59351.595520 -0.783942 0.715937     2.063564
59351.650339 -0.729124 0.734909     2.031469
59351.705157 -0.674306 0.753881     1.978687
59351.759976 -0.619487 0.772852     1.905235
59351.814794 -0.564669 0.791824     1.811124
59351.869612 -0.509850 0.810795     1.696380
59351.924431 -0.455032 0.829767     1.561066
59351.979249 -0.400213 0.848738     1.405313
59352.034068 -0.345395 0.867710     1.229362
59352.088886 -0.290577 0.886682     1.033615
59352.143705 -0.235758 0.905653     0.818695
59352.198523 -0.180940 0.924625     0.585527
59352.253341 -0.126121 0.943596     0.335420
59352.308160 -0.071303 0.962568     0.070173
59352.362978 -0.016484 0.981539    -0.207814
59352.417797 0.038334 0.000511    -0.495430
59352.472615 0.093152 0.019483    -0.788747
59352.527434 0.147971 0.038454    -1.082940
59352.582252 0.202789 0.057426    -1.372257
59352.637070 0.257608 0.076397    -1.650063
59352.691889 0.312426 0.095369    -1.908986
59352.746707 0.367245 0.114340    -2.141189
59352.801526 0.422063 0.133312    -2.338783
59352.856344 0.476881 0.152284    -2.494346
59352.911163 0.531700 0.171255    -2.601524
59352.965981 0.586518 0.190227    -2.655613
59353.020799 0.641337 0.209198    -2.654041
59353.075618 0.696155 0.228170    -2.596656
59353.130436 0.750974 0.247141    -2.485758
59353.185255 0.805792 0.266113    -2.325865
59353.240073 0.860610 0.285085    -2.123271
59353.294892 0.915429 0.304056    -1.885464
59353.349710 0.970247 0.323028    -1.620513
59353.404528 1.025066 0.341999    -1.336510
59353.459347 1.079884 0.360971    -1.041121
59353.514165 1.134703 0.379943    -0.741271
59353.568984 1.189521 0.398914    -0.442977
59353.623802 1.244339 0.417886    -0.151276
59353.678621 1.299158 0.436857     0.129745
59353.733439 1.353976 0.455829     0.396872
59353.788257 1.408795 0.474800     0.647659
59353.843076 -1.425890 0.493772     0.880303
59353.897894 -1.371072 0.512744     1.093526
59353.952713 -1.316253 0.531715     1.286468
59354.007531 -1.261435 0.550687     1.458587
59354.062350 -1.206616 0.569658     1.609581
59354.117168 -1.151798 0.588630     1.739316
59354.171986 -1.096980 0.607601     1.847775
59354.226805 -1.042161 0.626573     1.935015
59354.281623 -0.987343 0.645545     2.001129
59354.336442 -0.932524 0.664516     2.046227
59354.391260 -0.877706 0.683488     2.070414
59354.446079 -0.822887 0.702459     2.073782
59354.500897 -0.768069 0.721431     2.056400
59354.555715 -0.713251 0.740402     2.018312
59354.610534 -0.658432 0.759374     1.959544
59354.665352 -0.603614 0.778346     1.880108
59354.720171 -0.548795 0.797317     1.780019
59354.774989 -0.493977 0.816289     1.659310
59354.829808 -0.439158 0.835260     1.518060
59354.884626 -0.384340 0.854232     1.356427
59354.939444 -0.329522 0.873203     1.174694
59354.994263 -0.274703 0.892175     0.973320
59355.049081 -0.219885 0.911147     0.753006
59355.103900 -0.165066 0.930118     0.514778
59355.158718 -0.110248 0.949090     0.260078
59355.213537 -0.055429 0.968061    -0.009134
59355.268355 -0.000611 0.987033    -0.290264
59355.323173 0.054207 0.006004    -0.579973
59355.377992 0.109026 0.024976    -0.874081
59355.432810 0.163844 0.043948    -1.167494
59355.487629 0.218663 0.062919    -1.454197
59355.542447 0.273481 0.081891    -1.727320
59355.597266 0.328299 0.100862    -1.979323
59355.652084 0.383118 0.119834    -2.202307
59355.706902 0.437936 0.138805    -2.388458
59355.761721 0.492755 0.157777    -2.530602
59355.816539 0.547573 0.176749    -2.622804
59355.871358 0.602392 0.195720    -2.660936
59355.926176 0.657210 0.214692    -2.643109
59355.980995 0.712028 0.233663    -2.569888
59356.035813 0.766847 0.252635    -2.444249
59356.090631 0.821665 0.271607    -2.271279
59356.145450 0.876484 0.290578    -2.057682
59356.200268 0.931302 0.309550    -1.811174
59356.255087 0.986121 0.328521    -1.539886
59356.309905 1.040939 0.347493    -1.251826
59356.364724 1.095757 0.366464    -0.954470
59356.419542 1.150576 0.385436    -0.654495
59356.474360 1.205394 0.404408    -0.357635
59356.529179 1.260213 0.423379    -0.068647
59356.583997 1.315031 0.442351     0.208645
59356.638816 1.369850 0.461322     0.471262
59356.693634 1.424668 0.480294     0.716956
59356.748452 -1.410017 0.499265     0.944087
59356.803271 -1.355198 0.518237     1.151510
59356.858089 -1.300380 0.537209     1.338466
59356.912908 -1.245562 0.556180     1.504491
59356.967726 -1.190743 0.575152     1.649336
59357.022545 -1.135925 0.594123     1.772909
59357.077363 -1.081106 0.613095     1.875216
59357.132181 -1.026288 0.632066     1.956327
59357.187000 -0.971469 0.651038     2.016344
59357.241818 -0.916651 0.670010     2.055377
59357.296637 -0.861833 0.688981     2.073528
59357.351455 -0.807014 0.707953     2.070881
59357.406274 -0.752196 0.726924     2.047499
59357.461092 -0.697377 0.745896     2.003421
59357.515910 -0.642559 0.764867     1.938668
59357.570729 -0.587740 0.783839     1.853250
59357.625547 -0.532922 0.802811     1.747185
59357.680366 -0.478104 0.821782     1.620517
59357.735184 -0.423285 0.840754     1.473344
59357.790003 -0.368467 0.859725     1.305855
59357.844821 -0.313648 0.878697     1.118378
59357.899639 -0.258830 0.897668     0.911435
59357.954458 -0.204011 0.916640     0.685812
59358.009276 -0.149193 0.935612     0.442645
59358.064095 -0.094375 0.954583     0.183515
59358.118913 -0.039556 0.973555    -0.089445
59358.173732 0.015262 0.992526    -0.373438
59358.228550 0.070081 0.011498    -0.664891
59358.283368 0.124899 0.030470    -0.959362
59358.338187 0.179718 0.049441    -1.251492
59358.393005 0.234536 0.068413    -1.535003
59358.447824 0.289354 0.087384    -1.802809
59358.502642 0.344173 0.106356    -2.047227
59358.557461 0.398991 0.125327    -2.260332
59358.612279 0.453810 0.144299    -2.434435
59358.667097 0.508628 0.163271    -2.562658
59358.721916 0.563447 0.182242    -2.639536
59358.776734 0.618265 0.201214    -2.661552
59358.831553 0.673083 0.220185    -2.627517
59358.886371 0.727902 0.239157    -2.538710
59358.941190 0.782720 0.258128    -2.398761
59358.996008 0.837539 0.277100    -2.213281
59359.050826 0.892357 0.296072    -1.989331
59359.105645 0.947176 0.315043    -1.734808
59359.160463 1.001994 0.334015    -1.457856
59359.215282 1.056812 0.352986    -1.166367
59359.270100 1.111631 0.371958    -0.867606
59359.324919 1.166449 0.390929    -0.567987
59359.379737 1.221268 0.409901    -0.272959
59359.434555 1.276086 0.428873     0.012996
59359.489374 1.330905 0.447844     0.286311
59359.544192 1.385723 0.466816     0.544229
59359.599011 1.440541 0.485787     0.784693
59359.653829 -1.394143 0.504759     1.006216
59359.708648 -1.339325 0.523730     1.207776
59359.763466 -1.284507 0.542702     1.388708
59359.818284 -1.229688 0.561674     1.548618
59359.873103 -1.174870 0.580645     1.687308
59359.927921 -1.120051 0.599617     1.804718
59359.982740 -1.065233 0.618588     1.900878
59360.037558 -1.010414 0.637560     1.975871
59360.092377 -0.955596 0.656531     2.029800
59360.147195 -0.900778 0.675503     2.062776
59360.202013 -0.845959 0.694475     2.074897
59360.256832 -0.791141 0.713446     2.066241
59360.311650 -0.736322 0.732418     2.036863
59360.366469 -0.681504 0.751389     1.986797
59360.421287 -0.626686 0.770361     1.916059
59360.476106 -0.571867 0.789332     1.824660
59360.530924 -0.517049 0.808304     1.712623
59360.585742 -0.462230 0.827276     1.580004
59360.640561 -0.407412 0.846247     1.426924
59360.695379 -0.352593 0.865219     1.253606
59360.750198 -0.297775 0.884190     1.060428
59360.805016 -0.242957 0.903162     0.847981
59360.859835 -0.188138 0.922134     0.617144
59360.914653 -0.133320 0.941105     0.369170
59360.969471 -0.078501 0.960077     0.105788
59361.024290 -0.023683 0.979048    -0.170687
59361.079108 0.031136 0.998020    -0.457244
59361.133927 0.085954 0.016991    -0.750067
59361.188745 0.140772 0.035963    -1.044454
59361.243564 0.195591 0.054935    -1.334772
59361.298382 0.250409 0.073906    -1.614496
59361.353200 0.305228 0.092878    -1.876339
59361.408019 0.360046 0.111849    -2.112504
59361.462837 0.414865 0.130821    -2.315082
59361.517656 0.469683 0.149792    -2.476556
59361.572474 0.524501 0.168764    -2.590397
59361.627293 0.579320 0.187736    -2.651653
59361.682111 0.634138 0.206707    -2.657452
59361.736929 0.688957 0.225679    -2.607317
59361.791748 0.743775 0.244650    -2.503232
59361.846566 0.798594 0.263622    -2.349446
59361.901385 0.853412 0.282593    -2.152052
59361.956203 0.908230 0.301565    -1.918415
59362.011022 0.963049 0.320537    -1.656562
59362.065840 1.017867 0.339508    -1.374612
59362.120658 1.072686 0.358480    -1.080304
59362.175477 1.127504 0.377451    -0.780676
59362.230295 1.182323 0.396423    -0.481869
59362.285114 1.237141 0.415394    -0.189050
59362.339932 1.291959 0.434366     0.093574
59362.394751 1.346778 0.453338     0.362681
59362.449569 1.401596 0.472309     0.615729
59362.504387 -1.433089 0.491281     0.850839
59362.559206 -1.378270 0.510252     1.066669
59362.614024 -1.323452 0.529224     1.262311
59362.668843 -1.268633 0.548195     1.437186
59362.723661 -1.213815 0.567167     1.590964
59362.778480 -1.158996 0.586139     1.723494
59362.833298 -1.104178 0.605110     1.834745
59362.888116 -1.049360 0.624082     1.924766
59362.942935 -0.994541 0.643053     1.993648
59362.997753 -0.939723 0.662025     2.041499
59363.052572 -0.884904 0.680996     2.068427
59363.107390 -0.830086 0.699968     2.074525
59363.162209 -0.775267 0.718940     2.059864
59363.217027 -0.720449 0.737911     2.024493
59363.271845 -0.665631 0.756883     1.968440
59363.326664 -0.610812 0.775854     1.891718
59363.381482 -0.555994 0.794826     1.794340
59363.436301 -0.501175 0.813798     1.676335
59363.491119 -0.446357 0.832769     1.537775
59363.545938 -0.391538 0.851741     1.378806
59363.600756 -0.336720 0.870712     1.199690
59363.655574 -0.281902 0.889684     1.000861
59363.710393 -0.227083 0.908655     0.782984
59363.765211 -0.172265 0.927627     0.547036
59363.820030 -0.117446 0.946599     0.294399
59363.874848 -0.062628 0.965570     0.026960
59363.929666 -0.007809 0.984542    -0.252778
59363.984485 0.047009 0.003513    -0.541581
59364.039303 0.101827 0.022485    -0.835381
59364.094122 0.156646 0.041456    -1.129209
59364.148940 0.211464 0.060428    -1.417168
59364.203759 0.266283 0.079400    -1.692493
59364.258577 0.321101 0.098371    -1.947716
59364.313395 0.375920 0.117343    -2.174962
59364.368214 0.430738 0.136314    -2.366379
59364.423032 0.485556 0.155286    -2.514673
59364.477851 0.540375 0.174257    -2.613713
59364.532669 0.595193 0.193229    -2.659104
59364.587488 0.650012 0.212201    -2.648646
59364.642306 0.704830 0.231172    -2.582579
59364.697124 0.759649 0.250144    -2.463574
59364.751943 0.814467 0.269115    -2.296467
59364.806761 0.869285 0.288087    -2.087779
59364.861580 0.924104 0.307058    -1.845133
59364.916398 0.978922 0.326030    -1.576635
59364.971217 1.033741 0.345002    -1.290336
59365.026035 1.088559 0.363973    -0.993801
59365.080853 1.143378 0.382945    -0.693822
59365.135672 1.198196 0.401916    -0.396260
59365.190490 1.253014 0.420888    -0.106001
59365.245309 1.307833 0.439859     0.173014
59365.300127 1.362651 0.458831     0.437701
59365.354946 1.417470 0.477803     0.685722
59365.409764 -1.417215 0.496774     0.915365
59365.464582 -1.362397 0.515746     1.125427
59365.519401 -1.307578 0.534717     1.315103
59365.574219 -1.252760 0.553689     1.483894
59365.629038 -1.197942 0.572660     1.631529
59365.683856 -1.143123 0.591632     1.757896
59365.738675 -1.088305 0.610604     1.862992
59365.793493 -1.033486 0.629575     1.946882
59365.848311 -0.978668 0.648547     2.009662
59365.903130 -0.923849 0.667518     2.051444
59365.957948 -0.869031 0.686490     2.072332
59366.012767 -0.814213 0.705462     2.072412
59366.067585 -0.759394 0.724433     2.051751
59366.122404 -0.704576 0.743405     2.010389
59366.177222 -0.649757 0.762376     1.948349
59366.232040 -0.594939 0.781348     1.865645
59366.286859 -0.540120 0.800319     1.762289
59366.341677 -0.485302 0.819291     1.638323
59366.396496 -0.430484 0.838263     1.493834
59366.451314 -0.375665 0.857234     1.328998
59366.506133 -0.320847 0.876206     1.144120
59366.560951 -0.266028 0.895177     0.939695
59366.615769 -0.211210 0.914149     0.716468
59366.670588 -0.156391 0.933120     0.475526
59366.725406 -0.101573 0.952092     0.218383
59366.780225 -0.046755 0.971064    -0.052905
59366.835043 0.008064 0.990035    -0.335636
59366.889862 0.062882 0.009007    -0.626342
59366.944680 0.117701 0.027978    -0.920703
59366.999498 0.172519 0.046950    -1.213479
59367.054317 0.227338 0.065921    -1.498510
59367.109135 0.282156 0.084893    -1.768807
59367.163954 0.336974 0.103865    -2.016747
59367.218772 0.391793 0.122836    -2.234413
59367.273591 0.446611 0.141808    -2.414053
59367.328409 0.501430 0.160779    -2.548649
59367.383227 0.556248 0.179751    -2.632517
59367.438046 0.611067 0.198722    -2.661857
59367.492864 0.665885 0.217694    -2.635162
59367.547683 0.720703 0.236666    -2.553389
59367.602501 0.775522 0.255637    -2.419873
59367.657320 0.830340 0.274609    -2.239994
59367.712138 0.885159 0.293580    -2.020657
59367.766956 0.939977 0.312552    -1.769684
59367.821775 0.994796 0.331523    -1.495217
59367.876593 1.049614 0.350495    -1.205206
59367.931412 1.104432 0.369467    -0.907015
59367.986230 1.159251 0.388438    -0.607176
59368.041049 1.214069 0.407410    -0.311269
59368.095867 1.268888 0.426381    -0.023901
59368.150685 1.323706 0.445353     0.251247
59368.205504 1.378525 0.464324     0.511319
59368.260322 1.433343 0.483296     0.754170
59368.315141 -1.401342 0.502268     0.978248
59368.369959 -1.346523 0.521239     1.182474
59368.424778 -1.291705 0.540211     1.366142
59368.479596 -1.236887 0.559182     1.528827
59368.534414 -1.182068 0.578154     1.670309
59368.589233 -1.127250 0.597126     1.790514
59368.644051 -1.072431 0.616097     1.889461
59368.698870 -1.017613 0.635069     1.967227
59368.753688 -0.962794 0.654040     2.023916
59368.808507 -0.907976 0.673012     2.059638
59368.863325 -0.853158 0.691983     2.074492
59368.918143 -0.798339 0.710955     2.068561
59368.972962 -0.743521 0.729927     2.041902
59369.027780 -0.688702 0.748898     1.994551
59369.082599 -0.633884 0.767870     1.926526
59369.137417 -0.579065 0.786841     1.837840
59369.192236 -0.524247 0.805813     1.728511
59369.247054 -0.469429 0.824784     1.598589
59369.301872 -0.414610 0.843756     1.448186
59369.356691 -0.359792 0.862728     1.277508
59369.411509 -0.304973 0.881699     1.086909
59369.466328 -0.250155 0.900671     0.876950
59369.521146 -0.195336 0.919642     0.648464
59369.575965 -0.140518 0.938614     0.402653
59369.630783 -0.085700 0.957585     0.141177
59369.685601 -0.030881 0.976557    -0.133734
59369.740420 0.023937 0.995529    -0.419167
59369.795238 0.078756 0.014500    -0.711416
59369.850057 0.133574 0.033472    -1.005898
59369.904875 0.188393 0.052443    -1.297104
59369.959694 0.243211 0.071415    -1.578621
59370.014512 0.298029 0.090386    -1.843249
59370.069330 0.352848 0.109358    -2.083240
59370.124149 0.407666 0.128330    -2.290671
59370.178967 0.462485 0.147301    -2.457942
59370.233786 0.517303 0.166273    -2.578360
59370.288604 0.572122 0.185244    -2.646734
59370.343423 0.626940 0.204216    -2.659896
59370.398241 0.681758 0.223187    -2.617044
59370.453059 0.736577 0.242159    -2.519846
59370.507878 0.791395 0.261131    -2.372274
59370.562696 0.846214 0.280102    -2.180207
59370.617515 0.901032 0.299074    -1.950879
59370.672333 0.955851 0.318045    -1.692266
59370.727151 1.010669 0.337017    -1.412501
59370.781970 1.065487 0.355989    -1.119397
59370.836788 1.120306 0.374960    -0.820097
59370.891607 1.175124 0.393932    -0.520866
59370.946425 1.229943 0.412903    -0.227000
59371.001244 1.284761 0.431875     0.057170
59371.056062 1.339580 0.450846     0.328212
59371.110880 1.394398 0.469818     0.583490
59371.165699 -1.440287 0.488790     0.821041
59371.220517 -1.385469 0.507761     1.039463
59371.275336 -1.330650 0.526733     1.237795
59371.330154 -1.275832 0.545704     1.415421
59371.384973 -1.221013 0.564676     1.571981
59371.439791 -1.166195 0.583647     1.707305
59371.494609 -1.111376 0.602619     1.821349
59371.549428 -1.056558 0.621591     1.914153
59371.604246 -1.001740 0.640562     1.985805
59371.659065 -0.946921 0.659534     2.036412
59371.713883 -0.892103 0.678505     2.066081
59371.768702 -0.837284 0.697477     2.074910
59371.823520 -0.782466 0.716448     2.062971
59371.878338 -0.727647 0.735420     2.030318
59371.933157 -0.672829 0.754392     1.976979
59371.987975 -0.618011 0.773363     1.902971
59372.042794 -0.563192 0.792335     1.808304
59372.097612 -0.508374 0.811306     1.693005
59372.152431 -0.453555 0.830278     1.557138
59372.207249 -0.398737 0.849249     1.400837
59372.262067 -0.343918 0.868221     1.224346
59372.316886 -0.289100 0.887193     1.028073
59372.371704 -0.234282 0.906164     0.812649
59372.426523 -0.179463 0.925136     0.579005
59372.481341 -0.124645 0.944107     0.328464
59372.536160 -0.069826 0.963079     0.062840
59372.590978 -0.015008 0.982050    -0.215451
59372.645796 0.039811 0.001022    -0.503276
59372.700615 0.094629 0.019994    -0.796683
59372.755433 0.149447 0.038965    -1.090825
59372.810252 0.204266 0.057937    -1.379923
59372.865070 0.259084 0.076908    -1.657319
59372.919889 0.313903 0.095880    -1.915626
59372.974707 0.368721 0.114851    -2.147000
59373.029525 0.423540 0.133823    -2.343555
59373.084344 0.478358 0.152795    -2.497892
59373.139162 0.533176 0.171766    -2.603693
59373.193981 0.587995 0.190738    -2.656306
59373.248799 0.642813 0.209709    -2.653222
59373.303618 0.697632 0.228681    -2.594355
59373.358436 0.752450 0.247653    -2.482068
59373.413254 0.807269 0.266624    -2.320936
59373.468073 0.862087 0.285596    -2.117291
59373.522891 0.916905 0.304567    -1.878646
59373.577710 0.971724 0.323539    -1.613077
59373.632528 1.026542 0.342510    -1.328670
59373.687347 1.081361 0.361482    -1.033073
59373.742165 1.136179 0.380454    -0.733191
59373.796983 1.190998 0.399425    -0.435013
59373.851802 1.245816 0.418397    -0.143550
59373.906620 1.300634 0.437368     0.137135
59373.961439 1.355453 0.456340     0.403851
59374.016257 1.410271 0.475311     0.654170
59374.071076 -1.424414 0.494283     0.886306
59374.125894 -1.369595 0.513255     1.098992
