# time Tc_folded Tref_folded model model_err 
59330.571122 0.000000 0.000000     1.794796     0.469263 
59330.605774 0.000000 0.000000     1.767977     0.465320 
59330.640426 0.000000 0.000000     1.740995     0.461516 
59330.675078 0.000000 0.000000     1.713855     0.457853 
59330.709730 0.000000 0.000000     1.686565     0.454333 
59330.744382 0.000000 0.000000     1.659134     0.450958 
59330.779034 0.000000 0.000000     1.631569     0.447729 
59330.813686 0.000000 0.000000     1.603878     0.444647 
59330.848338 0.000000 0.000000     1.576068     0.441712 
59330.882990 0.000000 0.000000     1.548148     0.438924 
59330.917642 0.000000 0.000000     1.520125     0.436283 
59330.952294 0.000000 0.000000     1.492007     0.433787 
59330.986946 0.000000 0.000000     1.463803     0.431436 
59331.021598 0.000000 0.000000     1.435521     0.429227 
59331.056250 0.000000 0.000000     1.407168     0.427158 
59331.090902 0.000000 0.000000     1.378753     0.425227 
59331.125554 0.000000 0.000000     1.350284     0.423429 
59331.160206 0.000000 0.000000     1.321769     0.421762 
59331.194858 0.000000 0.000000     1.293216     0.420221 
59331.229510 0.000000 0.000000     1.264633     0.418801 
59331.264162 0.000000 0.000000     1.236029     0.417499 
59331.298814 0.000000 0.000000     1.207412     0.416310 
59331.333466 0.000000 0.000000     1.178790     0.415227 
59331.368118 0.000000 0.000000     1.150171     0.414247 
59331.402770 0.000000 0.000000     1.121564     0.413362 
59331.437422 0.000000 0.000000     1.092976     0.412569 
59331.472074 0.000000 0.000000     1.064417     0.411861 
59331.506726 0.000000 0.000000     1.035893     0.411232 
59331.541378 0.000000 0.000000     1.007414     0.410678 
59331.576030 0.000000 0.000000     0.978987     0.410191 
59331.610682 0.000000 0.000000     0.950621     0.409767 
59331.645334 0.000000 0.000000     0.922323     0.409401 
59331.679986 0.000000 0.000000     0.894102     0.409086 
59331.714638 0.000000 0.000000     0.865966     0.408818 
59331.749290 0.000000 0.000000     0.837923     0.408592 
59331.783942 0.000000 0.000000     0.809980     0.408402 
59331.818594 0.000000 0.000000     0.782146     0.408245 
59331.853246 0.000000 0.000000     0.754428     0.408115 
59331.887898 0.000000 0.000000     0.726835     0.408008 
59331.922550 0.000000 0.000000     0.699374     0.407920 
59331.957202 0.000000 0.000000     0.672052     0.407848 
59331.991854 0.000000 0.000000     0.644878     0.407787 
59332.026506 0.000000 0.000000     0.617859     0.407734 
59332.061158 0.000000 0.000000     0.591002     0.407686 
59332.095810 0.000000 0.000000     0.564316     0.407639 
59332.130462 0.000000 0.000000     0.537806     0.407592 
59332.165114 0.000000 0.000000     0.511481     0.407540 
59332.199766 0.000000 0.000000     0.485348     0.407482 
59332.234418 0.000000 0.000000     0.459414     0.407415 
59332.269070 0.000000 0.000000     0.433686     0.407337 
59332.303722 0.000000 0.000000     0.408170     0.407246 
59332.338374 0.000000 0.000000     0.382874     0.407140 
59332.373026 0.000000 0.000000     0.357805     0.407018 
59332.407678 0.000000 0.000000     0.332969     0.406877 
59332.442330 0.000000 0.000000     0.308373     0.406718 
59332.476982 0.000000 0.000000     0.284023     0.406538 
59332.511634 0.000000 0.000000     0.259926     0.406336 
59332.546286 0.000000 0.000000     0.236087     0.406111 
59332.580938 0.000000 0.000000     0.212514     0.405863 
59332.615590 0.000000 0.000000     0.189211     0.405591 
59332.650242 0.000000 0.000000     0.166186     0.405293 
59332.684894 0.000000 0.000000     0.143443     0.404970 
59332.719546 0.000000 0.000000     0.120988     0.404621 
59332.754198 0.000000 0.000000     0.098828     0.404246 
59332.788850 0.000000 0.000000     0.076967     0.403844 
59332.823502 0.000000 0.000000     0.055410     0.403415 
59332.858154 0.000000 0.000000     0.034164     0.402959 
59332.892806 0.000000 0.000000     0.013232     0.402476 
59332.927458 0.000000 0.000000    -0.007379     0.401966 
59332.962110 0.000000 0.000000    -0.027666     0.401429 
59332.996762 0.000000 0.000000    -0.047624     0.400866 
59333.031414 0.000000 0.000000    -0.067248     0.400276 
59333.066066 0.000000 0.000000    -0.086534     0.399659 
59333.100718 0.000000 0.000000    -0.105477     0.399016 
59333.135370 0.000000 0.000000    -0.124074     0.398348 
59333.170022 0.000000 0.000000    -0.142320     0.397655 
59333.204674 0.000000 0.000000    -0.160213     0.396937 
59333.239326 0.000000 0.000000    -0.177747     0.396194 
59333.273978 0.000000 0.000000    -0.194920     0.395428 
59333.308630 0.000000 0.000000    -0.211728     0.394639 
59333.343282 0.000000 0.000000    -0.228168     0.393827 
59333.377934 0.000000 0.000000    -0.244238     0.392994 
59333.412586 0.000000 0.000000    -0.259933     0.392139 
59333.447238 0.000000 0.000000    -0.275252     0.391264 
59333.481890 0.000000 0.000000    -0.290192     0.390369 
59333.516542 0.000000 0.000000    -0.304750     0.389455 
59333.551194 0.000000 0.000000    -0.318924     0.388523 
59333.585846 0.000000 0.000000    -0.332712     0.387574 
59333.620498 0.000000 0.000000    -0.346112     0.386609 
59333.655150 0.000000 0.000000    -0.359122     0.385628 
59333.689802 0.000000 0.000000    -0.371741     0.384633 
59333.724454 0.000000 0.000000    -0.383967     0.383624 
59333.759106 0.000000 0.000000    -0.395798     0.382602 
59333.793758 0.000000 0.000000    -0.407234     0.381568 
59333.828410 0.000000 0.000000    -0.418274     0.380524 
59333.863062 0.000000 0.000000    -0.428917     0.379470 
59333.897714 0.000000 0.000000    -0.439161     0.378408 
59333.932366 0.000000 0.000000    -0.449007     0.377338 
59333.967018 0.000000 0.000000    -0.458454     0.376261 
59334.001670 0.000000 0.000000    -0.467503     0.375178 
59334.036322 0.000000 0.000000    -0.476151     0.374092 
59334.070974 0.000000 0.000000    -0.484401     0.373001 
59334.105626 0.000000 0.000000    -0.492252     0.371909 
59334.140278 0.000000 0.000000    -0.499705     0.370815 
59334.174930 0.000000 0.000000    -0.506760     0.369721 
59334.209582 0.000000 0.000000    -0.513418     0.368628 
59334.244234 0.000000 0.000000    -0.519680     0.367538 
59334.278886 0.000000 0.000000    -0.525547     0.366450 
59334.313538 0.000000 0.000000    -0.531020     0.365367 
59334.348190 0.000000 0.000000    -0.536101     0.364289 
59334.382842 0.000000 0.000000    -0.540790     0.363217 
59334.417494 0.000000 0.000000    -0.545090     0.362153 
59334.452146 0.000000 0.000000    -0.549003     0.361098 
59334.486798 0.000000 0.000000    -0.552529     0.360052 
59334.521450 0.000000 0.000000    -0.555673     0.359017 
59334.556102 0.000000 0.000000    -0.558435     0.357994 
59334.590754 0.000000 0.000000    -0.560818     0.356983 
59334.625406 0.000000 0.000000    -0.562826     0.355987 
59334.660058 0.000000 0.000000    -0.564459     0.355004 
59334.694710 0.000000 0.000000    -0.565722     0.354038 
59334.729362 0.000000 0.000000    -0.566617     0.353088 
59334.764014 0.000000 0.000000    -0.567147     0.352155 
59334.798666 0.000000 0.000000    -0.567316     0.351241 
59334.833318 0.000000 0.000000    -0.567126     0.350346 
59334.867970 0.000000 0.000000    -0.566582     0.349470 
59334.902622 0.000000 0.000000    -0.565688     0.348616 
59334.937274 0.000000 0.000000    -0.564446     0.347782 
59334.971926 0.000000 0.000000    -0.562860     0.346971 
59335.006578 0.000000 0.000000    -0.560936     0.346183 
59335.041230 0.000000 0.000000    -0.558676     0.345417 
59335.075882 0.000000 0.000000    -0.556085     0.344676 
59335.110534 0.000000 0.000000    -0.553168     0.343959 
59335.145186 0.000000 0.000000    -0.549929     0.343266 
59335.179838 0.000000 0.000000    -0.546373     0.342599 
59335.214490 0.000000 0.000000    -0.542503     0.341958 
59335.249142 0.000000 0.000000    -0.538326     0.341342 
59335.283794 0.000000 0.000000    -0.533846     0.340752 
59335.318446 0.000000 0.000000    -0.529069     0.340189 
59335.353098 0.000000 0.000000    -0.523998     0.339652 
59335.387750 0.000000 0.000000    -0.518640     0.339142 
59335.422402 0.000000 0.000000    -0.513000     0.338659 
59335.457054 0.000000 0.000000    -0.507083     0.338202 
59335.491706 0.000000 0.000000    -0.500895     0.337772 
59335.526358 0.000000 0.000000    -0.494441     0.337369 
59335.561010 0.000000 0.000000    -0.487727     0.336992 
59335.595662 0.000000 0.000000    -0.480760     0.336641 
59335.630314 0.000000 0.000000    -0.473543     0.336316 
59335.664966 0.000000 0.000000    -0.466085     0.336018 
59335.699618 0.000000 0.000000    -0.458390     0.335744 
59335.734270 0.000000 0.000000    -0.450465     0.335496 
59335.768922 0.000000 0.000000    -0.442316     0.335273 
59335.803574 0.000000 0.000000    -0.433949     0.335074 
59335.838226 0.000000 0.000000    -0.425371     0.334899 
59335.872878 0.000000 0.000000    -0.416587     0.334748 
59335.907530 0.000000 0.000000    -0.407604     0.334619 
59335.942182 0.000000 0.000000    -0.398429     0.334513 
59335.976834 0.000000 0.000000    -0.389068     0.334429 
59336.011486 0.000000 0.000000    -0.379527     0.334366 
59336.046138 0.000000 0.000000    -0.369814     0.334323 
59336.080790 0.000000 0.000000    -0.359934     0.334301 
59336.115442 0.000000 0.000000    -0.349895     0.334298 
59336.150094 0.000000 0.000000    -0.339704     0.334313 
59336.184746 0.000000 0.000000    -0.329366     0.334347 
59336.219398 0.000000 0.000000    -0.318889     0.334398 
59336.254050 0.000000 0.000000    -0.308279     0.334466 
59336.288702 0.000000 0.000000    -0.297544     0.334549 
59336.323354 0.000000 0.000000    -0.286690     0.334648 
59336.358006 0.000000 0.000000    -0.275724     0.334762 
59336.392658 0.000000 0.000000    -0.264653     0.334889 
59336.427310 0.000000 0.000000    -0.253484     0.335029 
59336.461962 0.000000 0.000000    -0.242224     0.335182 
59336.496614 0.000000 0.000000    -0.230879     0.335346 
59336.531266 0.000000 0.000000    -0.219456     0.335521 
59336.565918 0.000000 0.000000    -0.207963     0.335707 
59336.600570 0.000000 0.000000    -0.196406     0.335902 
59336.635222 0.000000 0.000000    -0.184792     0.336106 
59336.669874 0.000000 0.000000    -0.173129     0.336318 
59336.704526 0.000000 0.000000    -0.161422     0.336538 
59336.739178 0.000000 0.000000    -0.149679     0.336765 
59336.773830 0.000000 0.000000    -0.137906     0.336998 
59336.808482 0.000000 0.000000    -0.126111     0.337236 
59336.843134 0.000000 0.000000    -0.114299     0.337480 
59336.877786 0.000000 0.000000    -0.102479     0.337728 
59336.912438 0.000000 0.000000    -0.090656     0.337980 
59336.947090 0.000000 0.000000    -0.078837     0.338234 
59336.981742 0.000000 0.000000    -0.067029     0.338492 
59337.016394 0.000000 0.000000    -0.055238     0.338751 
59337.051046 0.000000 0.000000    -0.043472     0.339013 
59337.085698 0.000000 0.000000    -0.031736     0.339275 
59337.120350 0.000000 0.000000    -0.020036     0.339537 
59337.155002 0.000000 0.000000    -0.008380     0.339800 
59337.189654 0.000000 0.000000     0.003226     0.340062 
59337.224306 0.000000 0.000000     0.014776     0.340323 
59337.258958 0.000000 0.000000     0.026264     0.340582 
59337.293610 0.000000 0.000000     0.037684     0.340840 
59337.328262 0.000000 0.000000     0.049029     0.341096 
59337.362914 0.000000 0.000000     0.060294     0.341349 
59337.397566 0.000000 0.000000     0.071472     0.341599 
59337.432218 0.000000 0.000000     0.082558     0.341845 
59337.466870 0.000000 0.000000     0.093546     0.342088 
59337.501522 0.000000 0.000000     0.104430     0.342326 
59337.536174 0.000000 0.000000     0.115204     0.342560 
59337.570826 0.000000 0.000000     0.125863     0.342790 
59337.605478 0.000000 0.000000     0.136402     0.343014 
59337.640130 0.000000 0.000000     0.146814     0.343233 
59337.674782 0.000000 0.000000     0.157095     0.343446 
59337.709434 0.000000 0.000000     0.167239     0.343654 
59337.744086 0.000000 0.000000     0.177242     0.343855 
59337.778738 0.000000 0.000000     0.187098     0.344051 
59337.813390 0.000000 0.000000     0.196802     0.344239 
59337.848042 0.000000 0.000000     0.206349     0.344421 
59337.882694 0.000000 0.000000     0.215735     0.344597 
59337.917346 0.000000 0.000000     0.224955     0.344765 
59337.951998 0.000000 0.000000     0.234005     0.344926 
59337.986650 0.000000 0.000000     0.242880     0.345080 
59338.021302 0.000000 0.000000     0.251575     0.345226 
59338.055954 0.000000 0.000000     0.260087     0.345365 
59338.090606 0.000000 0.000000     0.268412     0.345497 
59338.125258 0.000000 0.000000     0.276545     0.345621 
59338.159910 0.000000 0.000000     0.284482     0.345737 
59338.194562 0.000000 0.000000     0.292220     0.345846 
59338.229214 0.000000 0.000000     0.299756     0.345947 
59338.263866 0.000000 0.000000     0.307084     0.346041 
59338.298518 0.000000 0.000000     0.314204     0.346127 
59338.333170 0.000000 0.000000     0.321110     0.346205 
59338.367822 0.000000 0.000000     0.327799     0.346276 
59338.402474 0.000000 0.000000     0.334270     0.346339 
59338.437126 0.000000 0.000000     0.340518     0.346395 
59338.471778 0.000000 0.000000     0.346541     0.346444 
59338.506430 0.000000 0.000000     0.352337     0.346486 
59338.541082 0.000000 0.000000     0.357902     0.346520 
59338.575734 0.000000 0.000000     0.363235     0.346548 
59338.610386 0.000000 0.000000     0.368333     0.346570 
59338.645038 0.000000 0.000000     0.373193     0.346585 
59338.679690 0.000000 0.000000     0.377814     0.346594 
59338.714342 0.000000 0.000000     0.382195     0.346596 
59338.748994 0.000000 0.000000     0.386332     0.346593 
59338.783646 0.000000 0.000000     0.390225     0.346585 
59338.818298 0.000000 0.000000     0.393872     0.346572 
59338.852950 0.000000 0.000000     0.397271     0.346554 
59338.887602 0.000000 0.000000     0.400422     0.346531 
59338.922254 0.000000 0.000000     0.403322     0.346504 
59338.956906 0.000000 0.000000     0.405972     0.346473 
59338.991558 0.000000 0.000000     0.408371     0.346439 
59339.026210 0.000000 0.000000     0.410516     0.346402 
59339.060862 0.000000 0.000000     0.412409     0.346362 
59339.095514 0.000000 0.000000     0.414048     0.346320 
59339.130166 0.000000 0.000000     0.415433     0.346277 
59339.164818 0.000000 0.000000     0.416564     0.346232 
59339.199470 0.000000 0.000000     0.417440     0.346186 
59339.234122 0.000000 0.000000     0.418063     0.346140 
59339.268774 0.000000 0.000000     0.418431     0.346094 
59339.303426 0.000000 0.000000     0.418545     0.346049 
59339.338078 0.000000 0.000000     0.418406     0.346006 
59339.372730 0.000000 0.000000     0.418014     0.345964 
59339.407382 0.000000 0.000000     0.417370     0.345924 
59339.442034 0.000000 0.000000     0.416474     0.345888 
59339.476686 0.000000 0.000000     0.415328     0.345855 
59339.511338 0.000000 0.000000     0.413932     0.345826 
59339.545990 0.000000 0.000000     0.412288     0.345802 
59339.580642 0.000000 0.000000     0.410396     0.345783 
59339.615294 0.000000 0.000000     0.408259     0.345770 
59339.649946 0.000000 0.000000     0.405877     0.345764 
59339.684598 0.000000 0.000000     0.403253     0.345765 
59339.719250 0.000000 0.000000     0.400388     0.345774 
59339.753902 0.000000 0.000000     0.397283     0.345791 
59339.788554 0.000000 0.000000     0.393942     0.345818 
59339.823206 0.000000 0.000000     0.390365     0.345854 
59339.857858 0.000000 0.000000     0.386555     0.345900 
59339.892510 0.000000 0.000000     0.382515     0.345958 
59339.927162 0.000000 0.000000     0.378246     0.346027 
59339.961814 0.000000 0.000000     0.373751     0.346108 
59339.996466 0.000000 0.000000     0.369034     0.346201 
59340.031118 0.000000 0.000000     0.364095     0.346308 
59340.065770 0.000000 0.000000     0.358939     0.346429 
59340.100422 0.000000 0.000000     0.353568     0.346564 
59340.135074 0.000000 0.000000     0.347985     0.346714 
59340.169726 0.000000 0.000000     0.342193     0.346880 
59340.204378 0.000000 0.000000     0.336195     0.347061 
59340.239030 0.000000 0.000000     0.329995     0.347258 
59340.273682 0.000000 0.000000     0.323596     0.347473 
59340.308334 0.000000 0.000000     0.317001     0.347704 
59340.342986 0.000000 0.000000     0.310214     0.347953 
59340.377638 0.000000 0.000000     0.303238     0.348220 
59340.412290 0.000000 0.000000     0.296077     0.348505 
59340.446942 0.000000 0.000000     0.288735     0.348808 
59340.481594 0.000000 0.000000     0.281216     0.349130 
59340.516246 0.000000 0.000000     0.273523     0.349471 
59340.550898 0.000000 0.000000     0.265660     0.349831 
59340.585550 0.000000 0.000000     0.257632     0.350210 
59340.620202 0.000000 0.000000     0.249442     0.350608 
59340.654854 0.000000 0.000000     0.241095     0.351026 
59340.689506 0.000000 0.000000     0.232595     0.351463 
59340.724158 0.000000 0.000000     0.223946     0.351920 
59340.758810 0.000000 0.000000     0.215152     0.352396 
59340.793462 0.000000 0.000000     0.206218     0.352891 
59340.828114 0.000000 0.000000     0.197148     0.353405 
59340.862766 0.000000 0.000000     0.187947     0.353938 
59340.897418 0.000000 0.000000     0.178619     0.354489 
59340.932070 0.000000 0.000000     0.169168     0.355059 
59340.966722 0.000000 0.000000     0.159600     0.355648 
59341.001374 0.000000 0.000000     0.149919     0.356254 
59341.036026 0.000000 0.000000     0.140130     0.356877 
59341.070678 0.000000 0.000000     0.130237     0.357518 
59341.105330 0.000000 0.000000     0.120244     0.358175 
59341.139982 0.000000 0.000000     0.110158     0.358848 
59341.174634 0.000000 0.000000     0.099982     0.359538 
59341.209286 0.000000 0.000000     0.089721     0.360242 
59341.243938 0.000000 0.000000     0.079381     0.360961 
59341.278590 0.000000 0.000000     0.068965     0.361694 
59341.313242 0.000000 0.000000     0.058479     0.362441 
59341.347894 0.000000 0.000000     0.047928     0.363200 
59341.382546 0.000000 0.000000     0.037316     0.363972 
59341.417198 0.000000 0.000000     0.026649     0.364755 
59341.451850 0.000000 0.000000     0.015931     0.365549 
59341.486502 0.000000 0.000000     0.005166     0.366353 
59341.521154 0.000000 0.000000    -0.005639     0.367167 
59341.555806 0.000000 0.000000    -0.016480     0.367989 
59341.590458 0.000000 0.000000    -0.027353     0.368820 
59341.625110 0.000000 0.000000    -0.038252     0.369657 
59341.659762 0.000000 0.000000    -0.049173     0.370501 
59341.694414 0.000000 0.000000    -0.060110     0.371351 
59341.729066 0.000000 0.000000    -0.071060     0.372206 
59341.763718 0.000000 0.000000    -0.082017     0.373065 
59341.798370 0.000000 0.000000    -0.092976     0.373928 
59341.833022 0.000000 0.000000    -0.103934     0.374793 
59341.867674 0.000000 0.000000    -0.114884     0.375660 
59341.902326 0.000000 0.000000    -0.125823     0.376528 
59341.936978 0.000000 0.000000    -0.136746     0.377396 
59341.971630 0.000000 0.000000    -0.147648     0.378264 
59342.006282 0.000000 0.000000    -0.158524     0.379130 
59342.040934 0.000000 0.000000    -0.169371     0.379995 
59342.075586 0.000000 0.000000    -0.180183     0.380857 
59342.110238 0.000000 0.000000    -0.190956     0.381715 
59342.144890 0.000000 0.000000    -0.201687     0.382570 
59342.179542 0.000000 0.000000    -0.212369     0.383419 
59342.214194 0.000000 0.000000    -0.223000     0.384263 
59342.248846 0.000000 0.000000    -0.233575     0.385100 
59342.283498 0.000000 0.000000    -0.244089     0.385930 
59342.318150 0.000000 0.000000    -0.254539     0.386753 
59342.352802 0.000000 0.000000    -0.264920     0.387567 
59342.387454 0.000000 0.000000    -0.275229     0.388373 
59342.422106 0.000000 0.000000    -0.285462     0.389168 
59342.456758 0.000000 0.000000    -0.295614     0.389953 
59342.491410 0.000000 0.000000    -0.305682     0.390728 
59342.526062 0.000000 0.000000    -0.315662     0.391491 
59342.560714 0.000000 0.000000    -0.325551     0.392242 
59342.595366 0.000000 0.000000    -0.335344     0.392980 
59342.630018 0.000000 0.000000    -0.345039     0.393705 
59342.664670 0.000000 0.000000    -0.354632     0.394417 
59342.699322 0.000000 0.000000    -0.364119     0.395114 
59342.733974 0.000000 0.000000    -0.373497     0.395797 
59342.768626 0.000000 0.000000    -0.382763     0.396464 
59342.803278 0.000000 0.000000    -0.391914     0.397116 
59342.837930 0.000000 0.000000    -0.400946     0.397752 
59342.872582 0.000000 0.000000    -0.409857     0.398371 
59342.907234 0.000000 0.000000    -0.418644     0.398974 
59342.941886 0.000000 0.000000    -0.427305     0.399559 
59342.976538 0.000000 0.000000    -0.435835     0.400127 
59343.011190 0.000000 0.000000    -0.444233     0.400676 
59343.045842 0.000000 0.000000    -0.452496     0.401208 
59343.080494 0.000000 0.000000    -0.460622     0.401720 
59343.115146 0.000000 0.000000    -0.468609     0.402214 
59343.149798 0.000000 0.000000    -0.476453     0.402689 
59343.184450 0.000000 0.000000    -0.484153     0.403144 
59343.219102 0.000000 0.000000    -0.491707     0.403580 
59343.253754 0.000000 0.000000    -0.499113     0.403995 
59343.288406 0.000000 0.000000    -0.506369     0.404391 
59343.323058 0.000000 0.000000    -0.513472     0.404766 
59343.357710 0.000000 0.000000    -0.520423     0.405121 
59343.392362 0.000000 0.000000    -0.527218     0.405455 
59343.427014 0.000000 0.000000    -0.533856     0.405768 
59343.461666 0.000000 0.000000    -0.540336     0.406060 
59343.496318 0.000000 0.000000    -0.546657     0.406332 
59343.530970 0.000000 0.000000    -0.552817     0.406582 
59343.565622 0.000000 0.000000    -0.558815     0.406811 
59343.600274 0.000000 0.000000    -0.564651     0.407019 
59343.634926 0.000000 0.000000    -0.570322     0.407206 
59343.669578 0.000000 0.000000    -0.575830     0.407371 
59343.704230 0.000000 0.000000    -0.581172     0.407516 
59343.738882 0.000000 0.000000    -0.586348     0.407639 
59343.773534 0.000000 0.000000    -0.591357     0.407741 
59343.808186 0.000000 0.000000    -0.596200     0.407822 
59343.842838 0.000000 0.000000    -0.600875     0.407882 
59343.877490 0.000000 0.000000    -0.605383     0.407921 
59343.912142 0.000000 0.000000    -0.609723     0.407939 
59343.946794 0.000000 0.000000    -0.613896     0.407936 
59343.981446 0.000000 0.000000    -0.617901     0.407913 
59344.016098 0.000000 0.000000    -0.621738     0.407869 
59344.050750 0.000000 0.000000    -0.625408     0.407805 
59344.085402 0.000000 0.000000    -0.628911     0.407721 
59344.120054 0.000000 0.000000    -0.632248     0.407618 
59344.154706 0.000000 0.000000    -0.635419     0.407494 
59344.189358 0.000000 0.000000    -0.638424     0.407351 
59344.224010 0.000000 0.000000    -0.641264     0.407189 
59344.258662 0.000000 0.000000    -0.643940     0.407009 
59344.293314 0.000000 0.000000    -0.646453     0.406809 
59344.327966 0.000000 0.000000    -0.648804     0.406592 
59344.362618 0.000000 0.000000    -0.650994     0.406356 
59344.397270 0.000000 0.000000    -0.653023     0.406103 
59344.431922 0.000000 0.000000    -0.654894     0.405832 
59344.466574 0.000000 0.000000    -0.656607     0.405545 
59344.501226 0.000000 0.000000    -0.658164     0.405241 
59344.535878 0.000000 0.000000    -0.659566     0.404920 
59344.570530 0.000000 0.000000    -0.660814     0.404584 
59344.605182 0.000000 0.000000    -0.661911     0.404233 
59344.639834 0.000000 0.000000    -0.662858     0.403867 
59344.674486 0.000000 0.000000    -0.663657     0.403486 
59344.709138 0.000000 0.000000    -0.664309     0.403091 
59344.743790 0.000000 0.000000    -0.664816     0.402682 
59344.778442 0.000000 0.000000    -0.665181     0.402261 
59344.813094 0.000000 0.000000    -0.665404     0.401826 
59344.847746 0.000000 0.000000    -0.665490     0.401380 
59344.882398 0.000000 0.000000    -0.665438     0.400922 
59344.917050 0.000000 0.000000    -0.665252     0.400453 
59344.951702 0.000000 0.000000    -0.664935     0.399973 
59344.986354 0.000000 0.000000    -0.664487     0.399484 
59345.021006 0.000000 0.000000    -0.663912     0.398984 
59345.055658 0.000000 0.000000    -0.663211     0.398476 
59345.090310 0.000000 0.000000    -0.662388     0.397960 
59345.124962 0.000000 0.000000    -0.661445     0.397435 
59345.159614 0.000000 0.000000    -0.660385     0.396903 
59345.194266 0.000000 0.000000    -0.659209     0.396365 
59345.228918 0.000000 0.000000    -0.657921     0.395821 
59345.263570 0.000000 0.000000    -0.656523     0.395271 
59345.298222 0.000000 0.000000    -0.655019     0.394716 
59345.332874 0.000000 0.000000    -0.653410     0.394156 
59345.367526 0.000000 0.000000    -0.651700     0.393593 
59345.402178 0.000000 0.000000    -0.649891     0.393027 
59345.436830 0.000000 0.000000    -0.647986     0.392458 
59345.471482 0.000000 0.000000    -0.645988     0.391887 
59345.506134 0.000000 0.000000    -0.643900     0.391314 
59345.540786 0.000000 0.000000    -0.641725     0.390741 
59345.575438 0.000000 0.000000    -0.639465     0.390168 
59345.610090 0.000000 0.000000    -0.637125     0.389594 
59345.644742 0.000000 0.000000    -0.634706     0.389022 
59345.679394 0.000000 0.000000    -0.632211     0.388451 
59345.714046 0.000000 0.000000    -0.629644     0.387882 
59345.748698 0.000000 0.000000    -0.627008     0.387315 
59345.783350 0.000000 0.000000    -0.624305     0.386751 
59345.818002 0.000000 0.000000    -0.621538     0.386191 
59345.852654 0.000000 0.000000    -0.618711     0.385635 
59345.887306 0.000000 0.000000    -0.615827     0.385083 
59345.921958 0.000000 0.000000    -0.612888     0.384536 
59345.956610 0.000000 0.000000    -0.609897     0.383995 
59345.991262 0.000000 0.000000    -0.606858     0.383459 
59346.025914 0.000000 0.000000    -0.603773     0.382930 
59346.060566 0.000000 0.000000    -0.600645     0.382407 
59346.095218 0.000000 0.000000    -0.597478     0.381892 
59346.129870 0.000000 0.000000    -0.594274     0.381383 
59346.164522 0.000000 0.000000    -0.591036     0.380883 
59346.199174 0.000000 0.000000    -0.587766     0.380390 
59346.233826 0.000000 0.000000    -0.584468     0.379906 
59346.268478 0.000000 0.000000    -0.581145     0.379431 
59346.303130 0.000000 0.000000    -0.577799     0.378964 
59346.337782 0.000000 0.000000    -0.574434     0.378507 
59346.372434 0.000000 0.000000    -0.571051     0.378058 
59346.407086 0.000000 0.000000    -0.567653     0.377620 
59346.441738 0.000000 0.000000    -0.564243     0.377191 
59346.476390 0.000000 0.000000    -0.560825     0.376771 
59346.511042 0.000000 0.000000    -0.557399     0.376362 
59346.545694 0.000000 0.000000    -0.553969     0.375962 
59346.580346 0.000000 0.000000    -0.550538     0.375573 
59346.614998 0.000000 0.000000    -0.547107     0.375194 
59346.649650 0.000000 0.000000    -0.543679     0.374824 
59346.684302 0.000000 0.000000    -0.540256     0.374465 
59346.718954 0.000000 0.000000    -0.536841     0.374115 
59346.753606 0.000000 0.000000    -0.533437     0.373776 
59346.788258 0.000000 0.000000    -0.530044     0.373446 
59346.822910 0.000000 0.000000    -0.526665     0.373127 
59346.857562 0.000000 0.000000    -0.523302     0.372816 
59346.892214 0.000000 0.000000    -0.519958     0.372515 
59346.926866 0.000000 0.000000    -0.516634     0.372224 
59346.961518 0.000000 0.000000    -0.513331     0.371941 
59346.996170 0.000000 0.000000    -0.510053     0.371668 
59347.030822 0.000000 0.000000    -0.506800     0.371403 
59347.065474 0.000000 0.000000    -0.503574     0.371146 
59347.100126 0.000000 0.000000    -0.500376     0.370898 
59347.134778 0.000000 0.000000    -0.497210     0.370657 
59347.169430 0.000000 0.000000    -0.494074     0.370424 
59347.204082 0.000000 0.000000    -0.490972     0.370198 
59347.238734 0.000000 0.000000    -0.487904     0.369979 
59347.273386 0.000000 0.000000    -0.484872     0.369767 
59347.308038 0.000000 0.000000    -0.481877     0.369562 
59347.342690 0.000000 0.000000    -0.478920     0.369362 
59347.377342 0.000000 0.000000    -0.476001     0.369168 
59347.411994 0.000000 0.000000    -0.473122     0.368979 
59347.446646 0.000000 0.000000    -0.470284     0.368795 
59347.481298 0.000000 0.000000    -0.467487     0.368616 
59347.515950 0.000000 0.000000    -0.464732     0.368441 
59347.550602 0.000000 0.000000    -0.462020     0.368270 
59347.585254 0.000000 0.000000    -0.459351     0.368102 
59347.619906 0.000000 0.000000    -0.456726     0.367938 
59347.654558 0.000000 0.000000    -0.454145     0.367777 
59347.689210 0.000000 0.000000    -0.451608     0.367618 
59347.723862 0.000000 0.000000    -0.449116     0.367461 
59347.758514 0.000000 0.000000    -0.446668     0.367306 
59347.793166 0.000000 0.000000    -0.444265     0.367153 
59347.827818 0.000000 0.000000    -0.441907     0.367001 
59347.862470 0.000000 0.000000    -0.439593     0.366850 
59347.897122 0.000000 0.000000    -0.437323     0.366700 
59347.931774 0.000000 0.000000    -0.435097     0.366549 
59347.966426 0.000000 0.000000    -0.432915     0.366399 
59348.001078 0.000000 0.000000    -0.430776     0.366249 
59348.035730 0.000000 0.000000    -0.428679     0.366098 
59348.070382 0.000000 0.000000    -0.426625     0.365947 
59348.105034 0.000000 0.000000    -0.424612     0.365795 
59348.139686 0.000000 0.000000    -0.422639     0.365642 
59348.174338 0.000000 0.000000    -0.420706     0.365487 
59348.208990 0.000000 0.000000    -0.418811     0.365331 
59348.243642 0.000000 0.000000    -0.416955     0.365173 
59348.278294 0.000000 0.000000    -0.415135     0.365014 
59348.312946 0.000000 0.000000    -0.413350     0.364853 
59348.347598 0.000000 0.000000    -0.411600     0.364689 
59348.382250 0.000000 0.000000    -0.409883     0.364524 
59348.416902 0.000000 0.000000    -0.408197     0.364357 
59348.451554 0.000000 0.000000    -0.406541     0.364187 
59348.486206 0.000000 0.000000    -0.404914     0.364016 
59348.520858 0.000000 0.000000    -0.403313     0.363842 
59348.555510 0.000000 0.000000    -0.401738     0.363666 
59348.590162 0.000000 0.000000    -0.400187     0.363487 
59348.624814 0.000000 0.000000    -0.398657     0.363307 
59348.659466 0.000000 0.000000    -0.397147     0.363124 
59348.694118 0.000000 0.000000    -0.395656     0.362940 
59348.728770 0.000000 0.000000    -0.394180     0.362753 
59348.763422 0.000000 0.000000    -0.392718     0.362565 
59348.798074 0.000000 0.000000    -0.391268     0.362375 
59348.832726 0.000000 0.000000    -0.389828     0.362183 
59348.867378 0.000000 0.000000    -0.388396     0.361990 
59348.902030 0.000000 0.000000    -0.386968     0.361796 
59348.936682 0.000000 0.000000    -0.385544     0.361601 
59348.971334 0.000000 0.000000    -0.384120     0.361406 
59349.005986 0.000000 0.000000    -0.382694     0.361209 
59349.040638 0.000000 0.000000    -0.381265     0.361013 
59349.075290 0.000000 0.000000    -0.379828     0.360816 
59349.109942 0.000000 0.000000    -0.378382     0.360620 
59349.144594 0.000000 0.000000    -0.376925     0.360424 
59349.179246 0.000000 0.000000    -0.375453     0.360229 
59349.213898 0.000000 0.000000    -0.373964     0.360035 
59349.248550 0.000000 0.000000    -0.372455     0.359843 
59349.283202 0.000000 0.000000    -0.370923     0.359652 
59349.317854 0.000000 0.000000    -0.369367     0.359463 
59349.352506 0.000000 0.000000    -0.367783     0.359277 
59349.387158 0.000000 0.000000    -0.366168     0.359094 
59349.421810 0.000000 0.000000    -0.364520     0.358914 
59349.456462 0.000000 0.000000    -0.362835     0.358737 
59349.491114 0.000000 0.000000    -0.361112     0.358564 
59349.525766 0.000000 0.000000    -0.359346     0.358395 
59349.560418 0.000000 0.000000    -0.357536     0.358231 
59349.595070 0.000000 0.000000    -0.355678     0.358072 
59349.629722 0.000000 0.000000    -0.353770     0.357919 
59349.664374 0.000000 0.000000    -0.351809     0.357771 
59349.699026 0.000000 0.000000    -0.349791     0.357629 
59349.733678 0.000000 0.000000    -0.347715     0.357493 
59349.768330 0.000000 0.000000    -0.345577     0.357365 
59349.802982 0.000000 0.000000    -0.343374     0.357243 
59349.837634 0.000000 0.000000    -0.341104     0.357129 
59349.872286 0.000000 0.000000    -0.338763     0.357023 
59349.906938 0.000000 0.000000    -0.336349     0.356925 
59349.941590 0.000000 0.000000    -0.333860     0.356836 
59349.976242 0.000000 0.000000    -0.331292     0.356755 
59350.010894 0.000000 0.000000    -0.328643     0.356684 
59350.045546 0.000000 0.000000    -0.325910     0.356621 
59350.080198 0.000000 0.000000    -0.323090     0.356569 
59350.114850 0.000000 0.000000    -0.320181     0.356526 
59350.149502 0.000000 0.000000    -0.317180     0.356493 
59350.184154 0.000000 0.000000    -0.314084     0.356471 
59350.218806 0.000000 0.000000    -0.310892     0.356459 
59350.253458 0.000000 0.000000    -0.307600     0.356458 
59350.288110 0.000000 0.000000    -0.304206     0.356467 
59350.322762 0.000000 0.000000    -0.300708     0.356488 
59350.357414 0.000000 0.000000    -0.297104     0.356520 
59350.392066 0.000000 0.000000    -0.293390     0.356563 
59350.426718 0.000000 0.000000    -0.289566     0.356617 
59350.461370 0.000000 0.000000    -0.285628     0.356682 
59350.496022 0.000000 0.000000    -0.281575     0.356759 
59350.530674 0.000000 0.000000    -0.277405     0.356847 
59350.565326 0.000000 0.000000    -0.273115     0.356947 
59350.599978 0.000000 0.000000    -0.268704     0.357057 
59350.634630 0.000000 0.000000    -0.264169     0.357179 
59350.669282 0.000000 0.000000    -0.259510     0.357312 
59350.703934 0.000000 0.000000    -0.254724     0.357456 
59350.738586 0.000000 0.000000    -0.249811     0.357611 
59350.773238 0.000000 0.000000    -0.244767     0.357777 
59350.807890 0.000000 0.000000    -0.239592     0.357953 
59350.842542 0.000000 0.000000    -0.234285     0.358140 
59350.877194 0.000000 0.000000    -0.228844     0.358336 
59350.911846 0.000000 0.000000    -0.223268     0.358543 
59350.946498 0.000000 0.000000    -0.217556     0.358759 
59350.981150 0.000000 0.000000    -0.211707     0.358984 
59351.015802 0.000000 0.000000    -0.205720     0.359219 
59351.050454 0.000000 0.000000    -0.199595     0.359462 
59351.085106 0.000000 0.000000    -0.193329     0.359714 
59351.119758 0.000000 0.000000    -0.186924     0.359973 
59351.154410 0.000000 0.000000    -0.180378     0.360240 
59351.189062 0.000000 0.000000    -0.173691     0.360515 
59351.223714 0.000000 0.000000    -0.166862     0.360796 
59351.258366 0.000000 0.000000    -0.159892     0.361084 
59351.293018 0.000000 0.000000    -0.152781     0.361378 
59351.327670 0.000000 0.000000    -0.145528     0.361677 
59351.362322 0.000000 0.000000    -0.138133     0.361981 
59351.396974 0.000000 0.000000    -0.130597     0.362290 
59351.431626 0.000000 0.000000    -0.122921     0.362604 
59351.466278 0.000000 0.000000    -0.115103     0.362921 
59351.500930 0.000000 0.000000    -0.107147     0.363241 
59351.535582 0.000000 0.000000    -0.099050     0.363565 
59351.570234 0.000000 0.000000    -0.090816     0.363890 
59351.604886 0.000000 0.000000    -0.082445     0.364217 
59351.639538 0.000000 0.000000    -0.073937     0.364546 
59351.674190 0.000000 0.000000    -0.065294     0.364876 
59351.708842 0.000000 0.000000    -0.056517     0.365205 
59351.743494 0.000000 0.000000    -0.047608     0.365535 
59351.778146 0.000000 0.000000    -0.038568     0.365864 
59351.812798 0.000000 0.000000    -0.029399     0.366192 
59351.847450 0.000000 0.000000    -0.020102     0.366518 
59351.882102 0.000000 0.000000    -0.010680     0.366842 
59351.916754 0.000000 0.000000    -0.001135     0.367164 
59351.951406 0.000000 0.000000     0.008531     0.367482 
59351.986058 0.000000 0.000000     0.018316     0.367797 
59352.020710 0.000000 0.000000     0.028218     0.368108 
59352.055362 0.000000 0.000000     0.038234     0.368415 
59352.090014 0.000000 0.000000     0.048361     0.368716 
59352.124666 0.000000 0.000000     0.058596     0.369012 
59352.159318 0.000000 0.000000     0.068937     0.369303 
59352.193970 0.000000 0.000000     0.079380     0.369587 
59352.228622 0.000000 0.000000     0.089923     0.369864 
59352.263274 0.000000 0.000000     0.100562     0.370135 
59352.297926 0.000000 0.000000     0.111293     0.370397 
59352.332578 0.000000 0.000000     0.122113     0.370652 
59352.367230 0.000000 0.000000     0.133019     0.370899 
59352.401882 0.000000 0.000000     0.144007     0.371137 
59352.436534 0.000000 0.000000     0.155072     0.371366 
59352.471186 0.000000 0.000000     0.166211     0.371586 
59352.505838 0.000000 0.000000     0.177419     0.371796 
59352.540490 0.000000 0.000000     0.188693     0.371996 
59352.575142 0.000000 0.000000     0.200028     0.372186 
59352.609794 0.000000 0.000000     0.211419     0.372365 
59352.644446 0.000000 0.000000     0.222862     0.372533 
59352.679098 0.000000 0.000000     0.234352     0.372690 
59352.713750 0.000000 0.000000     0.245885     0.372835 
59352.748402 0.000000 0.000000     0.257455     0.372969 
59352.783054 0.000000 0.000000     0.269058     0.373091 
59352.817706 0.000000 0.000000     0.280687     0.373201 
59352.852358 0.000000 0.000000     0.292339     0.373298 
59352.887010 0.000000 0.000000     0.304008     0.373382 
59352.921662 0.000000 0.000000     0.315687     0.373454 
59352.956314 0.000000 0.000000     0.327372     0.373513 
59352.990966 0.000000 0.000000     0.339058     0.373558 
59353.025618 0.000000 0.000000     0.350737     0.373590 
59353.060270 0.000000 0.000000     0.362405     0.373609 
59353.094922 0.000000 0.000000     0.374056     0.373614 
59353.129574 0.000000 0.000000     0.385683     0.373606 
59353.164226 0.000000 0.000000     0.397281     0.373583 
59353.198878 0.000000 0.000000     0.408843     0.373547 
59353.233530 0.000000 0.000000     0.420363     0.373497 
59353.268182 0.000000 0.000000     0.431834     0.373432 
59353.302834 0.000000 0.000000     0.443251     0.373354 
59353.337486 0.000000 0.000000     0.454607     0.373261 
59353.372138 0.000000 0.000000     0.465895     0.373155 
59353.406790 0.000000 0.000000     0.477108     0.373034 
59353.441442 0.000000 0.000000     0.488241     0.372899 
59353.476094 0.000000 0.000000     0.499285     0.372750 
59353.510746 0.000000 0.000000     0.510235     0.372586 
59353.545398 0.000000 0.000000     0.521084     0.372409 
59353.580050 0.000000 0.000000     0.531824     0.372218 
59353.614702 0.000000 0.000000     0.542449     0.372012 
59353.649354 0.000000 0.000000     0.552951     0.371793 
59353.684006 0.000000 0.000000     0.563324     0.371560 
59353.718658 0.000000 0.000000     0.573561     0.371313 
59353.753310 0.000000 0.000000     0.583654     0.371052 
59353.787962 0.000000 0.000000     0.593596     0.370779 
59353.822614 0.000000 0.000000     0.603380     0.370491 
59353.857266 0.000000 0.000000     0.612998     0.370191 
59353.891918 0.000000 0.000000     0.622445     0.369877 
59353.926570 0.000000 0.000000     0.631711     0.369551 
59353.961222 0.000000 0.000000     0.640790     0.369212 
59353.995874 0.000000 0.000000     0.649676     0.368861 
59354.030526 0.000000 0.000000     0.658359     0.368497 
59354.065178 0.000000 0.000000     0.666833     0.368122 
59354.099830 0.000000 0.000000     0.675091     0.367735 
59354.134482 0.000000 0.000000     0.683126     0.367336 
59354.169134 0.000000 0.000000     0.690929     0.366926 
59354.203786 0.000000 0.000000     0.698494     0.366505 
59354.238438 0.000000 0.000000     0.705813     0.366074 
59354.273090 0.000000 0.000000     0.712880     0.365632 
59354.307742 0.000000 0.000000     0.719686     0.365180 
59354.342394 0.000000 0.000000     0.726225     0.364719 
59354.377046 0.000000 0.000000     0.732490     0.364248 
59354.411698 0.000000 0.000000     0.738472     0.363768 
59354.446350 0.000000 0.000000     0.744165     0.363280 
59354.481002 0.000000 0.000000     0.749562     0.362784 
59354.515654 0.000000 0.000000     0.754656     0.362280 
59354.550306 0.000000 0.000000     0.759440     0.361769 
59354.584958 0.000000 0.000000     0.763906     0.361250 
59354.619610 0.000000 0.000000     0.768048     0.360726 
59354.654262 0.000000 0.000000     0.771859     0.360195 
59354.688914 0.000000 0.000000     0.775332     0.359659 
59354.723566 0.000000 0.000000     0.778460     0.359119 
59354.758218 0.000000 0.000000     0.781236     0.358573 
59354.792870 0.000000 0.000000     0.783654     0.358024 
59354.827522 0.000000 0.000000     0.785707     0.357472 
59354.862174 0.000000 0.000000     0.787389     0.356916 
59354.896826 0.000000 0.000000     0.788694     0.356359 
59354.931478 0.000000 0.000000     0.789614     0.355800 
59354.966130 0.000000 0.000000     0.790144     0.355240 
59355.000782 0.000000 0.000000     0.790277     0.354680 
59355.035434 0.000000 0.000000     0.790007     0.354120 
59355.070086 0.000000 0.000000     0.789329     0.353561 
59355.104738 0.000000 0.000000     0.788237     0.353004 
59355.139390 0.000000 0.000000     0.786724     0.352449 
59355.174042 0.000000 0.000000     0.784785     0.351898 
59355.208694 0.000000 0.000000     0.782414     0.351350 
59355.243346 0.000000 0.000000     0.779607     0.350808 
59355.277998 0.000000 0.000000     0.776357     0.350270 
59355.312650 0.000000 0.000000     0.772659     0.349739 
59355.347302 0.000000 0.000000     0.768508     0.349215 
59355.381954 0.000000 0.000000     0.763900     0.348700 
59355.416606 0.000000 0.000000     0.758829     0.348193 
59355.451258 0.000000 0.000000     0.753290     0.347696 
59355.485910 0.000000 0.000000     0.747280     0.347209 
59355.520562 0.000000 0.000000     0.740792     0.346734 
59355.555214 0.000000 0.000000     0.733824     0.346272 
59355.589866 0.000000 0.000000     0.726371     0.345824 
59355.624518 0.000000 0.000000     0.718428     0.345390 
59355.659170 0.000000 0.000000     0.709993     0.344972 
59355.693822 0.000000 0.000000     0.701060     0.344570 
59355.728474 0.000000 0.000000     0.691627     0.344187 
59355.763126 0.000000 0.000000     0.681690     0.343822 
59355.797778 0.000000 0.000000     0.671246     0.343477 
59355.832430 0.000000 0.000000     0.660291     0.343153 
59355.867082 0.000000 0.000000     0.648823     0.342852 
59355.901734 0.000000 0.000000     0.636838     0.342574 
59355.936386 0.000000 0.000000     0.624334     0.342321 
59355.971038 0.000000 0.000000     0.611309     0.342093 
59356.005690 0.000000 0.000000     0.597760     0.341893 
59356.040342 0.000000 0.000000     0.583684     0.341722 
59356.074994 0.000000 0.000000     0.569080     0.341580 
59356.109646 0.000000 0.000000     0.553947     0.341469 
59356.144298 0.000000 0.000000     0.538281     0.341390 
59356.178950 0.000000 0.000000     0.522082     0.341344 
59356.213602 0.000000 0.000000     0.505349     0.341334 
59356.248254 0.000000 0.000000     0.488080     0.341360 
59356.282906 0.000000 0.000000     0.470274     0.341423 
59356.317558 0.000000 0.000000     0.451930     0.341526 
59356.352210 0.000000 0.000000     0.433049     0.341668 
59356.386862 0.000000 0.000000     0.413629     0.341853 
59356.421514 0.000000 0.000000     0.393669     0.342080 
59356.456166 0.000000 0.000000     0.373171     0.342351 
59356.490818 0.000000 0.000000     0.352134     0.342668 
59356.525470 0.000000 0.000000     0.330558     0.343032 
59356.560122 0.000000 0.000000     0.308444     0.343444 
59356.594774 0.000000 0.000000     0.285793     0.343906 
59356.629426 0.000000 0.000000     0.262605     0.344418 
59356.664078 0.000000 0.000000     0.238881     0.344983 
59356.698730 0.000000 0.000000     0.214622     0.345600 
59356.733382 0.000000 0.000000     0.189831     0.346272 
59356.768034 0.000000 0.000000     0.164508     0.347000 
59356.802686 0.000000 0.000000     0.138655     0.347784 
59356.837338 0.000000 0.000000     0.112274     0.348626 
59356.871990 0.000000 0.000000     0.085368     0.349527 
59356.906642 0.000000 0.000000     0.057938     0.350488 
59356.941294 0.000000 0.000000     0.029987     0.351509 
59356.975946 0.000000 0.000000     0.001518     0.352592 
59357.010598 0.000000 0.000000    -0.027466     0.353738 
59357.045250 0.000000 0.000000    -0.056963     0.354946 
59357.079902 0.000000 0.000000    -0.086969     0.356219 
59357.114554 0.000000 0.000000    -0.117480     0.357556 
59357.149206 0.000000 0.000000    -0.148494     0.358959 
59357.183858 0.000000 0.000000    -0.180006     0.360427 
59357.218510 0.000000 0.000000    -0.212013     0.361962 
59357.253162 0.000000 0.000000    -0.244510     0.363563 
59357.287814 0.000000 0.000000    -0.277493     0.365232 
59357.322466 0.000000 0.000000    -0.310958     0.366968 
59357.357118 0.000000 0.000000    -0.344900     0.368771 
59357.391770 0.000000 0.000000    -0.379314     0.370643 
59357.426422 0.000000 0.000000    -0.414194     0.372582 
59357.461074 0.000000 0.000000    -0.449537     0.374589 
59357.495726 0.000000 0.000000    -0.485337     0.376664 
59357.530378 0.000000 0.000000    -0.521588     0.378807 
59357.565030 0.000000 0.000000    -0.558285     0.381018 
59357.599682 0.000000 0.000000    -0.595421     0.383296 
59357.634334 0.000000 0.000000    -0.632991     0.385641 
59357.668986 0.000000 0.000000    -0.670989     0.388053 
59357.703638 0.000000 0.000000    -0.709408     0.390533 
59357.738290 0.000000 0.000000    -0.748243     0.393078 
59357.772942 0.000000 0.000000    -0.787485     0.395689 
59357.807594 0.000000 0.000000    -0.827130     0.398366 
59357.842246 0.000000 0.000000    -0.867169     0.401107 
59357.876898 0.000000 0.000000    -0.907596     0.403913 
59357.911550 0.000000 0.000000    -0.948404     0.406782 
59357.946202 0.000000 0.000000    -0.989585     0.409715 
59357.980854 0.000000 0.000000    -1.031133     0.412710 
59358.015506 0.000000 0.000000    -1.073038     0.415767 
59358.050158 0.000000 0.000000    -1.115295     0.418885 
59358.084810 0.000000 0.000000    -1.157894     0.422063 
59358.119462 0.000000 0.000000    -1.200828     0.425301 
59358.154114 0.000000 0.000000    -1.244090     0.428598 
59358.188766 0.000000 0.000000    -1.287670     0.431953 
59358.223418 0.000000 0.000000    -1.331560     0.435365 
59358.258070 0.000000 0.000000    -1.375753     0.438834 
59358.292722 0.000000 0.000000    -1.420239     0.442358 
59358.327374 0.000000 0.000000    -1.465010     0.445938 
59358.362026 0.000000 0.000000    -1.510057     0.449571 
59358.396678 0.000000 0.000000    -1.555372     0.453258 
59358.431330 0.000000 0.000000    -1.600945     0.456997 
59358.465982 0.000000 0.000000    -1.646768     0.460788 
59358.500634 0.000000 0.000000    -1.692831     0.464630 
59358.535286 0.000000 0.000000    -1.739126     0.468522 
59358.569938 0.000000 0.000000    -1.785642     0.472463 
59358.604590 0.000000 0.000000    -1.832371     0.476452 
59358.639242 0.000000 0.000000    -1.879304     0.480489 
59358.673894 0.000000 0.000000    -1.926430     0.484572 
59358.708546 0.000000 0.000000    -1.973740     0.488701 
59358.743198 0.000000 0.000000    -2.021225     0.492876 
59358.777850 0.000000 0.000000    -2.068875     0.497094 
59358.812502 0.000000 0.000000    -2.116681     0.501356 
59358.847154 0.000000 0.000000    -2.164631     0.505661 
59358.881806 0.000000 0.000000    -2.212718     0.510008 
59358.916458 0.000000 0.000000    -2.260930     0.514396 
59358.951110 0.000000 0.000000    -2.309258     0.518824 
59358.985762 0.000000 0.000000    -2.357692     0.523292 
59359.020414 0.000000 0.000000    -2.406221     0.527798 
59359.055066 0.000000 0.000000    -2.454837     0.532343 
59359.089718 0.000000 0.000000    -2.503529     0.536925 
59359.124370 0.000000 0.000000    -2.552286     0.541544 
59359.159022 0.000000 0.000000    -2.601099     0.546199 
59359.193674 0.000000 0.000000    -2.649958     0.550889 
59359.228326 0.000000 0.000000    -2.698853     0.555614 
59359.262978 0.000000 0.000000    -2.747772     0.560372 
59359.297630 0.000000 0.000000    -2.796707     0.565164 
59359.332282 0.000000 0.000000    -2.845648     0.569989 
59359.366934 0.000000 0.000000    -2.894583     0.574845 
59359.401586 0.000000 0.000000    -2.943504     0.579732 
59359.436238 0.000000 0.000000    -2.992399     0.584650 
59359.470890 0.000000 0.000000    -3.041259     0.589598 
59359.505542 0.000000 0.000000    -3.090075     0.594575 
59359.540194 0.000000 0.000000    -3.138834     0.599581 
59359.574846 0.000000 0.000000    -3.187529     0.604614 
59359.609498 0.000000 0.000000    -3.236149     0.609676 
59359.644150 0.000000 0.000000    -3.284683     0.614764 
59359.678802 0.000000 0.000000    -3.333123     0.619878 
59359.713454 0.000000 0.000000    -3.381457     0.625019 
59359.748106 0.000000 0.000000    -3.429678     0.630184 
59359.782758 0.000000 0.000000    -3.477773     0.635374 
59359.817410 0.000000 0.000000    -3.525735     0.640588 
59359.852062 0.000000 0.000000    -3.573553     0.645825 
59359.886714 0.000000 0.000000    -3.621218     0.651085 
59359.921366 0.000000 0.000000    -3.668720     0.656368 
59359.956018 0.000000 0.000000    -3.716049     0.661672 
59359.990670 0.000000 0.000000    -3.763198     0.666998 
59360.025322 0.000000 0.000000    -3.810155     0.672344 
59360.059974 0.000000 0.000000    -3.856912     0.677711 
59360.094626 0.000000 0.000000    -3.903460     0.683097 
59360.129278 0.000000 0.000000    -3.949790     0.688503 
59360.163930 0.000000 0.000000    -3.995892     0.693927 
59360.198582 0.000000 0.000000    -4.041758     0.699370 
59360.233234 0.000000 0.000000    -4.087379     0.704831 
59360.267886 0.000000 0.000000    -4.132747     0.710308 
59360.302538 0.000000 0.000000    -4.177852     0.715803 
59360.337190 0.000000 0.000000    -4.222687     0.721314 
59360.371842 0.000000 0.000000    -4.267243     0.726841 
59360.406494 0.000000 0.000000    -4.311512     0.732383 
59360.441146 0.000000 0.000000    -4.355485     0.737941 
59360.475798 0.000000 0.000000    -4.399154     0.743513 
59360.510450 0.000000 0.000000    -4.442513     0.749099 
59360.545102 0.000000 0.000000    -4.485552     0.754699 
59360.579754 0.000000 0.000000    -4.528264     0.760312 
59360.614406 0.000000 0.000000    -4.570642     0.765937 
59360.649058 0.000000 0.000000    -4.612678     0.771576 
59360.683710 0.000000 0.000000    -4.654364     0.777226 
59360.718362 0.000000 0.000000    -4.695695     0.782887 
59360.753014 0.000000 0.000000    -4.736663     0.788560 
59360.787666 0.000000 0.000000    -4.777260     0.794244 
59360.822318 0.000000 0.000000    -4.817480     0.799938 
59360.856970 0.000000 0.000000    -4.857317     0.805642 
59360.891622 0.000000 0.000000    -4.896764     0.811355 
59360.926274 0.000000 0.000000    -4.935815     0.817078 
59360.960926 0.000000 0.000000    -4.974463     0.822809 
59360.995578 0.000000 0.000000    -5.012703     0.828549 
59361.030230 0.000000 0.000000    -5.050529     0.834297 
59361.064882 0.000000 0.000000    -5.087934     0.840053 
59361.099534 0.000000 0.000000    -5.124915     0.845816 
59361.134186 0.000000 0.000000    -5.161464     0.851585 
59361.168838 0.000000 0.000000    -5.197577     0.857362 
59361.203490 0.000000 0.000000    -5.233249     0.863144 
59361.238142 0.000000 0.000000    -5.268475     0.868933 
59361.272794 0.000000 0.000000    -5.303250     0.874727 
59361.307446 0.000000 0.000000    -5.337570     0.880526 
59361.342098 0.000000 0.000000    -5.371430     0.886330 
59361.376750 0.000000 0.000000    -5.404826     0.892138 
59361.411402 0.000000 0.000000    -5.437753     0.897950 
59361.446054 0.000000 0.000000    -5.470209     0.903767 
59361.480706 0.000000 0.000000    -5.502189     0.909586 
59361.515358 0.000000 0.000000    -5.533689     0.915409 
59361.550010 0.000000 0.000000    -5.564706     0.921235 
59361.584662 0.000000 0.000000    -5.595238     0.927063 
59361.619314 0.000000 0.000000    -5.625280     0.932894 
59361.653966 0.000000 0.000000    -5.654831     0.938726 
59361.688618 0.000000 0.000000    -5.683886     0.944560 
59361.723270 0.000000 0.000000     0.001087     0.030352 
