# time Tc_folded Tref_folded model model_err 
59318.211098 0.000000 0.000000     0.723367     1.127474 
59318.265916 0.000000 0.000000     0.711998     1.126754 
59318.320735 0.000000 0.000000     0.700896     1.126049 
59318.375553 0.000000 0.000000     0.690071     1.125358 
59318.430372 0.000000 0.000000     0.679531     1.124681 
59318.485190 0.000000 0.000000     0.669284     1.124018 
59318.540009 0.000000 0.000000     0.659336     1.123370 
59318.594827 0.000000 0.000000     0.649693     1.122736 
59318.649645 0.000000 0.000000     0.640360     1.122118 
59318.704464 0.000000 0.000000     0.631341     1.121514 
59318.759282 0.000000 0.000000     0.622640     1.120926 
59318.814101 0.000000 0.000000     0.614259     1.120354 
59318.868919 0.000000 0.000000     0.606200     1.119797 
59318.923738 0.000000 0.000000     0.598463     1.119256 
59318.978556 0.000000 0.000000     0.591049     1.118731 
59319.033374 0.000000 0.000000     0.583956     1.118222 
59319.088193 0.000000 0.000000     0.577182     1.117730 
59319.143011 0.000000 0.000000     0.570725     1.117255 
59319.197830 0.000000 0.000000     0.564582     1.116797 
59319.252648 0.000000 0.000000     0.558747     1.116356 
59319.307467 0.000000 0.000000     0.553217     1.115933 
59319.362285 0.000000 0.000000     0.547984     1.115527 
59319.417103 0.000000 0.000000     0.543044     1.115139 
59319.471922 0.000000 0.000000     0.538387     1.114770 
59319.526740 0.000000 0.000000     0.534005     1.114419 
59319.581559 0.000000 0.000000     0.529891     1.114086 
59319.636377 0.000000 0.000000     0.526034     1.113773 
59319.691196 0.000000 0.000000     0.522424     1.113479 
59319.746014 0.000000 0.000000     0.519049     1.113204 
59319.800832 0.000000 0.000000     0.515899     1.112949 
59319.855651 0.000000 0.000000     0.512961     1.112714 
59319.910469 0.000000 0.000000     0.510223     1.112499 
59319.965288 0.000000 0.000000     0.507670     1.112305 
59320.020106 0.000000 0.000000     0.505289     1.112131 
59320.074925 0.000000 0.000000     0.503065     1.111979 
59320.129743 0.000000 0.000000     0.500983     1.111847 
59320.184561 0.000000 0.000000     0.499029     1.111737 
59320.239380 0.000000 0.000000     0.497185     1.111649 
59320.294198 0.000000 0.000000     0.495437     1.111583 
59320.349017 0.000000 0.000000     0.493767     1.111538 
59320.403835 0.000000 0.000000     0.492158     1.111516 
59320.458654 0.000000 0.000000     0.490593     1.111516 
59320.513472 0.000000 0.000000     0.489056     1.111538 
59320.568290 0.000000 0.000000     0.487527     1.111583 
59320.623109 0.000000 0.000000     0.485989     1.111651 
59320.677927 0.000000 0.000000     0.484425     1.111742 
59320.732746 0.000000 0.000000     0.482816     1.111856 
59320.787564 0.000000 0.000000     0.481144     1.111992 
59320.842383 0.000000 0.000000     0.479390     1.112152 
59320.897201 0.000000 0.000000     0.477537     1.112334 
59320.952019 0.000000 0.000000     0.475566     1.112540 
59321.006838 0.000000 0.000000     0.473459     1.112768 
59321.061656 0.000000 0.000000     0.471198     1.113020 
59321.116475 0.000000 0.000000     0.468765     1.113294 
59321.171293 0.000000 0.000000     0.466143     1.113591 
59321.226112 0.000000 0.000000     0.463313     1.113910 
59321.280930 0.000000 0.000000     0.460260     1.114252 
59321.335748 0.000000 0.000000     0.456965     1.114616 
59321.390567 0.000000 0.000000     0.453413     1.115002 
59321.445385 0.000000 0.000000     0.449587     1.115410 
59321.500204 0.000000 0.000000     0.445471     1.115839 
59321.555022 0.000000 0.000000     0.441050     1.116290 
59321.609841 0.000000 0.000000     0.436309     1.116761 
59321.664659 0.000000 0.000000     0.431234     1.117253 
59321.719477 0.000000 0.000000     0.425811     1.117764 
59321.774296 0.000000 0.000000     0.420026     1.118296 
59321.829114 0.000000 0.000000     0.413867     1.118847 
59321.883933 0.000000 0.000000     0.407321     1.119416 
59321.938751 0.000000 0.000000     0.400378     1.120004 
59321.993569 0.000000 0.000000     0.393027     1.120609 
59322.048388 0.000000 0.000000     0.385258     1.121232 
59322.103206 0.000000 0.000000     0.377061     1.121872 
59322.158025 0.000000 0.000000     0.368428     1.122527 
59322.212843 0.000000 0.000000     0.359351     1.123198 
59322.267662 0.000000 0.000000     0.349824     1.123884 
59322.322480 0.000000 0.000000     0.339840     1.124584 
59322.377298 0.000000 0.000000     0.329395     1.125298 
59322.432117 0.000000 0.000000     0.318484     1.126024 
59322.486935 0.000000 0.000000     0.307103     1.126763 
59322.541754 0.000000 0.000000     0.295251     1.127513 
59322.596572 0.000000 0.000000     0.282925     1.128274 
59322.651391 0.000000 0.000000     0.270126     1.129045 
59322.706209 0.000000 0.000000     0.256853     1.129824 
59322.761027 0.000000 0.000000     0.243107     1.130613 
59322.815846 0.000000 0.000000     0.228892     1.131408 
59322.870664 0.000000 0.000000     0.214210     1.132211 
59322.925483 0.000000 0.000000     0.199065     1.133019 
59322.980301 0.000000 0.000000     0.183463     1.133832 
59323.035120 0.000000 0.000000     0.167410     1.134650 
59323.089938 0.000000 0.000000     0.150913     1.135471 
59323.144756 0.000000 0.000000     0.133981     1.136295 
59323.199575 0.000000 0.000000     0.116622     1.137120 
59323.254393 0.000000 0.000000     0.098847     1.137946 
59323.309212 0.000000 0.000000     0.080666     1.138771 
59323.364030 0.000000 0.000000     0.062092     1.139596 
59323.418849 0.000000 0.000000     0.043139     1.140419 
59323.473667 0.000000 0.000000     0.023819     1.141238 
59323.528485 0.000000 0.000000     0.004148     1.142054 
59323.583304 0.000000 0.000000    -0.015857     1.142866 
59323.638122 0.000000 0.000000    -0.036182     1.143671 
59323.692941 0.000000 0.000000    -0.056807     1.144471 
59323.747759 0.000000 0.000000    -0.077714     1.145262 
59323.802578 0.000000 0.000000    -0.098884     1.146045 
59323.857396 0.000000 0.000000    -0.120296     1.146819 
59323.912214 0.000000 0.000000    -0.141930     1.147583 
59323.967033 0.000000 0.000000    -0.163764     1.148335 
59324.021851 0.000000 0.000000    -0.185774     1.149075 
59324.076670 0.000000 0.000000    -0.207939     1.149802 
59324.131488 0.000000 0.000000    -0.230233     1.150515 
59324.186307 0.000000 0.000000    -0.252633     1.151213 
59324.241125 0.000000 0.000000    -0.275112     1.151894 
59324.295943 0.000000 0.000000    -0.297645     1.152559 
59324.350762 0.000000 0.000000    -0.320205     1.153206 
59324.405580 0.000000 0.000000    -0.342766     1.153833 
59324.460399 0.000000 0.000000    -0.365300     1.154441 
59324.515217 0.000000 0.000000    -0.387779     1.155028 
59324.570036 0.000000 0.000000    -0.410174     1.155593 
59324.624854 0.000000 0.000000    -0.432456     1.156135 
59324.679672 0.000000 0.000000    -0.454597     1.156653 
59324.734491 0.000000 0.000000    -0.476567     1.157146 
59324.789309 0.000000 0.000000    -0.498336     1.157614 
59324.844128 0.000000 0.000000    -0.519874     1.158055 
59324.898946 0.000000 0.000000    -0.541152     1.158467 
59324.953765 0.000000 0.000000    -0.562138     1.158851 
59325.008583 0.000000 0.000000    -0.582802     1.159205 
59325.063401 0.000000 0.000000    -0.603115     1.159528 
59325.118220 0.000000 0.000000    -0.623045     1.159819 
59325.173038 0.000000 0.000000    -0.642562     1.160077 
59325.227857 0.000000 0.000000    -0.661635     1.160302 
59325.282675 0.000000 0.000000    -0.680235     1.160491 
59325.337494 0.000000 0.000000    -0.698332     1.160644 
59325.392312 0.000000 0.000000    -0.715895     1.160760 
59325.447130 0.000000 0.000000    -0.732895     1.160838 
59325.501949 0.000000 0.000000    -0.749303     1.160877 
59325.556767 0.000000 0.000000    -0.765090     1.160875 
59325.611586 0.000000 0.000000    -0.780227     1.160833 
59325.666404 0.000000 0.000000    -0.794686     1.160748 
59325.721223 0.000000 0.000000    -0.808440     1.160619 
59325.776041 0.000000 0.000000    -0.821461     1.160446 
59325.830859 0.000000 0.000000    -0.833724     1.160228 
59325.885678 0.000000 0.000000    -0.845202     1.159963 
59325.940496 0.000000 0.000000    -0.855869     1.159651 
59325.995315 0.000000 0.000000    -0.865702     1.159289 
59326.050133 0.000000 0.000000    -0.874676     1.158878 
59326.104952 0.000000 0.000000    -0.882769     1.158417 
59326.159770 0.000000 0.000000    -0.889958     1.157903 
59326.214588 0.000000 0.000000    -0.896222     1.157336 
59326.269407 0.000000 0.000000    -0.901540     1.156716 
59326.324225 0.000000 0.000000    -0.905893     1.156040 
59326.379044 0.000000 0.000000    -0.909263     1.155308 
59326.433862 0.000000 0.000000    -0.911630     1.154519 
59326.488681 0.000000 0.000000    -0.912980     1.153671 
59326.543499 0.000000 0.000000    -0.913296     1.152765 
59326.598317 0.000000 0.000000    -0.912564     1.151798 
59326.653136 0.000000 0.000000    -0.910771     1.150769 
59326.707954 0.000000 0.000000    -0.907903     1.149678 
59326.762773 0.000000 0.000000    -0.903951     1.148523 
59326.817591 0.000000 0.000000    -0.898904     1.147304 
59326.872410 0.000000 0.000000    -0.892754     1.146020 
59326.927228 0.000000 0.000000    -0.885493     1.144668 
59326.982046 0.000000 0.000000    -0.877115     1.143250 
59327.036865 0.000000 0.000000    -0.867615     1.141762 
59327.091683 0.000000 0.000000    -0.856989     1.140205 
59327.146502 0.000000 0.000000    -0.845235     1.138578 
59327.201320 0.000000 0.000000    -0.832352     1.136878 
59327.256139 0.000000 0.000000    -0.818341     1.135107 
59327.310957 0.000000 0.000000    -0.803202     1.133262 
59327.365775 0.000000 0.000000    -0.786938     1.131342 
59327.420594 0.000000 0.000000    -0.769555     1.129347 
59327.475412 0.000000 0.000000    -0.751056     1.127276 
59327.530231 0.000000 0.000000    -0.731450     1.125128 
59327.585049 0.000000 0.000000    -0.710745     1.122902 
59327.639868 0.000000 0.000000    -0.688950     1.120597 
59327.694686 0.000000 0.000000    -0.666076     1.118212 
59327.749504 0.000000 0.000000    -0.642136     1.115747 
59327.804323 0.000000 0.000000    -0.617142     1.113200 
59327.859141 0.000000 0.000000    -0.591110     1.110571 
59327.913960 0.000000 0.000000    -0.564057     1.107859 
59327.968778 0.000000 0.000000    -0.535999     1.105064 
59328.023597 0.000000 0.000000    -0.506955     1.102184 
59328.078415 0.000000 0.000000    -0.476946     1.099219 
59328.133233 0.000000 0.000000    -0.445992     1.096168 
59328.188052 0.000000 0.000000    -0.414117     1.093031 
59328.242870 0.000000 0.000000    -0.381343     1.089806 
59328.297689 0.000000 0.000000    -0.347696     1.086494 
59328.352507 0.000000 0.000000    -0.313201     1.083093 
59328.407326 0.000000 0.000000    -0.277887     1.079604 
59328.462144 0.000000 0.000000    -0.241780     1.076025 
59328.516962 0.000000 0.000000    -0.204911     1.072355 
59328.571781 0.000000 0.000000    -0.167310     1.068596 
59328.626599 0.000000 0.000000    -0.129007     1.064745 
59328.681418 0.000000 0.000000    -0.090036     1.060803 
59328.736236 0.000000 0.000000    -0.050430     1.056769 
59328.791054 0.000000 0.000000    -0.010222     1.052643 
59328.845873 0.000000 0.000000     0.030552     1.048425 
59328.900691 0.000000 0.000000     0.071856     1.044113 
59328.955510 0.000000 0.000000     0.113654     1.039708 
59329.010328 0.000000 0.000000     0.155909     1.035210 
59329.065147 0.000000 0.000000     0.198582     1.030619 
59329.119965 0.000000 0.000000     0.241634     1.025933 
59329.174783 0.000000 0.000000     0.285027     1.021154 
59329.229602 0.000000 0.000000     0.328720     1.016280 
59329.284420 0.000000 0.000000     0.372673     1.011313 
59329.339239 0.000000 0.000000     0.416845     1.006251 
59329.394057 0.000000 0.000000     0.461195     1.001095 
59329.448876 0.000000 0.000000     0.505681     0.995844 
59329.503694 0.000000 0.000000     0.550261     0.990500 
59329.558512 0.000000 0.000000     0.594892     0.985062 
59329.613331 0.000000 0.000000     0.639533     0.979530 
59329.668149 0.000000 0.000000     0.684140     0.973904 
59329.722968 0.000000 0.000000     0.728671     0.968185 
59329.777786 0.000000 0.000000     0.773082     0.962372 
59329.832605 0.000000 0.000000     0.817330     0.956467 
59329.887423 0.000000 0.000000     0.861373     0.950470 
59329.942241 0.000000 0.000000     0.905168     0.944380 
59329.997060 0.000000 0.000000     0.948671     0.938199 
59330.051878 0.000000 0.000000     0.991841     0.931927 
59330.106697 0.000000 0.000000     1.034635     0.925564 
59330.161515 0.000000 0.000000     1.077010     0.919111 
59330.216334 0.000000 0.000000     1.118925     0.912570 
59330.271152 0.000000 0.000000     1.160339     0.905939 
59330.325970 0.000000 0.000000     1.201210     0.899221 
59330.380789 0.000000 0.000000     1.241497     0.892416 
59330.435607 0.000000 0.000000     1.281162     0.885525 
59330.490426 0.000000 0.000000     1.320164     0.878548 
59330.545244 0.000000 0.000000     1.358464     0.871488 
59330.600063 0.000000 0.000000     1.396024     0.864344 
59330.654881 0.000000 0.000000     1.432807     0.857118 
59330.709699 0.000000 0.000000     1.468775     0.849812 
59330.764518 0.000000 0.000000     1.503894     0.842426 
59330.819336 0.000000 0.000000     1.538127     0.834962 
59330.874155 0.000000 0.000000     1.571440     0.827421 
59330.928973 0.000000 0.000000     1.603801     0.819805 
59330.983792 0.000000 0.000000     1.635176     0.812115 
59331.038610 0.000000 0.000000     1.665533     0.804352 
59331.093428 0.000000 0.000000     1.694844     0.796520 
59331.148247 0.000000 0.000000     1.723078     0.788619 
59331.203065 0.000000 0.000000     1.750207     0.780651 
59331.257884 0.000000 0.000000     1.776203     0.772618 
59331.312702 0.000000 0.000000     1.801042     0.764523 
59331.367521 0.000000 0.000000     1.824697     0.756368 
59331.422339 0.000000 0.000000     1.847146     0.748155 
59331.477157 0.000000 0.000000     1.868367     0.739887 
59331.531976 0.000000 0.000000     1.888337     0.731565 
59331.586794 0.000000 0.000000     1.907038     0.723194 
59331.641613 0.000000 0.000000     1.924451     0.714776 
59331.696431 0.000000 0.000000     1.940559     0.706314 
59331.751250 0.000000 0.000000     1.955345     0.697811 
59331.806068 0.000000 0.000000     1.968797     0.689272 
59331.860886 0.000000 0.000000     1.980901     0.680699 
59331.915705 0.000000 0.000000     1.991644     0.672096 
59331.970523 0.000000 0.000000     2.001018     0.663468 
59332.025342 0.000000 0.000000     2.009014     0.654819 
59332.080160 0.000000 0.000000     2.015624     0.646153 
59332.134979 0.000000 0.000000     2.020842     0.637477 
59332.189797 0.000000 0.000000     2.024664     0.628794 
59332.244615 0.000000 0.000000     2.027088     0.620111 
59332.299434 0.000000 0.000000     2.028111     0.611434 
59332.354252 0.000000 0.000000     2.027734     0.602769 
59332.409071 0.000000 0.000000     2.025959     0.594123 
59332.463889 0.000000 0.000000     2.022788     0.585503 
59332.518708 0.000000 0.000000     2.018225     0.576918 
59332.573526 0.000000 0.000000     2.012277     0.568375 
59332.628344 0.000000 0.000000     2.004952     0.559883 
59332.683163 0.000000 0.000000     1.996257     0.551452 
59332.737981 0.000000 0.000000     1.986202     0.543093 
59332.792800 0.000000 0.000000     1.974801     0.534815 
59332.847618 0.000000 0.000000     1.962064     0.526630 
59332.902437 0.000000 0.000000     1.948007     0.518551 
59332.957255 0.000000 0.000000     1.932646     0.510590 
59333.012073 0.000000 0.000000     1.915997     0.502760 
59333.066892 0.000000 0.000000     1.898079     0.495077 
59333.121710 0.000000 0.000000     1.878911     0.487554 
59333.176529 0.000000 0.000000     1.858515     0.480206 
59333.231347 0.000000 0.000000     1.836912     0.473050 
59333.286166 0.000000 0.000000     1.814126     0.466102 
59333.340984 0.000000 0.000000     1.790182     0.459377 
59333.395802 0.000000 0.000000     1.765105     0.452893 
59333.450621 0.000000 0.000000     1.738922     0.446664 
59333.505439 0.000000 0.000000     1.711661     0.440707 
59333.560258 0.000000 0.000000     1.683351     0.435036 
59333.615076 0.000000 0.000000     1.654022     0.429665 
59333.669895 0.000000 0.000000     1.623706     0.424605 
59333.724713 0.000000 0.000000     1.592433     0.419868 
59333.779531 0.000000 0.000000     1.560238     0.415462 
59333.834350 0.000000 0.000000     1.527155     0.411393 
59333.889168 0.000000 0.000000     1.493216     0.407663 
59333.943987 0.000000 0.000000     1.458459     0.404274 
59333.998805 0.000000 0.000000     1.422920     0.401223 
59334.053624 0.000000 0.000000     1.386635     0.398506 
59334.108442 0.000000 0.000000     1.349642     0.396112 
59334.163260 0.000000 0.000000     1.311979     0.394033 
59334.218079 0.000000 0.000000     1.273686     0.392254 
59334.272897 0.000000 0.000000     1.234801     0.390760 
59334.327716 0.000000 0.000000     1.195365     0.389533 
59334.382534 0.000000 0.000000     1.155418     0.388555 
59334.437353 0.000000 0.000000     1.115000     0.387806 
59334.492171 0.000000 0.000000     1.074153     0.387264 
59334.546989 0.000000 0.000000     1.032919     0.386909 
59334.601808 0.000000 0.000000     0.991338     0.386721 
59334.656626 0.000000 0.000000     0.949453     0.386678 
59334.711445 0.000000 0.000000     0.907307     0.386760 
59334.766263 0.000000 0.000000     0.864940     0.386949 
59334.821082 0.000000 0.000000     0.822397     0.387227 
59334.875900 0.000000 0.000000     0.779718     0.387575 
59334.930718 0.000000 0.000000     0.736946     0.387979 
59334.985537 0.000000 0.000000     0.694124     0.388423 
59335.040355 0.000000 0.000000     0.651294     0.388895 
59335.095174 0.000000 0.000000     0.608498     0.389381 
59335.149992 0.000000 0.000000     0.565777     0.389871 
59335.204811 0.000000 0.000000     0.523173     0.390354 
59335.259629 0.000000 0.000000     0.480727     0.390823 
59335.314447 0.000000 0.000000     0.438481     0.391268 
59335.369266 0.000000 0.000000     0.396475     0.391684 
59335.424084 0.000000 0.000000     0.354748     0.392065 
59335.478903 0.000000 0.000000     0.313342     0.392404 
59335.533721 0.000000 0.000000     0.272294     0.392699 
59335.588540 0.000000 0.000000     0.231643     0.392946 
59335.643358 0.000000 0.000000     0.191428     0.393141 
59335.698176 0.000000 0.000000     0.151686     0.393282 
59335.752995 0.000000 0.000000     0.112453     0.393368 
59335.807813 0.000000 0.000000     0.073765     0.393397 
59335.862632 0.000000 0.000000     0.035658     0.393369 
59335.917450 0.000000 0.000000    -0.001834     0.393283 
59335.972268 0.000000 0.000000    -0.038678     0.393139 
59336.027087 0.000000 0.000000    -0.074840     0.392938 
59336.081905 0.000000 0.000000    -0.110288     0.392679 
59336.136724 0.000000 0.000000    -0.144993     0.392365 
59336.191542 0.000000 0.000000    -0.178924     0.391995 
59336.246361 0.000000 0.000000    -0.212051     0.391572 
59336.301179 0.000000 0.000000    -0.244347     0.391096 
59336.355997 0.000000 0.000000    -0.275785     0.390570 
59336.410816 0.000000 0.000000    -0.306340     0.389995 
59336.465634 0.000000 0.000000    -0.335985     0.389373 
59336.520453 0.000000 0.000000    -0.364698     0.388707 
59336.575271 0.000000 0.000000    -0.392456     0.387997 
59336.630090 0.000000 0.000000    -0.419238     0.387248 
59336.684908 0.000000 0.000000    -0.445024     0.386459 
59336.739726 0.000000 0.000000    -0.469794     0.385635 
59336.794545 0.000000 0.000000    -0.493531     0.384778 
59336.849363 0.000000 0.000000    -0.516218     0.383889 
59336.904182 0.000000 0.000000    -0.537841     0.382971 
59336.959000 0.000000 0.000000    -0.558384     0.382027 
59337.013819 0.000000 0.000000    -0.577835     0.381059 
59337.068637 0.000000 0.000000    -0.596183     0.380070 
59337.123455 0.000000 0.000000    -0.613418     0.379062 
59337.178274 0.000000 0.000000    -0.629530     0.378038 
59337.233092 0.000000 0.000000    -0.644511     0.376999 
59337.287911 0.000000 0.000000    -0.658357     0.375949 
59337.342729 0.000000 0.000000    -0.671060     0.374891 
59337.397548 0.000000 0.000000    -0.682619     0.373826 
59337.452366 0.000000 0.000000    -0.693030     0.372756 
59337.507184 0.000000 0.000000    -0.702291     0.371686 
59337.562003 0.000000 0.000000    -0.710404     0.370616 
59337.616821 0.000000 0.000000    -0.717370     0.369550 
59337.671640 0.000000 0.000000    -0.723191     0.368490 
59337.726458 0.000000 0.000000    -0.727871     0.367439 
59337.781277 0.000000 0.000000    -0.731415     0.366398 
59337.836095 0.000000 0.000000    -0.733831     0.365371 
59337.890913 0.000000 0.000000    -0.735125     0.364360 
59337.945732 0.000000 0.000000    -0.735306     0.363368 
59338.000550 0.000000 0.000000    -0.734385     0.362397 
59338.055369 0.000000 0.000000    -0.732373     0.361450 
59338.110187 0.000000 0.000000    -0.729283     0.360529 
59338.165006 0.000000 0.000000    -0.725127     0.359636 
59338.219824 0.000000 0.000000    -0.719921     0.358776 
59338.274642 0.000000 0.000000    -0.713680     0.357949 
59338.329461 0.000000 0.000000    -0.706422     0.357159 
59338.384279 0.000000 0.000000    -0.698164     0.356408 
59338.439098 0.000000 0.000000    -0.688926     0.355699 
59338.493916 0.000000 0.000000    -0.678727     0.355034 
59338.548735 0.000000 0.000000    -0.667588     0.354415 
59338.603553 0.000000 0.000000    -0.655532     0.353846 
59338.658371 0.000000 0.000000    -0.642581     0.353328 
59338.713190 0.000000 0.000000    -0.628759     0.352864 
59338.768008 0.000000 0.000000    -0.614090     0.352456 
59338.822827 0.000000 0.000000    -0.598601     0.352105 
59338.877645 0.000000 0.000000    -0.582316     0.351815 
59338.932464 0.000000 0.000000    -0.565263     0.351585 
59338.987282 0.000000 0.000000    -0.547470     0.351419 
59339.042100 0.000000 0.000000    -0.528964     0.351317 
59339.096919 0.000000 0.000000    -0.509776     0.351281 
59339.151737 0.000000 0.000000    -0.489934     0.351312 
59339.206556 0.000000 0.000000    -0.469469     0.351409 
59339.261374 0.000000 0.000000    -0.448411     0.351575 
59339.316193 0.000000 0.000000    -0.426791     0.351808 
59339.371011 0.000000 0.000000    -0.404641     0.352109 
59339.425829 0.000000 0.000000    -0.381993     0.352477 
59339.480648 0.000000 0.000000    -0.358880     0.352913 
59339.535466 0.000000 0.000000    -0.335333     0.353413 
59339.590285 0.000000 0.000000    -0.311386     0.353979 
59339.645103 0.000000 0.000000    -0.287073     0.354607 
59339.699922 0.000000 0.000000    -0.262426     0.355297 
59339.754740 0.000000 0.000000    -0.237478     0.356045 
59339.809558 0.000000 0.000000    -0.212265     0.356850 
59339.864377 0.000000 0.000000    -0.186819     0.357709 
59339.919195 0.000000 0.000000    -0.161175     0.358619 
59339.974014 0.000000 0.000000    -0.135365     0.359578 
59340.028832 0.000000 0.000000    -0.109424     0.360581 
59340.083651 0.000000 0.000000    -0.083386     0.361626 
59340.138469 0.000000 0.000000    -0.057284     0.362708 
59340.193287 0.000000 0.000000    -0.031151     0.363825 
59340.248106 0.000000 0.000000    -0.005020     0.364972 
59340.302924 0.000000 0.000000     0.021076     0.366145 
59340.357743 0.000000 0.000000     0.047103     0.367340 
59340.412561 0.000000 0.000000     0.073031     0.368554 
59340.467380 0.000000 0.000000     0.098826     0.369781 
59340.522198 0.000000 0.000000     0.124459     0.371019 
59340.577016 0.000000 0.000000     0.149896     0.372262 
59340.631835 0.000000 0.000000     0.175109     0.373507 
59340.686653 0.000000 0.000000     0.200066     0.374750 
59340.741472 0.000000 0.000000     0.224739     0.375987 
59340.796290 0.000000 0.000000     0.249099     0.377213 
59340.851109 0.000000 0.000000     0.273117     0.378425 
59340.905927 0.000000 0.000000     0.296765     0.379619 
59340.960745 0.000000 0.000000     0.320017     0.380792 
59341.015564 0.000000 0.000000     0.342846     0.381940 
59341.070382 0.000000 0.000000     0.365227     0.383059 
59341.125201 0.000000 0.000000     0.387135     0.384146 
59341.180019 0.000000 0.000000     0.408547     0.385198 
59341.234838 0.000000 0.000000     0.429438     0.386213 
59341.289656 0.000000 0.000000     0.449788     0.387186 
59341.344474 0.000000 0.000000     0.469573     0.388116 
59341.399293 0.000000 0.000000     0.488775     0.388999 
59341.454111 0.000000 0.000000     0.507373     0.389833 
59341.508930 0.000000 0.000000     0.525348     0.390617 
59341.563748 0.000000 0.000000     0.542684     0.391347 
59341.618567 0.000000 0.000000     0.559362     0.392022 
59341.673385 0.000000 0.000000     0.575369     0.392640 
59341.728203 0.000000 0.000000     0.590688     0.393200 
59341.783022 0.000000 0.000000     0.605306     0.393699 
59341.837840 0.000000 0.000000     0.619210     0.394138 
59341.892659 0.000000 0.000000     0.632389     0.394514 
59341.947477 0.000000 0.000000     0.644832     0.394827 
59342.002296 0.000000 0.000000     0.656530     0.395076 
59342.057114 0.000000 0.000000     0.667474     0.395260 
59342.111932 0.000000 0.000000     0.677656     0.395380 
59342.166751 0.000000 0.000000     0.687071     0.395435 
59342.221569 0.000000 0.000000     0.695713     0.395424 
59342.276388 0.000000 0.000000     0.703578     0.395349 
59342.331206 0.000000 0.000000     0.710662     0.395210 
59342.386025 0.000000 0.000000     0.716964     0.395007 
59342.440843 0.000000 0.000000     0.722482     0.394741 
59342.495661 0.000000 0.000000     0.727218     0.394413 
59342.550480 0.000000 0.000000     0.731171     0.394025 
59342.605298 0.000000 0.000000     0.734344     0.393577 
59342.660117 0.000000 0.000000     0.736740     0.393073 
59342.714935 0.000000 0.000000     0.738364     0.392513 
59342.769753 0.000000 0.000000     0.739220     0.391900 
59342.824572 0.000000 0.000000     0.739315     0.391236 
59342.879390 0.000000 0.000000     0.738657     0.390523 
59342.934209 0.000000 0.000000     0.737252     0.389766 
59342.989027 0.000000 0.000000     0.735112     0.388966 
59343.043846 0.000000 0.000000     0.732244     0.388127 
59343.098664 0.000000 0.000000     0.728662     0.387253 
59343.153482 0.000000 0.000000     0.724375     0.386347 
59343.208301 0.000000 0.000000     0.719398     0.385413 
59343.263119 0.000000 0.000000     0.713744     0.384457 
59343.317938 0.000000 0.000000     0.707427     0.383481 
59343.372756 0.000000 0.000000     0.700462     0.382491 
59343.427575 0.000000 0.000000     0.692866     0.381491 
59343.482393 0.000000 0.000000     0.684654     0.380487 
59343.537211 0.000000 0.000000     0.675846     0.379484 
59343.592030 0.000000 0.000000     0.666457     0.378486 
59343.646848 0.000000 0.000000     0.656508     0.377500 
59343.701667 0.000000 0.000000     0.646018     0.376531 
59343.756485 0.000000 0.000000     0.635005     0.375584 
59343.811304 0.000000 0.000000     0.623492     0.374665 
59343.866122 0.000000 0.000000     0.611499     0.373780 
59343.920940 0.000000 0.000000     0.599048     0.372933 
59343.975759 0.000000 0.000000     0.586160     0.372131 
59344.030577 0.000000 0.000000     0.572857     0.371378 
59344.085396 0.000000 0.000000     0.559163     0.370679 
59344.140214 0.000000 0.000000     0.545100     0.370040 
59344.195033 0.000000 0.000000     0.530692     0.369464 
59344.249851 0.000000 0.000000     0.515962     0.368956 
59344.304669 0.000000 0.000000     0.500934     0.368519 
59344.359488 0.000000 0.000000     0.485633     0.368157 
59344.414306 0.000000 0.000000     0.470082     0.367872 
59344.469125 0.000000 0.000000     0.454305     0.367667 
59344.523943 0.000000 0.000000     0.438327     0.367543 
59344.578762 0.000000 0.000000     0.422173     0.367501 
59344.633580 0.000000 0.000000     0.405866     0.367543 
59344.688398 0.000000 0.000000     0.389431     0.367669 
59344.743217 0.000000 0.000000     0.372892     0.367876 
59344.798035 0.000000 0.000000     0.356273     0.368166 
59344.852854 0.000000 0.000000     0.339599     0.368535 
59344.907672 0.000000 0.000000     0.322892     0.368982 
59344.962491 0.000000 0.000000     0.306177     0.369504 
59345.017309 0.000000 0.000000     0.289476     0.370097 
59345.072127 0.000000 0.000000     0.272812     0.370759 
59345.126946 0.000000 0.000000     0.256209     0.371484 
59345.181764 0.000000 0.000000     0.239688     0.372270 
59345.236583 0.000000 0.000000     0.223271     0.373110 
59345.291401 0.000000 0.000000     0.206980     0.374001 
59345.346220 0.000000 0.000000     0.190834     0.374936 
59345.401038 0.000000 0.000000     0.174856     0.375912 
59345.455856 0.000000 0.000000     0.159063     0.376921 
59345.510675 0.000000 0.000000     0.143477     0.377960 
59345.565493 0.000000 0.000000     0.128115     0.379022 
59345.620312 0.000000 0.000000     0.112995     0.380102 
59345.675130 0.000000 0.000000     0.098135     0.381195 
59345.729949 0.000000 0.000000     0.083551     0.382295 
59345.784767 0.000000 0.000000     0.069259     0.383397 
59345.839585 0.000000 0.000000     0.055276     0.384496 
59345.894404 0.000000 0.000000     0.041614     0.385587 
59345.949222 0.000000 0.000000     0.028288     0.386666 
59346.004041 0.000000 0.000000     0.015312     0.387728 
59346.058859 0.000000 0.000000     0.002696     0.388768 
59346.113678 0.000000 0.000000    -0.009548     0.389783 
59346.168496 0.000000 0.000000    -0.021409     0.390769 
59346.223314 0.000000 0.000000    -0.032877     0.391721 
59346.278133 0.000000 0.000000    -0.043945     0.392637 
59346.332951 0.000000 0.000000    -0.054603     0.393513 
59346.387770 0.000000 0.000000    -0.064846     0.394347 
59346.442588 0.000000 0.000000    -0.074666     0.395136 
59346.497407 0.000000 0.000000    -0.084060     0.395877 
59346.552225 0.000000 0.000000    -0.093021     0.396568 
59346.607043 0.000000 0.000000    -0.101549     0.397208 
59346.661862 0.000000 0.000000    -0.109638     0.397794 
59346.716680 0.000000 0.000000    -0.117290     0.398325 
59346.771499 0.000000 0.000000    -0.124502     0.398799 
59346.826317 0.000000 0.000000    -0.131274     0.399217 
59346.881136 0.000000 0.000000    -0.137610     0.399576 
59346.935954 0.000000 0.000000    -0.143509     0.399877 
59346.990772 0.000000 0.000000    -0.148976     0.400119 
59347.045591 0.000000 0.000000    -0.154014     0.400303 
59347.100409 0.000000 0.000000    -0.158628     0.400427 
59347.155228 0.000000 0.000000    -0.162823     0.400493 
59347.210046 0.000000 0.000000    -0.166607     0.400500 
59347.264865 0.000000 0.000000    -0.169986     0.400451 
59347.319683 0.000000 0.000000    -0.172969     0.400345 
59347.374501 0.000000 0.000000    -0.175564     0.400184 
59347.429320 0.000000 0.000000    -0.177781     0.399969 
59347.484138 0.000000 0.000000    -0.179631     0.399702 
59347.538957 0.000000 0.000000    -0.181125     0.399384 
59347.593775 0.000000 0.000000    -0.182275     0.399017 
59347.648594 0.000000 0.000000    -0.183093     0.398605 
59347.703412 0.000000 0.000000    -0.183593     0.398147 
59347.758230 0.000000 0.000000    -0.183789     0.397648 
59347.813049 0.000000 0.000000    -0.183695     0.397110 
59347.867867 0.000000 0.000000    -0.183326     0.396535 
59347.922686 0.000000 0.000000    -0.182698     0.395927 
59347.977504 0.000000 0.000000    -0.181827     0.395288 
59348.032323 0.000000 0.000000    -0.180730     0.394622 
59348.087141 0.000000 0.000000    -0.179424     0.393931 
59348.141959 0.000000 0.000000    -0.177927     0.393221 
59348.196778 0.000000 0.000000    -0.176256     0.392493 
59348.251596 0.000000 0.000000    -0.174430     0.391752 
59348.306415 0.000000 0.000000    -0.172467     0.391001 
59348.361233 0.000000 0.000000    -0.170386     0.390243 
59348.416052 0.000000 0.000000    -0.168206     0.389484 
59348.470870 0.000000 0.000000    -0.165947     0.388726 
59348.525688 0.000000 0.000000    -0.163628     0.387973 
59348.580507 0.000000 0.000000    -0.161269     0.387229 
59348.635325 0.000000 0.000000    -0.158888     0.386498 
59348.690144 0.000000 0.000000    -0.156507     0.385782 
59348.744962 0.000000 0.000000    -0.154144     0.385087 
59348.799781 0.000000 0.000000    -0.151820     0.384415 
59348.854599 0.000000 0.000000    -0.149554     0.383769 
59348.909417 0.000000 0.000000    -0.147365     0.383152 
59348.964236 0.000000 0.000000    -0.145272     0.382568 
59349.019054 0.000000 0.000000    -0.143296     0.382018 
59349.073873 0.000000 0.000000    -0.141454     0.381507 
59349.128691 0.000000 0.000000    -0.139766     0.381034 
59349.183510 0.000000 0.000000    -0.138249     0.380603 
59349.238328 0.000000 0.000000    -0.136922     0.380216 
59349.293146 0.000000 0.000000    -0.135802     0.379872 
59349.347965 0.000000 0.000000    -0.134906     0.379574 
59349.402783 0.000000 0.000000    -0.134252     0.379322 
59349.457602 0.000000 0.000000    -0.133853     0.379116 
59349.512420 0.000000 0.000000    -0.133728     0.378957 
59349.567239 0.000000 0.000000    -0.133890     0.378844 
59349.622057 0.000000 0.000000    -0.134354     0.378776 
59349.676875 0.000000 0.000000    -0.135133     0.378752 
59349.731694 0.000000 0.000000    -0.136242     0.378772 
59349.786512 0.000000 0.000000    -0.137691     0.378834 
59349.841331 0.000000 0.000000    -0.139493     0.378935 
59349.896149 0.000000 0.000000    -0.141658     0.379074 
59349.950967 0.000000 0.000000    -0.144197     0.379249 
59350.005786 0.000000 0.000000    -0.147118     0.379457 
59350.060604 0.000000 0.000000    -0.150431     0.379695 
59350.115423 0.000000 0.000000    -0.154142     0.379961 
59350.170241 0.000000 0.000000    -0.158258     0.380251 
59350.225060 0.000000 0.000000    -0.162785     0.380563 
59350.279878 0.000000 0.000000    -0.167727     0.380894 
59350.334696 0.000000 0.000000    -0.173089     0.381239 
59350.389515 0.000000 0.000000    -0.178872     0.381597 
59350.444333 0.000000 0.000000    -0.185080     0.381963 
59350.499152 0.000000 0.000000    -0.191711     0.382334 
59350.553970 0.000000 0.000000    -0.198767     0.382708 
59350.608789 0.000000 0.000000    -0.206246     0.383080 
59350.663607 0.000000 0.000000    -0.214146     0.383448 
59350.718425 0.000000 0.000000    -0.222462     0.383809 
59350.773244 0.000000 0.000000    -0.231192     0.384160 
59350.828062 0.000000 0.000000    -0.240328     0.384498 
59350.882881 0.000000 0.000000    -0.249866     0.384820 
59350.937699 0.000000 0.000000    -0.259796     0.385123 
59350.992518 0.000000 0.000000    -0.270111     0.385406 
59351.047336 0.000000 0.000000    -0.280800     0.385665 
59351.102154 0.000000 0.000000    -0.291853     0.385899 
59351.156973 0.000000 0.000000    -0.303258     0.386105 
59351.211791 0.000000 0.000000    -0.315002     0.386282 
59351.266610 0.000000 0.000000    -0.327071     0.386427 
59351.321428 0.000000 0.000000    -0.339451     0.386540 
59351.376247 0.000000 0.000000    -0.352125     0.386619 
59351.431065 0.000000 0.000000    -0.365075     0.386663 
59351.485883 0.000000 0.000000    -0.378286     0.386671 
59351.540702 0.000000 0.000000    -0.391737     0.386641 
59351.595520 0.000000 0.000000    -0.405408     0.386574 
59351.650339 0.000000 0.000000    -0.419280     0.386468 
59351.705157 0.000000 0.000000    -0.433329     0.386324 
59351.759976 0.000000 0.000000    -0.447535     0.386140 
59351.814794 0.000000 0.000000    -0.461874     0.385918 
59351.869612 0.000000 0.000000    -0.476321     0.385657 
59351.924431 0.000000 0.000000    -0.490851     0.385358 
59351.979249 0.000000 0.000000    -0.505440     0.385021 
59352.034068 0.000000 0.000000    -0.520060     0.384647 
59352.088886 0.000000 0.000000    -0.534684     0.384237 
59352.143705 0.000000 0.000000    -0.549286     0.383791 
59352.198523 0.000000 0.000000    -0.563836     0.383310 
59352.253341 0.000000 0.000000    -0.578305     0.382797 
59352.308160 0.000000 0.000000    -0.592665     0.382252 
59352.362978 0.000000 0.000000    -0.606885     0.381677 
59352.417797 0.000000 0.000000    -0.620935     0.381073 
59352.472615 0.000000 0.000000    -0.634784     0.380443 
59352.527434 0.000000 0.000000    -0.648402     0.379789 
59352.582252 0.000000 0.000000    -0.661756     0.379112 
59352.637070 0.000000 0.000000    -0.674815     0.378414 
59352.691889 0.000000 0.000000    -0.687546     0.377699 
59352.746707 0.000000 0.000000    -0.699919     0.376968 
59352.801526 0.000000 0.000000    -0.711900     0.376224 
59352.856344 0.000000 0.000000    -0.723458     0.375470 
59352.911163 0.000000 0.000000    -0.734559     0.374708 
59352.965981 0.000000 0.000000    -0.745171     0.373941 
59353.020799 0.000000 0.000000    -0.755263     0.373172 
59353.075618 0.000000 0.000000    -0.764801     0.372403 
59353.130436 0.000000 0.000000    -0.773754     0.371638 
59353.185255 0.000000 0.000000    -0.782089     0.370880 
59353.240073 0.000000 0.000000    -0.789776     0.370130 
59353.294892 0.000000 0.000000    -0.796783     0.369393 
59353.349710 0.000000 0.000000    -0.803078     0.368672 
59353.404528 0.000000 0.000000    -0.808631     0.367968 
59353.459347 0.000000 0.000000    -0.813412     0.367285 
59353.514165 0.000000 0.000000    -0.817392     0.366626 
59353.568984 0.000000 0.000000    -0.820540     0.365994 
59353.623802 0.000000 0.000000    -0.822830     0.365390 
59353.678621 0.000000 0.000000    -0.824231     0.364817 
59353.733439 0.000000 0.000000    -0.824718     0.364278 
59353.788257 0.000000 0.000000    -0.824264     0.363776 
59353.843076 0.000000 0.000000    -0.822843     0.363311 
59353.897894 0.000000 0.000000    -0.820430     0.362886 
59353.952713 0.000000 0.000000    -0.817001     0.362502 
59354.007531 0.000000 0.000000    -0.812534     0.362162 
59354.062350 0.000000 0.000000    -0.807005     0.361866 
59354.117168 0.000000 0.000000    -0.800393     0.361616 
59354.171986 0.000000 0.000000    -0.792679     0.361413 
59354.226805 0.000000 0.000000    -0.783842     0.361257 
59354.281623 0.000000 0.000000    -0.773866     0.361149 
59354.336442 0.000000 0.000000    -0.762733     0.361089 
59354.391260 0.000000 0.000000    -0.750427     0.361077 
59354.446079 0.000000 0.000000    -0.736934     0.361114 
59354.500897 0.000000 0.000000    -0.722241     0.361199 
59354.555715 0.000000 0.000000    -0.706334     0.361332 
59354.610534 0.000000 0.000000    -0.689205     0.361512 
59354.665352 0.000000 0.000000    -0.670842     0.361738 
59354.720171 0.000000 0.000000    -0.651238     0.362010 
59354.774989 0.000000 0.000000    -0.630386     0.362327 
59354.829808 0.000000 0.000000    -0.608281     0.362688 
59354.884626 0.000000 0.000000    -0.584918     0.363091 
59354.939444 0.000000 0.000000    -0.560295     0.363535 
59354.994263 0.000000 0.000000    -0.534412     0.364020 
59355.049081 0.000000 0.000000    -0.507267     0.364544 
59355.103900 0.000000 0.000000    -0.478862     0.365106 
59355.158718 0.000000 0.000000    -0.449202     0.365704 
59355.213537 0.000000 0.000000    -0.418291     0.366337 
59355.268355 0.000000 0.000000    -0.386134     0.367005 
59355.323173 0.000000 0.000000    -0.352739     0.367707 
59355.377992 0.000000 0.000000    -0.318116     0.368440 
59355.432810 0.000000 0.000000    -0.282275     0.369206 
59355.487629 0.000000 0.000000    -0.245228     0.370002 
59355.542447 0.000000 0.000000    -0.206988     0.370829 
59355.597266 0.000000 0.000000    -0.167572     0.371687 
59355.652084 0.000000 0.000000    -0.126994     0.372574 
59355.706902 0.000000 0.000000    -0.085274     0.373492 
59355.761721 0.000000 0.000000    -0.042430     0.374441 
59355.816539 0.000000 0.000000     0.001516     0.375420 
59355.871358 0.000000 0.000000     0.046543     0.376432 
59355.926176 0.000000 0.000000     0.092627     0.377476 
59355.980995 0.000000 0.000000     0.139742     0.378555 
59356.035813 0.000000 0.000000     0.187863     0.379669 
59356.090631 0.000000 0.000000     0.236962     0.380820 
59356.145450 0.000000 0.000000     0.287009     0.382012 
59356.200268 0.000000 0.000000     0.337974     0.383244 
59356.255087 0.000000 0.000000     0.389826     0.384521 
59356.309905 0.000000 0.000000     0.442532     0.385846 
59356.364724 0.000000 0.000000     0.496058     0.387220 
59356.419542 0.000000 0.000000     0.550369     0.388647 
59356.474360 0.000000 0.000000     0.605428     0.390132 
59356.529179 0.000000 0.000000     0.661199     0.391677 
59356.583997 0.000000 0.000000     0.717642     0.393286 
59356.638816 0.000000 0.000000     0.774719     0.394963 
59356.693634 0.000000 0.000000     0.832389     0.396713 
59356.748452 0.000000 0.000000     0.890610     0.398539 
59356.803271 0.000000 0.000000     0.949341     0.400446 
59356.858089 0.000000 0.000000     1.008538     0.402438 
59356.912908 0.000000 0.000000     1.068158     0.404520 
59356.967726 0.000000 0.000000     1.128156     0.406695 
59357.022545 0.000000 0.000000     1.188487     0.408969 
59357.077363 0.000000 0.000000     1.249104     0.411344 
59357.132181 0.000000 0.000000     1.309961     0.413826 
59357.187000 0.000000 0.000000     1.371012     0.416417 
59357.241818 0.000000 0.000000     1.432208     0.419123 
59357.296637 0.000000 0.000000     1.493502     0.421944 
59357.351455 0.000000 0.000000     1.554844     0.424886 
59357.406274 0.000000 0.000000     1.616187     0.427950 
59357.461092 0.000000 0.000000     1.677481     0.431140 
59357.515910 0.000000 0.000000     1.738677     0.434456 
59357.570729 0.000000 0.000000     1.799725     0.437901 
59357.625547 0.000000 0.000000     1.860576     0.441476 
59357.680366 0.000000 0.000000     1.921180     0.445182 
59357.735184 0.000000 0.000000     1.981488     0.449020 
59357.790003 0.000000 0.000000     2.041449     0.452989 
59357.844821 0.000000 0.000000     2.101015     0.457089 
59357.899639 0.000000 0.000000     2.160135     0.461320 
59357.954458 0.000000 0.000000     2.218761     0.465680 
59358.009276 0.000000 0.000000     2.276844     0.470168 
59358.064095 0.000000 0.000000     2.334334     0.474782 
59358.118913 0.000000 0.000000     2.391185     0.479521 
59358.173732 0.000000 0.000000     2.447348     0.484381 
59358.228550 0.000000 0.000000     2.502775     0.489360 
59358.283368 0.000000 0.000000     2.557421     0.494456 
59358.338187 0.000000 0.000000     2.611239     0.499665 
59358.393005 0.000000 0.000000     2.664182     0.504984 
59358.447824 0.000000 0.000000     2.716208     0.510409 
59358.502642 0.000000 0.000000     2.767270     0.515937 
59358.557461 0.000000 0.000000     2.817327     0.521563 
59358.612279 0.000000 0.000000     2.866335     0.527285 
59358.667097 0.000000 0.000000     2.914253     0.533098 
59358.721916 0.000000 0.000000     2.961040     0.538998 
59358.776734 0.000000 0.000000     3.006657     0.544982 
59358.831553 0.000000 0.000000     3.051064     0.551044 
59358.886371 0.000000 0.000000     3.094225     0.557182 
59358.941190 0.000000 0.000000     3.136102     0.563391 
59358.996008 0.000000 0.000000     3.176661     0.569667 
59359.050826 0.000000 0.000000     3.215866     0.576006 
59359.105645 0.000000 0.000000     3.253686     0.582404 
59359.160463 0.000000 0.000000     3.290087     0.588857 
59359.215282 0.000000 0.000000     3.325041     0.595362 
59359.270100 0.000000 0.000000     3.358517     0.601915 
59359.324919 0.000000 0.000000     3.390488     0.608511 
59359.379737 0.000000 0.000000     3.420927     0.615148 
59359.434555 0.000000 0.000000     3.449810     0.621822 
59359.489374 0.000000 0.000000     3.477112     0.628529 
59359.544192 0.000000 0.000000     3.502813     0.635266 
59359.599011 0.000000 0.000000     3.526890     0.642030 
59359.653829 0.000000 0.000000     3.549325     0.648818 
59359.708648 0.000000 0.000000     3.570101     0.655626 
59359.763466 0.000000 0.000000     3.589201     0.662451 
59359.818284 0.000000 0.000000     3.606611     0.669291 
59359.873103 0.000000 0.000000     3.622317     0.676142 
59359.927921 0.000000 0.000000     3.636309     0.683002 
59359.982740 0.000000 0.000000     3.648577     0.689868 
59360.037558 0.000000 0.000000     3.659112     0.696738 
59360.092377 0.000000 0.000000     3.667908     0.703608 
59360.147195 0.000000 0.000000     3.674960     0.710477 
59360.202013 0.000000 0.000000     3.680264     0.717342 
59360.256832 0.000000 0.000000     3.683819     0.724201 
59360.311650 0.000000 0.000000     3.685624     0.731051 
59360.366469 0.000000 0.000000     3.685682     0.737890 
59360.421287 0.000000 0.000000     3.683995     0.744717 
59360.476106 0.000000 0.000000     3.680567     0.751529 
59360.530924 0.000000 0.000000     3.675406     0.758324 
59360.585742 0.000000 0.000000     3.668518     0.765100 
59360.640561 0.000000 0.000000     3.659914     0.771856 
59360.695379 0.000000 0.000000     3.649603     0.778589 
59360.750198 0.000000 0.000000     3.637600     0.785298 
59360.805016 0.000000 0.000000     3.623917     0.791981 
59360.859835 0.000000 0.000000     3.608570     0.798637 
59360.914653 0.000000 0.000000     3.591576     0.805264 
59360.969471 0.000000 0.000000     3.572953     0.811860 
59361.024290 0.000000 0.000000     3.552722     0.818425 
59361.079108 0.000000 0.000000     3.530904     0.824956 
59361.133927 0.000000 0.000000     3.507521     0.831452 
59361.188745 0.000000 0.000000     3.482597     0.837912 
59361.243564 0.000000 0.000000     3.456158     0.844334 
59361.298382 0.000000 0.000000     3.428231     0.850718 
59361.353200 0.000000 0.000000     3.398842     0.857062 
59361.408019 0.000000 0.000000     3.368022     0.863365 
59361.462837 0.000000 0.000000     3.335800     0.869626 
59361.517656 0.000000 0.000000     3.302208     0.875843 
59361.572474 0.000000 0.000000     3.267279     0.882017 
59361.627293 0.000000 0.000000     3.231046     0.888145 
59361.682111 0.000000 0.000000     3.193544     0.894226 
59361.736929 0.000000 0.000000     3.154809     0.900260 
59361.791748 0.000000 0.000000     3.114878     0.906247 
59361.846566 0.000000 0.000000     3.073787     0.912184 
59361.901385 0.000000 0.000000     3.031575     0.918071 
59361.956203 0.000000 0.000000     2.988282     0.923907 
59362.011022 0.000000 0.000000     2.943948     0.929692 
59362.065840 0.000000 0.000000     2.898613     0.935424 
59362.120658 0.000000 0.000000     2.852319     0.941103 
59362.175477 0.000000 0.000000     2.805108     0.946729 
59362.230295 0.000000 0.000000     2.757023     0.952300 
59362.285114 0.000000 0.000000     2.708107     0.957815 
59362.339932 0.000000 0.000000     2.658404     0.963275 
59362.394751 0.000000 0.000000     2.607957     0.968679 
59362.449569 0.000000 0.000000     2.556813     0.974025 
59362.504387 0.000000 0.000000     2.505015     0.979313 
59362.559206 0.000000 0.000000     2.452609     0.984544 
59362.614024 0.000000 0.000000     2.399640     0.989715 
59362.668843 0.000000 0.000000     2.346155     0.994827 
59362.723661 0.000000 0.000000     2.292198     0.999880 
59362.778480 0.000000 0.000000     2.237817     1.004872 
59362.833298 0.000000 0.000000     2.183057     1.009803 
59362.888116 0.000000 0.000000     2.127964     1.014673 
59362.942935 0.000000 0.000000     2.072585     1.019481 
59362.997753 0.000000 0.000000     2.016964     1.024228 
59363.052572 0.000000 0.000000     1.961149     1.028911 
59363.107390 0.000000 0.000000     1.905184     1.033532 
59363.162209 0.000000 0.000000     1.849115     1.038090 
59363.217027 0.000000 0.000000     1.792987     1.042584 
59363.271845 0.000000 0.000000     1.736845     1.047014 
59363.326664 0.000000 0.000000     1.680734     1.051379 
59363.381482 0.000000 0.000000     1.624696     1.055680 
59363.436301 0.000000 0.000000     1.568777     1.059917 
59363.491119 0.000000 0.000000     1.513018     1.064088 
59363.545938 0.000000 0.000000     1.457462     1.068193 
59363.600756 0.000000 0.000000     1.402152     1.072233 
59363.655574 0.000000 0.000000     1.347128     1.076207 
59363.710393 0.000000 0.000000     1.292432     1.080115 
59363.765211 0.000000 0.000000     1.238102     1.083957 
59363.820030 0.000000 0.000000     1.184178     1.087732 
59363.874848 0.000000 0.000000     1.130698     1.091441 
59363.929666 0.000000 0.000000     1.077701     1.095083 
59363.984485 0.000000 0.000000     1.025222     1.098658 
59364.039303 0.000000 0.000000     0.973297     1.102166 
59364.094122 0.000000 0.000000     0.921961     1.105606 
59364.148940 0.000000 0.000000     0.871248     1.108980 
59364.203759 0.000000 0.000000     0.821192     1.112286 
59364.258577 0.000000 0.000000     0.771823     1.115525 
59364.313395 0.000000 0.000000     0.723172     1.118697 
59364.368214 0.000000 0.000000     0.675270     1.121801 
59364.423032 0.000000 0.000000     0.628146     1.124838 
59364.477851 0.000000 0.000000     0.581825     1.127807 
59364.532669 0.000000 0.000000     0.536336     1.130709 
59364.587488 0.000000 0.000000     0.491704     1.133544 
59364.642306 0.000000 0.000000     0.447952     1.136312 
59364.697124 0.000000 0.000000     0.405103     1.139013 
59364.751943 0.000000 0.000000     0.363179     1.141647 
59364.806761 0.000000 0.000000     0.322201     1.144214 
59364.861580 0.000000 0.000000     0.282188     1.146715 
59364.916398 0.000000 0.000000     0.243157     1.149149 
59364.971217 0.000000 0.000000     0.205126     1.151517 
59365.026035 0.000000 0.000000     0.168109     1.153819 
59365.080853 0.000000 0.000000     0.132122     1.156055 
59365.135672 0.000000 0.000000     0.097176     1.158226 
59365.190490 0.000000 0.000000     0.063284     1.160331 
59365.245309 0.000000 0.000000     0.030456     1.162372 
59365.300127 0.000000 0.000000    -0.001300     1.164348 
59365.354946 0.000000 0.000000    -0.031975     1.166260 
59365.409764 0.000000 0.000000    -0.061563     1.168108 
59365.464582 0.000000 0.000000    -0.090059     1.169893 
59365.519401 0.000000 0.000000    -0.117459     1.171615 
59365.574219 0.000000 0.000000    -0.143761     1.173274 
59365.629038 0.000000 0.000000    -0.168964     1.174872 
59365.683856 0.000000 0.000000    -0.193066     1.176407 
59365.738675 0.000000 0.000000    -0.216070     1.177882 
59365.793493 0.000000 0.000000    -0.237977     1.179296 
59365.848311 0.000000 0.000000    -0.258793     1.180650 
59365.903130 0.000000 0.000000    -0.278520     1.181945 
59365.957948 0.000000 0.000000    -0.297166     1.183181 
59366.012767 0.000000 0.000000    -0.314738     1.184358 
59366.067585 0.000000 0.000000    -0.331244     1.185479 
59366.122404 0.000000 0.000000    -0.346693     1.186542 
59366.177222 0.000000 0.000000    -0.361097     1.187549 
59366.232040 0.000000 0.000000    -0.374467     1.188501 
59366.286859 0.000000 0.000000    -0.386815     1.189397 
59366.341677 0.000000 0.000000    -0.398156     1.190240 
59366.396496 0.000000 0.000000    -0.408505     1.191029 
59366.451314 0.000000 0.000000    -0.417878     1.191766 
59366.506133 0.000000 0.000000    -0.426290     1.192451 
59366.560951 0.000000 0.000000    -0.433761     1.193085 
59366.615769 0.000000 0.000000    -0.440308     1.193669 
59366.670588 0.000000 0.000000    -0.445952     1.194204 
59366.725406 0.000000 0.000000    -0.450713     1.194690 
59366.780225 0.000000 0.000000    -0.454611     1.195129 
59366.835043 0.000000 0.000000    -0.457669     1.195521 
59366.889862 0.000000 0.000000    -0.459910     1.195867 
59366.944680 0.000000 0.000000    -0.461357     1.196168 
59366.999498 0.000000 0.000000    -0.462034     1.196425 
59367.054317 0.000000 0.000000    -0.461967     1.196639 
59367.109135 0.000000 0.000000    -0.461179     1.196811 
59367.163954 0.000000 0.000000    -0.459698     1.196941 
59367.218772 0.000000 0.000000    -0.457550     1.197032 
59367.273591 0.000000 0.000000    -0.454761     1.197082 
59367.328409 0.000000 0.000000    -0.451359     1.197094 
59367.383227 0.000000 0.000000    -0.447373     1.197069 
59367.438046 0.000000 0.000000    -0.442829     1.197007 
59367.492864 0.000000 0.000000    -0.437757     1.196910 
59367.547683 0.000000 0.000000    -0.432186     1.196778 
59367.602501 0.000000 0.000000    -0.426144     1.196612 
59367.657320 0.000000 0.000000    -0.419661     1.196414 
59367.712138 0.000000 0.000000    -0.412766     1.196184 
59367.766956 0.000000 0.000000    -0.405489     1.195923 
59367.821775 0.000000 0.000000    -0.397859     1.195632 
59367.876593 0.000000 0.000000    -0.389907     1.195312 
59367.931412 0.000000 0.000000    -0.381662     1.194965 
59367.986230 0.000000 0.000000    -0.373154     1.194590 
59368.041049 0.000000 0.000000    -0.364413     1.194189 
59368.095867 0.000000 0.000000    -0.355467     1.193763 
59368.150685 0.000000 0.000000    -0.346348     1.193313 
59368.205504 0.000000 0.000000    -0.337083     1.192840 
59368.260322 0.000000 0.000000    -0.327702     1.192344 
59368.315141 0.000000 0.000000    -0.318234     1.191827 
59368.369959 0.000000 0.000000    -0.308707     1.191289 
59368.424778 0.000000 0.000000    -0.299150     1.190731 
59368.479596 0.000000 0.000000    -0.289590     1.190155 
59368.534414 0.000000 0.000000    -0.280056     1.189560 
59368.589233 0.000000 0.000000    -0.270573     1.188949 
59368.644051 0.000000 0.000000    -0.261168     1.188321 
59368.698870 0.000000 0.000000    -0.251869     1.187678 
59368.753688 0.000000 0.000000    -0.242699     1.187020 
59368.808507 0.000000 0.000000    -0.233685     1.186348 
59368.863325 0.000000 0.000000    -0.224850     1.185663 
59368.918143 0.000000 0.000000    -0.216218     1.184966 
59368.972962 0.000000 0.000000    -0.207813     1.184258 
59369.027780 0.000000 0.000000    -0.199658     1.183539 
59369.082599 0.000000 0.000000    -0.191773     1.182810 
59369.137417 0.000000 0.000000    -0.184180     1.182072 
59369.192236 0.000000 0.000000    -0.176899     1.181325 
59369.247054 0.000000 0.000000    -0.169951     1.180571 
59369.301872 0.000000 0.000000    -0.163353     1.179810 
59369.356691 0.000000 0.000000    -0.157123     1.179043 
59369.411509 0.000000 0.000000    -0.151280     1.178269 
59369.466328 0.000000 0.000000    -0.145839     1.177492 
59369.521146 0.000000 0.000000    -0.140815     1.176709 
59369.575965 0.000000 0.000000    -0.136224     1.175924 
59369.630783 0.000000 0.000000    -0.132078     1.175135 
59369.685601 0.000000 0.000000    -0.128391     1.174344 
59369.740420 0.000000 0.000000    -0.125175     1.173552 
59369.795238 0.000000 0.000000    -0.122440     1.172758 
59369.850057 0.000000 0.000000    -0.120196     1.171964 
59369.904875 0.000000 0.000000    -0.118453     1.171171 
59369.959694 0.000000 0.000000    -0.117219     1.170378 
59370.014512 0.000000 0.000000    -0.116501     1.169587 
59370.069330 0.000000 0.000000    -0.116304     1.168798 
59370.124149 0.000000 0.000000    -0.116635     1.168011 
59370.178967 0.000000 0.000000    -0.117497     1.167228 
59370.233786 0.000000 0.000000    -0.118894     1.166449 
59370.288604 0.000000 0.000000    -0.120829     1.165674 
59370.343423 0.000000 0.000000    -0.123302     1.164904 
59370.398241 0.000000 0.000000    -0.126314     1.164139 
59370.453059 0.000000 0.000000    -0.129865     1.163380 
59370.507878 0.000000 0.000000    -0.133953     1.162628 
59370.562696 0.000000 0.000000    -0.138576     1.161883 
59370.617515 0.000000 0.000000    -0.143731     1.161145 
59370.672333 0.000000 0.000000    -0.149413     1.160416 
59370.727151 0.000000 0.000000    -0.155617     1.159695 
59370.781970 0.000000 0.000000    -0.162338     1.158983 
59370.836788 0.000000 0.000000    -0.169569     1.158281 
59370.891607 0.000000 0.000000    -0.177301     1.157589 
59370.946425 0.000000 0.000000    -0.185527     1.156907 
59371.001244 0.000000 0.000000    -0.194238     1.156236 
59371.056062 0.000000 0.000000    -0.203422     1.155577 
59371.110880 0.000000 0.000000    -0.213070     1.154929 
59371.165699 0.000000 0.000000    -0.223170     1.154294 
59371.220517 0.000000 0.000000    -0.233709     1.153671 
59371.275336 0.000000 0.000000    -0.244674     1.153061 
59371.330154 0.000000 0.000000    -0.256052     1.152465 
59371.384973 0.000000 0.000000    -0.267828     1.151882 
59371.439791 0.000000 0.000000    -0.279987     1.151314 
59371.494609 0.000000 0.000000    -0.292514     1.150760 
59371.549428 0.000000 0.000000    -0.305392     1.150220 
59371.604246 0.000000 0.000000    -0.318605     1.149696 
59371.659065 0.000000 0.000000    -0.332136     1.149187 
59371.713883 0.000000 0.000000    -0.345966     1.148694 
59371.768702 0.000000 0.000000    -0.360078     1.148217 
59371.823520 0.000000 0.000000    -0.374454     1.147756 
59371.878338 0.000000 0.000000    -0.389073     1.147311 
59371.933157 0.000000 0.000000    -0.403917     1.146883 
59371.987975 0.000000 0.000000    -0.418967     1.146472 
59372.042794 0.000000 0.000000    -0.434202     1.146077 
59372.097612 0.000000 0.000000    -0.449602     1.145700 
59372.152431 0.000000 0.000000    -0.465146     1.145339 
59372.207249 0.000000 0.000000    -0.480815     1.144996 
59372.262067 0.000000 0.000000    -0.496588     1.144670 
59372.316886 0.000000 0.000000    -0.512443     1.144362 
59372.371704 0.000000 0.000000    -0.528359     1.144071 
59372.426523 0.000000 0.000000    -0.544317     1.143798 
59372.481341 0.000000 0.000000    -0.560294     1.143542 
59372.536160 0.000000 0.000000    -0.576270     1.143304 
59372.590978 0.000000 0.000000    -0.592224     1.143083 
59372.645796 0.000000 0.000000    -0.608136     1.142879 
59372.700615 0.000000 0.000000    -0.623983     1.142693 
59372.755433 0.000000 0.000000    -0.639747     1.142524 
59372.810252 0.000000 0.000000    -0.655407     1.142373 
59372.865070 0.000000 0.000000    -0.670942     1.142238 
59372.919889 0.000000 0.000000    -0.686333     1.142120 
59372.974707 0.000000 0.000000    -0.701560     1.142019 
59373.029525 0.000000 0.000000    -0.716605     1.141935 
59373.084344 0.000000 0.000000    -0.731447     1.141867 
59373.139162 0.000000 0.000000    -0.746070     1.141815 
59373.193981 0.000000 0.000000    -0.760454     1.141780 
59373.248799 0.000000 0.000000    -0.774583     1.141760 
59373.303618 0.000000 0.000000    -0.788439     1.141756 
59373.358436 0.000000 0.000000    -0.802005     1.141767 
59373.413254 0.000000 0.000000    -0.815266     1.141793 
59373.468073 0.000000 0.000000    -0.828205     1.141834 
59373.522891 0.000000 0.000000    -0.840809     1.141890 
59373.577710 0.000000 0.000000    -0.853062     1.141961 
59373.632528 0.000000 0.000000    -0.864951     1.142045 
59373.687347 0.000000 0.000000    -0.876463     1.142144 
59373.742165 0.000000 0.000000    -0.887585     1.142256 
59373.796983 0.000000 0.000000    -0.898306     1.142381 
59373.851802 0.000000 0.000000    -0.908615     1.142520 
59373.906620 0.000000 0.000000    -0.918501     1.142672 
59373.961439 0.000000 0.000000    -0.927955     1.142836 
59374.016257 0.000000 0.000000    -0.936969     1.143012 
59374.071076 0.000000 0.000000    -0.945533     1.143201 
59374.125894 0.000000 0.000000    -0.000363     0.998412 
