# time Tc_folded Tref_folded model model_err 
59329.481866 0.000000 0.000000    -8.342133     1.496434 
59329.519476 0.000000 0.000000    -8.316579     1.483810 
59329.557086 0.000000 0.000000    -8.289775     1.471183 
59329.594696 0.000000 0.000000    -8.261719     1.458555 
59329.632306 0.000000 0.000000    -8.232413     1.445928 
59329.669917 0.000000 0.000000    -8.201859     1.433301 
59329.707527 0.000000 0.000000    -8.170056     1.420678 
59329.745137 0.000000 0.000000    -8.137009     1.408059 
59329.782747 0.000000 0.000000    -8.102720     1.395445 
59329.820357 0.000000 0.000000    -8.067193     1.382838 
59329.857967 0.000000 0.000000    -8.030431     1.370240 
59329.895578 0.000000 0.000000    -7.992439     1.357651 
59329.933188 0.000000 0.000000    -7.953224     1.345074 
59329.970798 0.000000 0.000000    -7.912789     1.332510 
59330.008408 0.000000 0.000000    -7.871142     1.319961 
59330.046018 0.000000 0.000000    -7.828290     1.307428 
59330.083628 0.000000 0.000000    -7.784240     1.294914 
59330.121238 0.000000 0.000000    -7.739001     1.282420 
59330.158849 0.000000 0.000000    -7.692580     1.269947 
59330.196459 0.000000 0.000000    -7.644987     1.257499 
59330.234069 0.000000 0.000000    -7.596231     1.245077 
59330.271679 0.000000 0.000000    -7.546324     1.232683 
59330.309289 0.000000 0.000000    -7.495275     1.220319 
59330.346899 0.000000 0.000000    -7.443097     1.207988 
59330.384510 0.000000 0.000000    -7.389800     1.195693 
59330.422120 0.000000 0.000000    -7.335397     1.183435 
59330.459730 0.000000 0.000000    -7.279902     1.171217 
59330.497340 0.000000 0.000000    -7.223327     1.159042 
59330.534950 0.000000 0.000000    -7.165687     1.146912 
59330.572560 0.000000 0.000000    -7.106996     1.134832 
59330.610170 0.000000 0.000000    -7.047269     1.122802 
59330.647781 0.000000 0.000000    -6.986521     1.110828 
59330.685391 0.000000 0.000000    -6.924768     1.098911 
59330.723001 0.000000 0.000000    -6.862028     1.087056 
59330.760611 0.000000 0.000000    -6.798315     1.075265 
59330.798221 0.000000 0.000000    -6.733649     1.063544 
59330.835831 0.000000 0.000000    -6.668046     1.051894 
59330.873442 0.000000 0.000000    -6.601525     1.040321 
59330.911052 0.000000 0.000000    -6.534104     1.028828 
59330.948662 0.000000 0.000000    -6.465803     1.017420 
59330.986272 0.000000 0.000000    -6.396642     1.006102 
59331.023882 0.000000 0.000000    -6.326639     0.994877 
59331.061492 0.000000 0.000000    -6.255815     0.983751 
59331.099102 0.000000 0.000000    -6.184192     0.972728 
59331.136713 0.000000 0.000000    -6.111790     0.961814 
59331.174323 0.000000 0.000000    -6.038630     0.951014 
59331.211933 0.000000 0.000000    -5.964735     0.940334 
59331.249543 0.000000 0.000000    -5.890127     0.929778 
59331.287153 0.000000 0.000000    -5.814827     0.919354 
59331.324763 0.000000 0.000000    -5.738860     0.909066 
59331.362374 0.000000 0.000000    -5.662248     0.898922 
59331.399984 0.000000 0.000000    -5.585014     0.888926 
59331.437594 0.000000 0.000000    -5.507183     0.879086 
59331.475204 0.000000 0.000000    -5.428778     0.869408 
59331.512814 0.000000 0.000000    -5.349824     0.859899 
59331.550424 0.000000 0.000000    -5.270345     0.850565 
59331.588035 0.000000 0.000000    -5.190366     0.841412 
59331.625645 0.000000 0.000000    -5.109912     0.832448 
59331.663255 0.000000 0.000000    -5.029009     0.823678 
59331.700865 0.000000 0.000000    -4.947682     0.815110 
59331.738475 0.000000 0.000000    -4.865956     0.806749 
59331.776085 0.000000 0.000000    -4.783858     0.798602 
59331.813695 0.000000 0.000000    -4.701414     0.790674 
59331.851306 0.000000 0.000000    -4.618649     0.782972 
59331.888916 0.000000 0.000000    -4.535590     0.775500 
59331.926526 0.000000 0.000000    -4.452264     0.768264 
59331.964136 0.000000 0.000000    -4.368697     0.761268 
59332.001746 0.000000 0.000000    -4.284917     0.754515 
59332.039356 0.000000 0.000000    -4.200949     0.748010 
59332.076967 0.000000 0.000000    -4.116820     0.741755 
59332.114577 0.000000 0.000000    -4.032558     0.735752 
59332.152187 0.000000 0.000000    -3.948190     0.730002 
59332.189797 0.000000 0.000000    -3.863743     0.724506 
59332.227407 0.000000 0.000000    -3.779243     0.719265 
59332.265017 0.000000 0.000000    -3.694719     0.714276 
59332.302627 0.000000 0.000000    -3.610196     0.709539 
59332.340238 0.000000 0.000000    -3.525702     0.705051 
59332.377848 0.000000 0.000000    -3.441265     0.700808 
59332.415458 0.000000 0.000000    -3.356911     0.696806 
59332.453068 0.000000 0.000000    -3.272667     0.693040 
59332.490678 0.000000 0.000000    -3.188560     0.689504 
59332.528288 0.000000 0.000000    -3.104618     0.686193 
59332.565899 0.000000 0.000000    -3.020866     0.683099 
59332.603509 0.000000 0.000000    -2.937331     0.680215 
59332.641119 0.000000 0.000000    -2.854040     0.677531 
59332.678729 0.000000 0.000000    -2.771020     0.675041 
59332.716339 0.000000 0.000000    -2.688296     0.672734 
59332.753949 0.000000 0.000000    -2.605895     0.670602 
59332.791559 0.000000 0.000000    -2.523842     0.668635 
59332.829170 0.000000 0.000000    -2.442164     0.666823 
59332.866780 0.000000 0.000000    -2.360885     0.665158 
59332.904390 0.000000 0.000000    -2.280032     0.663627 
59332.942000 0.000000 0.000000    -2.199630     0.662223 
59332.979610 0.000000 0.000000    -2.119702     0.660936 
59333.017220 0.000000 0.000000    -2.040275     0.659755 
59333.054831 0.000000 0.000000    -1.961372     0.658672 
59333.092441 0.000000 0.000000    -1.883017     0.657678 
59333.130051 0.000000 0.000000    -1.805235     0.656763 
59333.167661 0.000000 0.000000    -1.728049     0.655919 
59333.205271 0.000000 0.000000    -1.651482     0.655138 
59333.242881 0.000000 0.000000    -1.575558     0.654412 
59333.280492 0.000000 0.000000    -1.500298     0.653733 
59333.318102 0.000000 0.000000    -1.425725     0.653095 
59333.355712 0.000000 0.000000    -1.351862     0.652490 
59333.393322 0.000000 0.000000    -1.278729     0.651912 
59333.430932 0.000000 0.000000    -1.206348     0.651356 
59333.468542 0.000000 0.000000    -1.134740     0.650814 
59333.506152 0.000000 0.000000    -1.063926     0.650283 
59333.543763 0.000000 0.000000    -0.993925     0.649757 
59333.581373 0.000000 0.000000    -0.924757     0.649231 
59333.618983 0.000000 0.000000    -0.856442     0.648702 
59333.656593 0.000000 0.000000    -0.788998     0.648165 
59333.694203 0.000000 0.000000    -0.722443     0.647617 
59333.731813 0.000000 0.000000    -0.656797     0.647055 
59333.769424 0.000000 0.000000    -0.592076     0.646475 
59333.807034 0.000000 0.000000    -0.528297     0.645876 
59333.844644 0.000000 0.000000    -0.465478     0.645254 
59333.882254 0.000000 0.000000    -0.403633     0.644607 
59333.919864 0.000000 0.000000    -0.342780     0.643934 
59333.957474 0.000000 0.000000    -0.282932     0.643233 
59333.995084 0.000000 0.000000    -0.224106     0.642503 
59334.032695 0.000000 0.000000    -0.166315     0.641742 
59334.070305 0.000000 0.000000    -0.109572     0.640949 
59334.107915 0.000000 0.000000    -0.053892     0.640124 
59334.145525 0.000000 0.000000     0.000714     0.639267 
59334.183135 0.000000 0.000000     0.054232     0.638376 
59334.220745 0.000000 0.000000     0.106652     0.637451 
59334.258356 0.000000 0.000000     0.157963     0.636492 
59334.295966 0.000000 0.000000     0.208152     0.635500 
59334.333576 0.000000 0.000000     0.257212     0.634474 
59334.371186 0.000000 0.000000     0.305131     0.633415 
59334.408796 0.000000 0.000000     0.351902     0.632324 
59334.446406 0.000000 0.000000     0.397515     0.631200 
59334.484016 0.000000 0.000000     0.441962     0.630045 
59334.521627 0.000000 0.000000     0.485237     0.628859 
59334.559237 0.000000 0.000000     0.527333     0.627644 
59334.596847 0.000000 0.000000     0.568243     0.626399 
59334.634457 0.000000 0.000000     0.607962     0.625127 
59334.672067 0.000000 0.000000     0.646484     0.623828 
59334.709677 0.000000 0.000000     0.683805     0.622504 
59334.747288 0.000000 0.000000     0.719921     0.621155 
59334.784898 0.000000 0.000000     0.754829     0.619784 
59334.822508 0.000000 0.000000     0.788526     0.618391 
59334.860118 0.000000 0.000000     0.821009     0.616979 
59334.897728 0.000000 0.000000     0.852277     0.615548 
59334.935338 0.000000 0.000000     0.882328     0.614101 
59334.972949 0.000000 0.000000     0.911162     0.612638 
59335.010559 0.000000 0.000000     0.938779     0.611163 
59335.048169 0.000000 0.000000     0.965180     0.609675 
59335.085779 0.000000 0.000000     0.990365     0.608177 
59335.123389 0.000000 0.000000     1.014336     0.606671 
59335.160999 0.000000 0.000000     1.037096     0.605159 
59335.198609 0.000000 0.000000     1.058646     0.603643 
59335.236220 0.000000 0.000000     1.078991     0.602123 
59335.273830 0.000000 0.000000     1.098134     0.600603 
59335.311440 0.000000 0.000000     1.116079     0.599083 
59335.349050 0.000000 0.000000     1.132832     0.597567 
59335.386660 0.000000 0.000000     1.148397     0.596055 
59335.424270 0.000000 0.000000     1.162781     0.594550 
59335.461881 0.000000 0.000000     1.175991     0.593053 
59335.499491 0.000000 0.000000     1.188032     0.591567 
59335.537101 0.000000 0.000000     1.198914     0.590092 
59335.574711 0.000000 0.000000     1.208643     0.588632 
59335.612321 0.000000 0.000000     1.217228     0.587188 
59335.649931 0.000000 0.000000     1.224679     0.585761 
59335.687541 0.000000 0.000000     1.231004     0.584353 
59335.725152 0.000000 0.000000     1.236215     0.582966 
59335.762762 0.000000 0.000000     1.240320     0.581602 
59335.800372 0.000000 0.000000     1.243332     0.580262 
59335.837982 0.000000 0.000000     1.245262     0.578948 
59335.875592 0.000000 0.000000     1.246121     0.577661 
59335.913202 0.000000 0.000000     1.245923     0.576403 
59335.950813 0.000000 0.000000     1.244678     0.575176 
59335.988423 0.000000 0.000000     1.242402     0.573979 
59336.026033 0.000000 0.000000     1.239107     0.572816 
59336.063643 0.000000 0.000000     1.234808     0.571686 
59336.101253 0.000000 0.000000     1.229519     0.570592 
59336.138863 0.000000 0.000000     1.223255     0.569533 
59336.176473 0.000000 0.000000     1.216031     0.568512 
59336.214084 0.000000 0.000000     1.207862     0.567528 
59336.251694 0.000000 0.000000     1.198766     0.566584 
59336.289304 0.000000 0.000000     1.188757     0.565679 
59336.326914 0.000000 0.000000     1.177853     0.564814 
59336.364524 0.000000 0.000000     1.166072     0.563989 
59336.402134 0.000000 0.000000     1.153430     0.563206 
59336.439745 0.000000 0.000000     1.139944     0.562464 
59336.477355 0.000000 0.000000     1.125634     0.561763 
59336.514965 0.000000 0.000000     1.110518     0.561105 
59336.552575 0.000000 0.000000     1.094613     0.560488 
59336.590185 0.000000 0.000000     1.077940     0.559913 
59336.627795 0.000000 0.000000     1.060517     0.559381 
59336.665406 0.000000 0.000000     1.042364     0.558889 
59336.703016 0.000000 0.000000     1.023500     0.558440 
59336.740626 0.000000 0.000000     1.003946     0.558031 
59336.778236 0.000000 0.000000     0.983721     0.557663 
59336.815846 0.000000 0.000000     0.962846     0.557335 
59336.853456 0.000000 0.000000     0.941342     0.557046 
59336.891066 0.000000 0.000000     0.919229     0.556797 
59336.928677 0.000000 0.000000     0.896529     0.556585 
59336.966287 0.000000 0.000000     0.873262     0.556411 
59337.003897 0.000000 0.000000     0.849450     0.556274 
59337.041507 0.000000 0.000000     0.825114     0.556172 
59337.079117 0.000000 0.000000     0.800276     0.556105 
59337.116727 0.000000 0.000000     0.774958     0.556072 
59337.154338 0.000000 0.000000     0.749182     0.556071 
59337.191948 0.000000 0.000000     0.722969     0.556102 
59337.229558 0.000000 0.000000     0.696341     0.556164 
59337.267168 0.000000 0.000000     0.669321     0.556255 
59337.304778 0.000000 0.000000     0.641931     0.556374 
59337.342388 0.000000 0.000000     0.614192     0.556520 
59337.379998 0.000000 0.000000     0.586128     0.556692 
59337.417609 0.000000 0.000000     0.557760     0.556888 
59337.455219 0.000000 0.000000     0.529111     0.557108 
59337.492829 0.000000 0.000000     0.500204     0.557350 
59337.530439 0.000000 0.000000     0.471060     0.557612 
59337.568049 0.000000 0.000000     0.441701     0.557894 
59337.605659 0.000000 0.000000     0.412151     0.558194 
59337.643270 0.000000 0.000000     0.382431     0.558512 
59337.680880 0.000000 0.000000     0.352563     0.558845 
59337.718490 0.000000 0.000000     0.322570     0.559192 
59337.756100 0.000000 0.000000     0.292474     0.559553 
59337.793710 0.000000 0.000000     0.262296     0.559925 
59337.831320 0.000000 0.000000     0.232059     0.560309 
59337.868930 0.000000 0.000000     0.201783     0.560702 
59337.906541 0.000000 0.000000     0.171492     0.561104 
59337.944151 0.000000 0.000000     0.141206     0.561512 
59337.981761 0.000000 0.000000     0.110947     0.561927 
59338.019371 0.000000 0.000000     0.080735     0.562347 
59338.056981 0.000000 0.000000     0.050593     0.562772 
59338.094591 0.000000 0.000000     0.020540     0.563199 
59338.132202 0.000000 0.000000    -0.009402     0.563628 
59338.169812 0.000000 0.000000    -0.039213     0.564057 
59338.207422 0.000000 0.000000    -0.068873     0.564487 
59338.245032 0.000000 0.000000    -0.098362     0.564916 
59338.282642 0.000000 0.000000    -0.127659     0.565344 
59338.320252 0.000000 0.000000    -0.156746     0.565768 
59338.357863 0.000000 0.000000    -0.185602     0.566189 
59338.395473 0.000000 0.000000    -0.214209     0.566606 
59338.433083 0.000000 0.000000    -0.242548     0.567018 
59338.470693 0.000000 0.000000    -0.270600     0.567424 
59338.508303 0.000000 0.000000    -0.298347     0.567823 
59338.545913 0.000000 0.000000    -0.325771     0.568216 
59338.583523 0.000000 0.000000    -0.352855     0.568601 
59338.621134 0.000000 0.000000    -0.379579     0.568977 
59338.658744 0.000000 0.000000    -0.405929     0.569345 
59338.696354 0.000000 0.000000    -0.431887     0.569704 
59338.733964 0.000000 0.000000    -0.457435     0.570052 
59338.771574 0.000000 0.000000    -0.482560     0.570391 
59338.809184 0.000000 0.000000    -0.507243     0.570719 
59338.846795 0.000000 0.000000    -0.531471     0.571037 
59338.884405 0.000000 0.000000    -0.555228     0.571343 
59338.922015 0.000000 0.000000    -0.578499     0.571637 
59338.959625 0.000000 0.000000    -0.601270     0.571920 
59338.997235 0.000000 0.000000    -0.623528     0.572192 
59339.034845 0.000000 0.000000    -0.645257     0.572451 
59339.072455 0.000000 0.000000    -0.666446     0.572698 
59339.110066 0.000000 0.000000    -0.687082     0.572933 
59339.147676 0.000000 0.000000    -0.707152     0.573156 
59339.185286 0.000000 0.000000    -0.726643     0.573367 
59339.222896 0.000000 0.000000    -0.745546     0.573566 
59339.260506 0.000000 0.000000    -0.763847     0.573753 
59339.298116 0.000000 0.000000    -0.781537     0.573928 
59339.335727 0.000000 0.000000    -0.798606     0.574092 
59339.373337 0.000000 0.000000    -0.815043     0.574244 
59339.410947 0.000000 0.000000    -0.830839     0.574384 
59339.448557 0.000000 0.000000    -0.845984     0.574514 
59339.486167 0.000000 0.000000    -0.860471     0.574634 
59339.523777 0.000000 0.000000    -0.874291     0.574743 
59339.561387 0.000000 0.000000    -0.887437     0.574843 
59339.598998 0.000000 0.000000    -0.899900     0.574934 
59339.636608 0.000000 0.000000    -0.911675     0.575016 
59339.674218 0.000000 0.000000    -0.922754     0.575089 
59339.711828 0.000000 0.000000    -0.933132     0.575155 
59339.749438 0.000000 0.000000    -0.942804     0.575214 
59339.787048 0.000000 0.000000    -0.951764     0.575267 
59339.824659 0.000000 0.000000    -0.960007     0.575314 
59339.862269 0.000000 0.000000    -0.967530     0.575357 
59339.899879 0.000000 0.000000    -0.974329     0.575395 
59339.937489 0.000000 0.000000    -0.980400     0.575430 
59339.975099 0.000000 0.000000    -0.985741     0.575462 
59340.012709 0.000000 0.000000    -0.990350     0.575493 
59340.050320 0.000000 0.000000    -0.994224     0.575523 
59340.087930 0.000000 0.000000    -0.997362     0.575553 
59340.125540 0.000000 0.000000    -0.999763     0.575585 
59340.163150 0.000000 0.000000    -1.001426     0.575619 
59340.200760 0.000000 0.000000    -1.002351     0.575656 
59340.238370 0.000000 0.000000    -1.002539     0.575697 
59340.275980 0.000000 0.000000    -1.001991     0.575743 
59340.313591 0.000000 0.000000    -1.000706     0.575796 
59340.351201 0.000000 0.000000    -0.998688     0.575856 
59340.388811 0.000000 0.000000    -0.995938     0.575925 
59340.426421 0.000000 0.000000    -0.992459     0.576004 
59340.464031 0.000000 0.000000    -0.988253     0.576093 
59340.501641 0.000000 0.000000    -0.983323     0.576194 
59340.539252 0.000000 0.000000    -0.977674     0.576309 
59340.576862 0.000000 0.000000    -0.971310     0.576437 
59340.614472 0.000000 0.000000    -0.964235     0.576581 
59340.652082 0.000000 0.000000    -0.956453     0.576741 
59340.689692 0.000000 0.000000    -0.947971     0.576919 
59340.727302 0.000000 0.000000    -0.938794     0.577116 
59340.764912 0.000000 0.000000    -0.928928     0.577333 
59340.802523 0.000000 0.000000    -0.918380     0.577570 
59340.840133 0.000000 0.000000    -0.907156     0.577829 
59340.877743 0.000000 0.000000    -0.895263     0.578112 
59340.915353 0.000000 0.000000    -0.882710     0.578418 
59340.952963 0.000000 0.000000    -0.869504     0.578749 
59340.990573 0.000000 0.000000    -0.855653     0.579106 
59341.028184 0.000000 0.000000    -0.841166     0.579489 
59341.065794 0.000000 0.000000    -0.826052     0.579900 
59341.103404 0.000000 0.000000    -0.810320     0.580340 
59341.141014 0.000000 0.000000    -0.793980     0.580808 
59341.178624 0.000000 0.000000    -0.777041     0.581306 
59341.216234 0.000000 0.000000    -0.759514     0.581835 
59341.253844 0.000000 0.000000    -0.741410     0.582394 
59341.291455 0.000000 0.000000    -0.722738     0.582985 
59341.329065 0.000000 0.000000    -0.703511     0.583607 
59341.366675 0.000000 0.000000    -0.683739     0.584262 
59341.404285 0.000000 0.000000    -0.663434     0.584949 
59341.441895 0.000000 0.000000    -0.642608     0.585669 
59341.479505 0.000000 0.000000    -0.621273     0.586421 
59341.517116 0.000000 0.000000    -0.599442     0.587207 
59341.554726 0.000000 0.000000    -0.577126     0.588025 
59341.592336 0.000000 0.000000    -0.554339     0.588876 
59341.629946 0.000000 0.000000    -0.531094     0.589760 
59341.667556 0.000000 0.000000    -0.507403     0.590677 
59341.705166 0.000000 0.000000    -0.483281     0.591626 
59341.742777 0.000000 0.000000    -0.458740     0.592606 
59341.780387 0.000000 0.000000    -0.433795     0.593618 
59341.817997 0.000000 0.000000    -0.408460     0.594661 
59341.855607 0.000000 0.000000    -0.382748     0.595734 
59341.893217 0.000000 0.000000    -0.356673     0.596837 
59341.930827 0.000000 0.000000    -0.330251     0.597968 
59341.968437 0.000000 0.000000    -0.303495     0.599128 
59342.006048 0.000000 0.000000    -0.276421     0.600315 
59342.043658 0.000000 0.000000    -0.249042     0.601529 
59342.081268 0.000000 0.000000    -0.221373     0.602768 
59342.118878 0.000000 0.000000    -0.193430     0.604031 
59342.156488 0.000000 0.000000    -0.165228     0.605318 
59342.194098 0.000000 0.000000    -0.136780     0.606628 
59342.231709 0.000000 0.000000    -0.108103     0.607958 
59342.269319 0.000000 0.000000    -0.079212     0.609308 
59342.306929 0.000000 0.000000    -0.050122     0.610677 
59342.344539 0.000000 0.000000    -0.020847     0.612064 
59342.382149 0.000000 0.000000     0.008596     0.613467 
59342.419759 0.000000 0.000000     0.038194     0.614884 
59342.457369 0.000000 0.000000     0.067929     0.616316 
59342.494980 0.000000 0.000000     0.097788     0.617759 
59342.532590 0.000000 0.000000     0.127755     0.619213 
59342.570200 0.000000 0.000000     0.157815     0.620677 
59342.607810 0.000000 0.000000     0.187953     0.622148 
59342.645420 0.000000 0.000000     0.218153     0.623626 
59342.683030 0.000000 0.000000     0.248402     0.625109 
59342.720641 0.000000 0.000000     0.278683     0.626596 
59342.758251 0.000000 0.000000     0.308982     0.628085 
59342.795861 0.000000 0.000000     0.339284     0.629575 
59342.833471 0.000000 0.000000     0.369575     0.631065 
59342.871081 0.000000 0.000000     0.399839     0.632552 
59342.908691 0.000000 0.000000     0.430063     0.634036 
59342.946301 0.000000 0.000000     0.460233     0.635515 
59342.983912 0.000000 0.000000     0.490333     0.636988 
59343.021522 0.000000 0.000000     0.520350     0.638454 
59343.059132 0.000000 0.000000     0.550270     0.639911 
59343.096742 0.000000 0.000000     0.580079     0.641358 
59343.134352 0.000000 0.000000     0.609763     0.642793 
59343.171962 0.000000 0.000000     0.639310     0.644215 
59343.209573 0.000000 0.000000     0.668705     0.645623 
59343.247183 0.000000 0.000000     0.697936     0.647016 
59343.284793 0.000000 0.000000     0.726990     0.648393 
59343.322403 0.000000 0.000000     0.755855     0.649752 
59343.360013 0.000000 0.000000     0.784516     0.651092 
59343.397623 0.000000 0.000000     0.812964     0.652413 
59343.435234 0.000000 0.000000     0.841184     0.653712 
59343.472844 0.000000 0.000000     0.869166     0.654990 
59343.510454 0.000000 0.000000     0.896898     0.656244 
59343.548064 0.000000 0.000000     0.924369     0.657474 
59343.585674 0.000000 0.000000     0.951567     0.658679 
59343.623284 0.000000 0.000000     0.978482     0.659859 
59343.660894 0.000000 0.000000     1.005103     0.661011 
59343.698505 0.000000 0.000000     1.031420     0.662136 
59343.736115 0.000000 0.000000     1.057423     0.663232 
59343.773725 0.000000 0.000000     1.083101     0.664299 
59343.811335 0.000000 0.000000     1.108446     0.665336 
59343.848945 0.000000 0.000000     1.133448     0.666341 
59343.886555 0.000000 0.000000     1.158098     0.667316 
59343.924166 0.000000 0.000000     1.182388     0.668258 
59343.961776 0.000000 0.000000     1.206309     0.669168 
59343.999386 0.000000 0.000000     1.229854     0.670044 
59344.036996 0.000000 0.000000     1.253014     0.670886 
59344.074606 0.000000 0.000000     1.275781     0.671694 
59344.112216 0.000000 0.000000     1.298150     0.672468 
59344.149826 0.000000 0.000000     1.320113     0.673205 
59344.187437 0.000000 0.000000     1.341663     0.673908 
59344.225047 0.000000 0.000000     1.362794     0.674574 
59344.262657 0.000000 0.000000     1.383501     0.675203 
59344.300267 0.000000 0.000000     1.403778     0.675796 
59344.337877 0.000000 0.000000     1.423619     0.676352 
59344.375487 0.000000 0.000000     1.443020     0.676871 
59344.413098 0.000000 0.000000     1.461976     0.677353 
59344.450708 0.000000 0.000000     1.480483     0.677797 
59344.488318 0.000000 0.000000     1.498536     0.678203 
59344.525928 0.000000 0.000000     1.516133     0.678572 
59344.563538 0.000000 0.000000     1.533269     0.678903 
59344.601148 0.000000 0.000000     1.549943     0.679196 
59344.638758 0.000000 0.000000     1.566151     0.679451 
59344.676369 0.000000 0.000000     1.581890     0.679669 
59344.713979 0.000000 0.000000     1.597160     0.679849 
59344.751589 0.000000 0.000000     1.611958     0.679991 
59344.789199 0.000000 0.000000     1.626282     0.680097 
59344.826809 0.000000 0.000000     1.640133     0.680165 
59344.864419 0.000000 0.000000     1.653508     0.680196 
59344.902030 0.000000 0.000000     1.666408     0.680190 
59344.939640 0.000000 0.000000     1.678833     0.680148 
59344.977250 0.000000 0.000000     1.690782     0.680070 
59345.014860 0.000000 0.000000     1.702256     0.679956 
59345.052470 0.000000 0.000000     1.713257     0.679807 
59345.090080 0.000000 0.000000     1.723784     0.679622 
59345.127691 0.000000 0.000000     1.733841     0.679403 
59345.165301 0.000000 0.000000     1.743427     0.679151 
59345.202911 0.000000 0.000000     1.752546     0.678864 
59345.240521 0.000000 0.000000     1.761199     0.678545 
59345.278131 0.000000 0.000000     1.769389     0.678193 
59345.315741 0.000000 0.000000     1.777120     0.677809 
59345.353351 0.000000 0.000000     1.784393     0.677394 
59345.390962 0.000000 0.000000     1.791213     0.676948 
59345.428572 0.000000 0.000000     1.797583     0.676472 
59345.466182 0.000000 0.000000     1.803506     0.675967 
59345.503792 0.000000 0.000000     1.808988     0.675434 
59345.541402 0.000000 0.000000     1.814033     0.674872 
59345.579012 0.000000 0.000000     1.818644     0.674284 
59345.616623 0.000000 0.000000     1.822828     0.673669 
59345.654233 0.000000 0.000000     1.826589     0.673029 
59345.691843 0.000000 0.000000     1.829932     0.672364 
59345.729453 0.000000 0.000000     1.832863     0.671675 
59345.767063 0.000000 0.000000     1.835388     0.670964 
59345.804673 0.000000 0.000000     1.837513     0.670230 
59345.842283 0.000000 0.000000     1.839244     0.669476 
59345.879894 0.000000 0.000000     1.840587     0.668701 
59345.917504 0.000000 0.000000     1.841548     0.667907 
59345.955114 0.000000 0.000000     1.842135     0.667095 
59345.992724 0.000000 0.000000     1.842355     0.666265 
59346.030334 0.000000 0.000000     1.842214     0.665420 
59346.067944 0.000000 0.000000     1.841719     0.664558 
59346.105555 0.000000 0.000000     1.840878     0.663683 
59346.143165 0.000000 0.000000     1.839699     0.662794 
59346.180775 0.000000 0.000000     1.838189     0.661893 
59346.218385 0.000000 0.000000     1.836355     0.660981 
59346.255995 0.000000 0.000000     1.834206     0.660058 
59346.293605 0.000000 0.000000     1.831749     0.659127 
59346.331215 0.000000 0.000000     1.828993     0.658187 
59346.368826 0.000000 0.000000     1.825945     0.657239 
59346.406436 0.000000 0.000000     1.822614     0.656286 
59346.444046 0.000000 0.000000     1.819008     0.655328 
59346.481656 0.000000 0.000000     1.815136     0.654365 
59346.519266 0.000000 0.000000     1.811005     0.653400 
59346.556876 0.000000 0.000000     1.806625     0.652432 
59346.594487 0.000000 0.000000     1.802004     0.651463 
59346.632097 0.000000 0.000000     1.797149     0.650494 
59346.669707 0.000000 0.000000     1.792071     0.649525 
59346.707317 0.000000 0.000000     1.786777     0.648559 
59346.744927 0.000000 0.000000     1.781276     0.647595 
59346.782537 0.000000 0.000000     1.775577     0.646634 
59346.820148 0.000000 0.000000     1.769688     0.645678 
59346.857758 0.000000 0.000000     1.763617     0.644726 
59346.895368 0.000000 0.000000     1.757374     0.643781 
59346.932978 0.000000 0.000000     1.750966     0.642843 
59346.970588 0.000000 0.000000     1.744403     0.641912 
59347.008198 0.000000 0.000000     1.737691     0.640990 
59347.045808 0.000000 0.000000     1.730841     0.640076 
59347.083419 0.000000 0.000000     1.723859     0.639172 
59347.121029 0.000000 0.000000     1.716755     0.638278 
59347.158639 0.000000 0.000000     1.709536     0.637396 
59347.196249 0.000000 0.000000     1.702211     0.636524 
59347.233859 0.000000 0.000000     1.694787     0.635664 
59347.271469 0.000000 0.000000     1.687271     0.634817 
59347.309080 0.000000 0.000000     1.679673     0.633983 
59347.346690 0.000000 0.000000     1.671999     0.633161 
59347.384300 0.000000 0.000000     1.664256     0.632354 
59347.421910 0.000000 0.000000     1.656453     0.631560 
59347.459520 0.000000 0.000000     1.648596     0.630780 
59347.497130 0.000000 0.000000     1.640693     0.630014 
59347.534740 0.000000 0.000000     1.632749     0.629263 
59347.572351 0.000000 0.000000     1.624773     0.628527 
59347.609961 0.000000 0.000000     1.616769     0.627805 
59347.647571 0.000000 0.000000     1.608746     0.627098 
59347.685181 0.000000 0.000000     1.600709     0.626406 
59347.722791 0.000000 0.000000     1.592663     0.625729 
59347.760401 0.000000 0.000000     1.584616     0.625066 
59347.798012 0.000000 0.000000     1.576572     0.624419 
59347.835622 0.000000 0.000000     1.568537     0.623785 
59347.873232 0.000000 0.000000     1.560516     0.623166 
59347.910842 0.000000 0.000000     1.552514     0.622561 
59347.948452 0.000000 0.000000     1.544536     0.621970 
59347.986062 0.000000 0.000000     1.536586     0.621393 
59348.023672 0.000000 0.000000     1.528670     0.620829 
59348.061283 0.000000 0.000000     1.520790     0.620278 
59348.098893 0.000000 0.000000     1.512951     0.619740 
59348.136503 0.000000 0.000000     1.505157     0.619214 
59348.174113 0.000000 0.000000     1.497410     0.618700 
59348.211723 0.000000 0.000000     1.489715     0.618198 
59348.249333 0.000000 0.000000     1.482074     0.617707 
59348.286944 0.000000 0.000000     1.474489     0.617226 
59348.324554 0.000000 0.000000     1.466963     0.616756 
59348.362164 0.000000 0.000000     1.459499     0.616296 
59348.399774 0.000000 0.000000     1.452098     0.615844 
59348.437384 0.000000 0.000000     1.444761     0.615402 
59348.474994 0.000000 0.000000     1.437491     0.614968 
59348.512605 0.000000 0.000000     1.430289     0.614542 
59348.550215 0.000000 0.000000     1.423154     0.614123 
59348.587825 0.000000 0.000000     1.416089     0.613711 
59348.625435 0.000000 0.000000     1.409093     0.613305 
59348.663045 0.000000 0.000000     1.402166     0.612906 
59348.700655 0.000000 0.000000     1.395309     0.612512 
59348.738265 0.000000 0.000000     1.388520     0.612123 
59348.775876 0.000000 0.000000     1.381800     0.611739 
59348.813486 0.000000 0.000000     1.375147     0.611358 
59348.851096 0.000000 0.000000     1.368559     0.610982 
59348.888706 0.000000 0.000000     1.362037     0.610609 
59348.926316 0.000000 0.000000     1.355577     0.610239 
59348.963926 0.000000 0.000000     1.349178     0.609872 
59349.001537 0.000000 0.000000     1.342837     0.609507 
59349.039147 0.000000 0.000000     1.336553     0.609144 
59349.076757 0.000000 0.000000     1.330322     0.608783 
59349.114367 0.000000 0.000000     1.324142     0.608423 
59349.151977 0.000000 0.000000     1.318009     0.608064 
59349.189587 0.000000 0.000000     1.311920     0.607707 
59349.227197 0.000000 0.000000     1.305870     0.607350 
59349.264808 0.000000 0.000000     1.299857     0.606994 
59349.302418 0.000000 0.000000     1.293876     0.606639 
59349.340028 0.000000 0.000000     1.287923     0.606284 
59349.377638 0.000000 0.000000     1.281993     0.605930 
59349.415248 0.000000 0.000000     1.276081     0.605576 
59349.452858 0.000000 0.000000     1.270182     0.605222 
59349.490469 0.000000 0.000000     1.264291     0.604869 
59349.528079 0.000000 0.000000     1.258403     0.604517 
59349.565689 0.000000 0.000000     1.252512     0.604165 
59349.603299 0.000000 0.000000     1.246612     0.603813 
59349.640909 0.000000 0.000000     1.240697     0.603463 
59349.678519 0.000000 0.000000     1.234761     0.603113 
59349.716129 0.000000 0.000000     1.228798     0.602765 
59349.753740 0.000000 0.000000     1.222800     0.602419 
59349.791350 0.000000 0.000000     1.216763     0.602074 
59349.828960 0.000000 0.000000     1.210678     0.601731 
59349.866570 0.000000 0.000000     1.204539     0.601391 
59349.904180 0.000000 0.000000     1.198338     0.601053 
59349.941790 0.000000 0.000000     1.192069     0.600719 
59349.979401 0.000000 0.000000     1.185724     0.600388 
59350.017011 0.000000 0.000000     1.179295     0.600061 
59350.054621 0.000000 0.000000     1.172776     0.599739 
59350.092231 0.000000 0.000000     1.166158     0.599421 
59350.129841 0.000000 0.000000     1.159433     0.599109 
59350.167451 0.000000 0.000000     1.152595     0.598803 
59350.205062 0.000000 0.000000     1.145634     0.598503 
59350.242672 0.000000 0.000000     1.138544     0.598209 
59350.280282 0.000000 0.000000     1.131315     0.597924 
59350.317892 0.000000 0.000000     1.123940     0.597646 
59350.355502 0.000000 0.000000     1.116411     0.597377 
59350.393112 0.000000 0.000000     1.108719     0.597117 
59350.430722 0.000000 0.000000     1.100858     0.596866 
59350.468333 0.000000 0.000000     1.092817     0.596626 
59350.505943 0.000000 0.000000     1.084589     0.596397 
59350.543553 0.000000 0.000000     1.076167     0.596179 
59350.581163 0.000000 0.000000     1.067541     0.595972 
59350.618773 0.000000 0.000000     1.058705     0.595779 
59350.656383 0.000000 0.000000     1.049649     0.595598 
59350.693994 0.000000 0.000000     1.040365     0.595431 
59350.731604 0.000000 0.000000     1.030847     0.595278 
59350.769214 0.000000 0.000000     1.021085     0.595140 
59350.806824 0.000000 0.000000     1.011072     0.595016 
59350.844434 0.000000 0.000000     1.000800     0.594908 
59350.882044 0.000000 0.000000     0.990262     0.594816 
59350.919654 0.000000 0.000000     0.979450     0.594741 
59350.957265 0.000000 0.000000     0.968357     0.594682 
59350.994875 0.000000 0.000000     0.956975     0.594640 
59351.032485 0.000000 0.000000     0.945297     0.594616 
59351.070095 0.000000 0.000000     0.933316     0.594610 
59351.107705 0.000000 0.000000     0.921025     0.594621 
59351.145315 0.000000 0.000000     0.908418     0.594651 
59351.182926 0.000000 0.000000     0.895488     0.594700 
59351.220536 0.000000 0.000000     0.882229     0.594767 
59351.258146 0.000000 0.000000     0.868634     0.594853 
59351.295756 0.000000 0.000000     0.854697     0.594958 
59351.333366 0.000000 0.000000     0.840414     0.595081 
59351.370976 0.000000 0.000000     0.825777     0.595224 
59351.408586 0.000000 0.000000     0.810782     0.595386 
59351.446197 0.000000 0.000000     0.795424     0.595566 
59351.483807 0.000000 0.000000     0.779698     0.595766 
59351.521417 0.000000 0.000000     0.763599     0.595984 
59351.559027 0.000000 0.000000     0.747123     0.596220 
59351.596637 0.000000 0.000000     0.730267     0.596475 
59351.634247 0.000000 0.000000     0.713025     0.596747 
59351.671858 0.000000 0.000000     0.695395     0.597037 
59351.709468 0.000000 0.000000     0.677373     0.597344 
59351.747078 0.000000 0.000000     0.658957     0.597669 
59351.784688 0.000000 0.000000     0.640144     0.598009 
59351.822298 0.000000 0.000000     0.620931     0.598366 
59351.859908 0.000000 0.000000     0.601317     0.598738 
59351.897519 0.000000 0.000000     0.581301     0.599125 
59351.935129 0.000000 0.000000     0.560880     0.599526 
59351.972739 0.000000 0.000000     0.540053     0.599941 
59352.010349 0.000000 0.000000     0.518822     0.600369 
59352.047959 0.000000 0.000000     0.497184     0.600809 
59352.085569 0.000000 0.000000     0.475140     0.601261 
59352.123179 0.000000 0.000000     0.452691     0.601724 
59352.160790 0.000000 0.000000     0.429837     0.602198 
59352.198400 0.000000 0.000000     0.406580     0.602681 
59352.236010 0.000000 0.000000     0.382921     0.603172 
59352.273620 0.000000 0.000000     0.358863     0.603672 
59352.311230 0.000000 0.000000     0.334408     0.604178 
59352.348840 0.000000 0.000000     0.309558     0.604691 
59352.386451 0.000000 0.000000     0.284317     0.605209 
59352.424061 0.000000 0.000000     0.258688     0.605732 
59352.461671 0.000000 0.000000     0.232676     0.606258 
59352.499281 0.000000 0.000000     0.206284     0.606787 
59352.536891 0.000000 0.000000     0.179518     0.607318 
59352.574501 0.000000 0.000000     0.152383     0.607850 
59352.612111 0.000000 0.000000     0.124885     0.608382 
59352.649722 0.000000 0.000000     0.097030     0.608913 
59352.687332 0.000000 0.000000     0.068823     0.609442 
59352.724942 0.000000 0.000000     0.040273     0.609969 
59352.762552 0.000000 0.000000     0.011386     0.610492 
59352.800162 0.000000 0.000000    -0.017829     0.611011 
59352.837772 0.000000 0.000000    -0.047364     0.611524 
59352.875383 0.000000 0.000000    -0.077212     0.612031 
59352.912993 0.000000 0.000000    -0.107362     0.612531 
59352.950603 0.000000 0.000000    -0.137805     0.613024 
59352.988213 0.000000 0.000000    -0.168531     0.613507 
59353.025823 0.000000 0.000000    -0.199530     0.613981 
59353.063433 0.000000 0.000000    -0.230792     0.614444 
59353.101043 0.000000 0.000000    -0.262304     0.614897 
59353.138654 0.000000 0.000000    -0.294055     0.615337 
59353.176264 0.000000 0.000000    -0.326034     0.615764 
59353.213874 0.000000 0.000000    -0.358227     0.616178 
59353.251484 0.000000 0.000000    -0.390622     0.616578 
59353.289094 0.000000 0.000000    -0.423205     0.616962 
59353.326704 0.000000 0.000000    -0.455963     0.617331 
59353.364315 0.000000 0.000000    -0.488882     0.617684 
59353.401925 0.000000 0.000000    -0.521947     0.618019 
59353.439535 0.000000 0.000000    -0.555144     0.618337 
59353.477145 0.000000 0.000000    -0.588456     0.618636 
59353.514755 0.000000 0.000000    -0.621868     0.618917 
59353.552365 0.000000 0.000000    -0.655365     0.619178 
59353.589976 0.000000 0.000000    -0.688930     0.619419 
59353.627586 0.000000 0.000000    -0.722545     0.619640 
59353.665196 0.000000 0.000000    -0.756195     0.619840 
59353.702806 0.000000 0.000000    -0.789860     0.620018 
59353.740416 0.000000 0.000000    -0.823524     0.620174 
59353.778026 0.000000 0.000000    -0.857168     0.620308 
59353.815636 0.000000 0.000000    -0.890774     0.620419 
59353.853247 0.000000 0.000000    -0.924322     0.620507 
59353.890857 0.000000 0.000000    -0.957794     0.620571 
59353.928467 0.000000 0.000000    -0.991170     0.620612 
59353.966077 0.000000 0.000000    -1.024429     0.620628 
59354.003687 0.000000 0.000000    -1.057553     0.620620 
59354.041297 0.000000 0.000000    -1.090520     0.620588 
59354.078908 0.000000 0.000000    -1.123310     0.620531 
59354.116518 0.000000 0.000000    -1.155902     0.620448 
59354.154128 0.000000 0.000000    -1.188274     0.620341 
59354.191738 0.000000 0.000000    -1.220406     0.620208 
59354.229348 0.000000 0.000000    -1.252274     0.620049 
59354.266958 0.000000 0.000000    -1.283858     0.619865 
59354.304568 0.000000 0.000000    -1.315136     0.619656 
59354.342179 0.000000 0.000000    -1.346084     0.619421 
59354.379789 0.000000 0.000000    -1.376680     0.619160 
59354.417399 0.000000 0.000000    -1.406902     0.618874 
59354.455009 0.000000 0.000000    -1.436726     0.618562 
59354.492619 0.000000 0.000000    -1.466129     0.618225 
59354.530229 0.000000 0.000000    -1.495089     0.617862 
59354.567840 0.000000 0.000000    -1.523581     0.617474 
59354.605450 0.000000 0.000000    -1.551582     0.617061 
59354.643060 0.000000 0.000000    -1.579069     0.616623 
59354.680670 0.000000 0.000000    -1.606017     0.616160 
59354.718280 0.000000 0.000000    -1.632402     0.615673 
59354.755890 0.000000 0.000000    -1.658202     0.615162 
59354.793500 0.000000 0.000000    -1.683391     0.614627 
59354.831111 0.000000 0.000000    -1.707946     0.614069 
59354.868721 0.000000 0.000000    -1.731842     0.613487 
59354.906331 0.000000 0.000000    -1.755055     0.612883 
59354.943941 0.000000 0.000000    -1.777562     0.612257 
59354.981551 0.000000 0.000000    -1.799337     0.611608 
59355.019161 0.000000 0.000000    -1.820358     0.610939 
59355.056772 0.000000 0.000000    -1.840599     0.610248 
59355.094382 0.000000 0.000000    -1.860036     0.609537 
59355.131992 0.000000 0.000000    -1.878646     0.608807 
59355.169602 0.000000 0.000000    -1.896404     0.608057 
59355.207212 0.000000 0.000000    -1.913286     0.607289 
59355.244822 0.000000 0.000000    -1.929269     0.606503 
59355.282433 0.000000 0.000000    -1.944329     0.605700 
59355.320043 0.000000 0.000000    -1.958441     0.604881 
59355.357653 0.000000 0.000000    -1.971584     0.604047 
59355.395263 0.000000 0.000000    -1.983733     0.603198 
59355.432873 0.000000 0.000000    -1.994864     0.602335 
59355.470483 0.000000 0.000000    -2.004956     0.601459 
59355.508093 0.000000 0.000000    -2.013985     0.600572 
59355.545704 0.000000 0.000000    -2.021928     0.599673 
59355.583314 0.000000 0.000000    -2.028764     0.598765 
59355.620924 0.000000 0.000000    -2.034469     0.597847 
59355.658534 0.000000 0.000000    -2.039021     0.596922 
59355.696144 0.000000 0.000000    -2.042400     0.595991 
59355.733754 0.000000 0.000000    -2.044584     0.595054 
59355.771365 0.000000 0.000000    -2.045550     0.594113 
59355.808975 0.000000 0.000000    -2.045279     0.593169 
59355.846585 0.000000 0.000000    -2.043750     0.592224 
59355.884195 0.000000 0.000000    -2.040942     0.591279 
59355.921805 0.000000 0.000000    -2.036835     0.590335 
59355.959415 0.000000 0.000000    -2.031410     0.589395 
59355.997025 0.000000 0.000000    -2.024648     0.588458 
59356.034636 0.000000 0.000000    -2.016529     0.587528 
59356.072246 0.000000 0.000000    -2.007035     0.586606 
59356.109856 0.000000 0.000000    -1.996148     0.585693 
59356.147466 0.000000 0.000000    -1.983850     0.584791 
59356.185076 0.000000 0.000000    -1.970124     0.583903 
59356.222686 0.000000 0.000000    -1.954952     0.583029 
59356.260297 0.000000 0.000000    -1.938318     0.582173 
59356.297907 0.000000 0.000000    -1.920207     0.581335 
59356.335517 0.000000 0.000000    -1.900601     0.580519 
59356.373127 0.000000 0.000000    -1.879488     0.579726 
59356.410737 0.000000 0.000000    -1.856850     0.578959 
59356.448347 0.000000 0.000000    -1.832675     0.578220 
59356.485957 0.000000 0.000000    -1.806949     0.577511 
59356.523568 0.000000 0.000000    -1.779659     0.576834 
59356.561178 0.000000 0.000000    -1.750791     0.576193 
59356.598788 0.000000 0.000000    -1.720334     0.575590 
59356.636398 0.000000 0.000000    -1.688276     0.575026 
59356.674008 0.000000 0.000000    -1.654605     0.574506 
59356.711618 0.000000 0.000000    -1.619312     0.574032 
59356.749229 0.000000 0.000000    -1.582387     0.573607 
59356.786839 0.000000 0.000000    -1.543820     0.573232 
59356.824449 0.000000 0.000000    -1.503601     0.572913 
59356.862059 0.000000 0.000000    -1.461724     0.572651 
59356.899669 0.000000 0.000000    -1.418180     0.572449 
59356.937279 0.000000 0.000000    -1.372961     0.572310 
59356.974890 0.000000 0.000000    -1.326063     0.572239 
59357.012500 0.000000 0.000000    -1.277478     0.572237 
59357.050110 0.000000 0.000000    -1.227202     0.572308 
59357.087720 0.000000 0.000000    -1.175229     0.572455 
59357.125330 0.000000 0.000000    -1.121556     0.572682 
59357.162940 0.000000 0.000000    -1.066179     0.572991 
59357.200550 0.000000 0.000000    -1.009096     0.573385 
59357.238161 0.000000 0.000000    -0.950304     0.573869 
59357.275771 0.000000 0.000000    -0.889802     0.574445 
59357.313381 0.000000 0.000000    -0.827590     0.575116 
59357.350991 0.000000 0.000000    -0.763666     0.575885 
59357.388601 0.000000 0.000000    -0.698031     0.576756 
59357.426211 0.000000 0.000000    -0.630686     0.577731 
59357.463822 0.000000 0.000000    -0.561634     0.578814 
59357.501432 0.000000 0.000000    -0.490875     0.580006 
59357.539042 0.000000 0.000000    -0.418415     0.581312 
59357.576652 0.000000 0.000000    -0.344255     0.582733 
59357.614262 0.000000 0.000000    -0.268401     0.584272 
59357.651872 0.000000 0.000000    -0.190858     0.585932 
59357.689482 0.000000 0.000000    -0.111630     0.587714 
59357.727093 0.000000 0.000000    -0.030725     0.589622 
59357.764703 0.000000 0.000000     0.051850     0.591656 
59357.802313 0.000000 0.000000     0.136088     0.593819 
59357.839923 0.000000 0.000000     0.221981     0.596113 
59357.877533 0.000000 0.000000     0.309519     0.598538 
59357.915143 0.000000 0.000000     0.398694     0.601097 
59357.952754 0.000000 0.000000     0.489494     0.603791 
59357.990364 0.000000 0.000000     0.581909     0.606620 
59358.027974 0.000000 0.000000     0.675927     0.609585 
59358.065584 0.000000 0.000000     0.771536     0.612688 
59358.103194 0.000000 0.000000     0.868724     0.615928 
59358.140804 0.000000 0.000000     0.967477     0.619306 
59358.178414 0.000000 0.000000     1.067780     0.622822 
59358.216025 0.000000 0.000000     1.169619     0.626476 
59358.253635 0.000000 0.000000     1.272980     0.630267 
59358.291245 0.000000 0.000000     1.377845     0.634197 
59358.328855 0.000000 0.000000     1.484198     0.638263 
59358.366465 0.000000 0.000000     1.592023     0.642465 
59358.404075 0.000000 0.000000     1.701301     0.646803 
59358.441686 0.000000 0.000000     1.812014     0.651276 
59358.479296 0.000000 0.000000     1.924143     0.655883 
59358.516906 0.000000 0.000000     2.037669     0.660622 
59358.554516 0.000000 0.000000     2.152572     0.665492 
59358.592126 0.000000 0.000000     2.268831     0.670493 
59358.629736 0.000000 0.000000     2.386424     0.675622 
59358.667347 0.000000 0.000000     2.505331     0.680878 
59358.704957 0.000000 0.000000     2.625530     0.686260 
59358.742567 0.000000 0.000000     2.746996     0.691765 
59358.780177 0.000000 0.000000     2.869708     0.697393 
59358.817787 0.000000 0.000000     2.993640     0.703142 
59358.855397 0.000000 0.000000     3.118770     0.709009 
59358.893007 0.000000 0.000000     3.245072     0.714993 
59358.930618 0.000000 0.000000     3.372521     0.721093 
59358.968228 0.000000 0.000000     3.501092     0.727306 
59359.005838 0.000000 0.000000     3.630757     0.733630 
59359.043448 0.000000 0.000000     3.761492     0.740063 
59359.081058 0.000000 0.000000     3.893268     0.746605 
59359.118668 0.000000 0.000000     4.026058     0.753252 
59359.156279 0.000000 0.000000     4.159835     0.760003 
59359.193889 0.000000 0.000000     4.294570     0.766857 
59359.231499 0.000000 0.000000     4.430234     0.773810 
59359.269109 0.000000 0.000000     4.566799     0.780862 
59359.306719 0.000000 0.000000     4.704235     0.788010 
59359.344329 0.000000 0.000000     4.842512     0.795253 
59359.381939 0.000000 0.000000     4.981601     0.802588 
59359.419550 0.000000 0.000000     5.121471     0.810015 
59359.457160 0.000000 0.000000     5.262092     0.817531 
59359.494770 0.000000 0.000000     5.403432     0.825134 
59359.532380 0.000000 0.000000     5.545460     0.832824 
59359.569990 0.000000 0.000000     5.688145     0.840597 
59359.607600 0.000000 0.000000     5.831455     0.848453 
59359.645211 0.000000 0.000000     5.975358     0.856389 
59359.682821 0.000000 0.000000     6.119822     0.864405 
59359.720431 0.000000 0.000000     6.264814     0.872498 
59359.758041 0.000000 0.000000     6.410302     0.880668 
59359.795651 0.000000 0.000000     6.556253     0.888912 
59359.833261 0.000000 0.000000     6.702634     0.897228 
59359.870871 0.000000 0.000000     6.849411     0.905616 
59359.908482 0.000000 0.000000     6.996552     0.914074 
59359.946092 0.000000 0.000000     7.144024     0.922601 
59359.983702 0.000000 0.000000     7.291791     0.931195 
59360.021312 0.000000 0.000000     7.439822     0.939854 
59360.058922 0.000000 0.000000     7.588082     0.948578 
59360.096532 0.000000 0.000000     7.736538     0.957364 
59360.134143 0.000000 0.000000     7.885155     0.966213 
59360.171753 0.000000 0.000000     8.033900     0.975121 
59360.209363 0.000000 0.000000     8.182739     0.984089 
59360.246973 0.000000 0.000000     8.331638     0.993114 
59360.284583 0.000000 0.000000     8.480564     1.002196 
59360.322193 0.000000 0.000000     8.629482     1.011334 
59360.359804 0.000000 0.000000     8.778358     1.020525 
59360.397414 0.000000 0.000000     8.927159     1.029770 
59360.435024 0.000000 0.000000     9.075851     1.039066 
59360.472634 0.000000 0.000000     9.224401     1.048412 
59360.510244 0.000000 0.000000     9.372775     1.057809 
59360.547854 0.000000 0.000000     9.520938     1.067253 
59360.585464 0.000000 0.000000     9.668860     1.076745 
59360.623075 0.000000 0.000000     9.816505     1.086283 
59360.660685 0.000000 0.000000     9.963841     1.095866 
59360.698295 0.000000 0.000000    10.110835     1.105494 
59360.735905 0.000000 0.000000    10.257455     1.115164 
59360.773515 0.000000 0.000000    10.403667     1.124876 
59360.811125 0.000000 0.000000    10.549440     1.134629 
59360.848736 0.000000 0.000000    10.694742     1.144423 
59360.886346 0.000000 0.000000    10.839541     1.154255 
59360.923956 0.000000 0.000000    10.983805     1.164125 
59360.961566 0.000000 0.000000    11.127502     1.174032 
59360.999176 0.000000 0.000000    11.270603     1.183976 
59361.036786 0.000000 0.000000    11.413075     1.193955 
59361.074396 0.000000 0.000000    11.554890     1.203968 
59361.112007 0.000000 0.000000    11.696015     1.214014 
59361.149617 0.000000 0.000000    11.836422     1.224093 
59361.187227 0.000000 0.000000    11.976082     1.234203 
59361.224837 0.000000 0.000000    12.114964     1.244344 
59361.262447 0.000000 0.000000    12.253040     1.254515 
59361.300057 0.000000 0.000000    12.390282     1.264714 
59361.337668 0.000000 0.000000    12.526662     1.274942 
59361.375278 0.000000 0.000000    12.662151     1.285197 
59361.412888 0.000000 0.000000    12.796723     1.295479 
59361.450498 0.000000 0.000000    12.930352     1.305786 
59361.488108 0.000000 0.000000    13.063009     1.316117 
59361.525718 0.000000 0.000000    13.194671     1.326473 
59361.563328 0.000000 0.000000    13.325310     1.336852 
59361.600939 0.000000 0.000000    13.454902     1.347253 
59361.638549 0.000000 0.000000    13.583422     1.357676 
59361.676159 0.000000 0.000000    13.710846     1.368119 
59361.713769 0.000000 0.000000    13.837151     1.378583 
59361.751379 0.000000 0.000000    13.962313     1.389066 
59361.788989 0.000000 0.000000    14.086309     1.399567 
59361.826600 0.000000 0.000000    14.209118     1.410086 
59361.864210 0.000000 0.000000    14.330717     1.420622 
59361.901820 0.000000 0.000000    14.451087     1.431174 
59361.939430 0.000000 0.000000    -0.413752          nan 
