# time Tc_folded Tref_folded model model_err 
59318.211098 0.000000 0.000000     3.192367     2.208715 
59318.265916 0.000000 0.000000     3.174134     2.207734 
59318.320735 0.000000 0.000000     3.156180     2.206714 
59318.375553 0.000000 0.000000     3.138498     2.205655 
59318.430372 0.000000 0.000000     3.121083     2.204556 
59318.485190 0.000000 0.000000     3.103928     2.203418 
59318.540009 0.000000 0.000000     3.087028     2.202239 
59318.594827 0.000000 0.000000     3.070376     2.201021 
59318.649645 0.000000 0.000000     3.053966     2.199763 
59318.704464 0.000000 0.000000     3.037790     2.198464 
59318.759282 0.000000 0.000000     3.021843     2.197124 
59318.814101 0.000000 0.000000     3.006116     2.195744 
59318.868919 0.000000 0.000000     2.990604     2.194323 
59318.923738 0.000000 0.000000     2.975298     2.192860 
59318.978556 0.000000 0.000000     2.960191     2.191356 
59319.033374 0.000000 0.000000     2.945277     2.189811 
59319.088193 0.000000 0.000000     2.930547     2.188224 
59319.143011 0.000000 0.000000     2.915995     2.186595 
59319.197830 0.000000 0.000000     2.901613     2.184924 
59319.252648 0.000000 0.000000     2.887393     2.183210 
59319.307467 0.000000 0.000000     2.873329     2.181454 
59319.362285 0.000000 0.000000     2.859414     2.179656 
59319.417103 0.000000 0.000000     2.845639     2.177814 
59319.471922 0.000000 0.000000     2.831999     2.175930 
59319.526740 0.000000 0.000000     2.818485     2.174002 
59319.581559 0.000000 0.000000     2.805093     2.172031 
59319.636377 0.000000 0.000000     2.791814     2.170016 
59319.691196 0.000000 0.000000     2.778643     2.167958 
59319.746014 0.000000 0.000000     2.765573     2.165855 
59319.800832 0.000000 0.000000     2.752598     2.163708 
59319.855651 0.000000 0.000000     2.739712     2.161517 
59319.910469 0.000000 0.000000     2.726911     2.159282 
59319.965288 0.000000 0.000000     2.714187     2.157001 
59320.020106 0.000000 0.000000     2.701538     2.154676 
59320.074925 0.000000 0.000000     2.688956     2.152305 
59320.129743 0.000000 0.000000     2.676440     2.149889 
59320.184561 0.000000 0.000000     2.663982     2.147428 
59320.239380 0.000000 0.000000     2.651582     2.144920 
59320.294198 0.000000 0.000000     2.639233     2.142367 
59320.349017 0.000000 0.000000     2.626934     2.139768 
59320.403835 0.000000 0.000000     2.614682     2.137122 
59320.458654 0.000000 0.000000     2.602474     2.134430 
59320.513472 0.000000 0.000000     2.590307     2.131691 
59320.568290 0.000000 0.000000     2.578181     2.128905 
59320.623109 0.000000 0.000000     2.566093     2.126072 
59320.677927 0.000000 0.000000     2.554044     2.123192 
59320.732746 0.000000 0.000000     2.542032     2.120264 
59320.787564 0.000000 0.000000     2.530056     2.117288 
59320.842383 0.000000 0.000000     2.518118     2.114265 
59320.897201 0.000000 0.000000     2.506218     2.111193 
59320.952019 0.000000 0.000000     2.494357     2.108073 
59321.006838 0.000000 0.000000     2.482536     2.104904 
59321.061656 0.000000 0.000000     2.470758     2.101686 
59321.116475 0.000000 0.000000     2.459023     2.098420 
59321.171293 0.000000 0.000000     2.447336     2.095104 
59321.226112 0.000000 0.000000     2.435700     2.091739 
59321.280930 0.000000 0.000000     2.424117     2.088324 
59321.335748 0.000000 0.000000     2.412591     2.084859 
59321.390567 0.000000 0.000000     2.401127     2.081345 
59321.445385 0.000000 0.000000     2.389730     2.077780 
59321.500204 0.000000 0.000000     2.378404     2.074164 
59321.555022 0.000000 0.000000     2.367155     2.070498 
59321.609841 0.000000 0.000000     2.355989     2.066781 
59321.664659 0.000000 0.000000     2.344912     2.063013 
59321.719477 0.000000 0.000000     2.333930     2.059194 
59321.774296 0.000000 0.000000     2.323050     2.055323 
59321.829114 0.000000 0.000000     2.312280     2.051401 
59321.883933 0.000000 0.000000     2.301626     2.047426 
59321.938751 0.000000 0.000000     2.291098     2.043400 
59321.993569 0.000000 0.000000     2.280702     2.039321 
59322.048388 0.000000 0.000000     2.270447     2.035190 
59322.103206 0.000000 0.000000     2.260342     2.031006 
59322.158025 0.000000 0.000000     2.250395     2.026769 
59322.212843 0.000000 0.000000     2.240616     2.022479 
59322.267662 0.000000 0.000000     2.231015     2.018135 
59322.322480 0.000000 0.000000     2.221600     2.013738 
59322.377298 0.000000 0.000000     2.212381     2.009287 
59322.432117 0.000000 0.000000     2.203369     2.004783 
59322.486935 0.000000 0.000000     2.194573     2.000224 
59322.541754 0.000000 0.000000     2.186004     1.995610 
59322.596572 0.000000 0.000000     2.177671     1.990943 
59322.651391 0.000000 0.000000     2.169586     1.986220 
59322.706209 0.000000 0.000000     2.161758     1.981443 
59322.761027 0.000000 0.000000     2.154198     1.976610 
59322.815846 0.000000 0.000000     2.146917     1.971722 
59322.870664 0.000000 0.000000     2.139925     1.966779 
59322.925483 0.000000 0.000000     2.133233     1.961780 
59322.980301 0.000000 0.000000     2.126850     1.956725 
59323.035120 0.000000 0.000000     2.120789     1.951614 
59323.089938 0.000000 0.000000     2.115058     1.946447 
59323.144756 0.000000 0.000000     2.109668     1.941223 
59323.199575 0.000000 0.000000     2.104629     1.935943 
59323.254393 0.000000 0.000000     2.099952     1.930606 
59323.309212 0.000000 0.000000     2.095646     1.925211 
59323.364030 0.000000 0.000000     2.091720     1.919760 
59323.418849 0.000000 0.000000     2.088184     1.914252 
59323.473667 0.000000 0.000000     2.085048     1.908686 
59323.528485 0.000000 0.000000     2.082319     1.903062 
59323.583304 0.000000 0.000000     2.080007     1.897380 
59323.638122 0.000000 0.000000     2.078121     1.891641 
59323.692941 0.000000 0.000000     2.076667     1.885843 
59323.747759 0.000000 0.000000     2.075654     1.879987 
59323.802578 0.000000 0.000000     2.075090     1.874073 
59323.857396 0.000000 0.000000     2.074980     1.868100 
59323.912214 0.000000 0.000000     2.075332     1.862068 
59323.967033 0.000000 0.000000     2.076151     1.855977 
59324.021851 0.000000 0.000000     2.077444     1.849828 
59324.076670 0.000000 0.000000     2.079215     1.843619 
59324.131488 0.000000 0.000000     2.081470     1.837351 
59324.186307 0.000000 0.000000     2.084212     1.831023 
59324.241125 0.000000 0.000000     2.087445     1.824636 
59324.295943 0.000000 0.000000     2.091173     1.818189 
59324.350762 0.000000 0.000000     2.095398     1.811682 
59324.405580 0.000000 0.000000     2.100122     1.805116 
59324.460399 0.000000 0.000000     2.105348     1.798489 
59324.515217 0.000000 0.000000     2.111075     1.791803 
59324.570036 0.000000 0.000000     2.117304     1.785056 
59324.624854 0.000000 0.000000     2.124035     1.778248 
59324.679672 0.000000 0.000000     2.131267     1.771381 
59324.734491 0.000000 0.000000     2.138999     1.764453 
59324.789309 0.000000 0.000000     2.147228     1.757464 
59324.844128 0.000000 0.000000     2.155952     1.750415 
59324.898946 0.000000 0.000000     2.165167     1.743305 
59324.953765 0.000000 0.000000     2.174870     1.736134 
59325.008583 0.000000 0.000000     2.185055     1.728902 
59325.063401 0.000000 0.000000     2.195717     1.721610 
59325.118220 0.000000 0.000000     2.206850     1.714256 
59325.173038 0.000000 0.000000     2.218448     1.706842 
59325.227857 0.000000 0.000000     2.230502     1.699367 
59325.282675 0.000000 0.000000     2.243005     1.691831 
59325.337494 0.000000 0.000000     2.255948     1.684234 
59325.392312 0.000000 0.000000     2.269321     1.676576 
59325.447130 0.000000 0.000000     2.283115     1.668856 
59325.501949 0.000000 0.000000     2.297318     1.661077 
59325.556767 0.000000 0.000000     2.311919     1.653236 
59325.611586 0.000000 0.000000     2.326906     1.645334 
59325.666404 0.000000 0.000000     2.342265     1.637371 
59325.721223 0.000000 0.000000     2.357985     1.629348 
59325.776041 0.000000 0.000000     2.374050     1.621264 
59325.830859 0.000000 0.000000     2.390446     1.613119 
59325.885678 0.000000 0.000000     2.407157     1.604914 
59325.940496 0.000000 0.000000     2.424167     1.596648 
59325.995315 0.000000 0.000000     2.441461     1.588323 
59326.050133 0.000000 0.000000     2.459020     1.579936 
59326.104952 0.000000 0.000000     2.476827     1.571490 
59326.159770 0.000000 0.000000     2.494864     1.562984 
59326.214588 0.000000 0.000000     2.513112     1.554418 
59326.269407 0.000000 0.000000     2.531552     1.545792 
59326.324225 0.000000 0.000000     2.550163     1.537107 
59326.379044 0.000000 0.000000     2.568926     1.528363 
59326.433862 0.000000 0.000000     2.587819     1.519560 
59326.488681 0.000000 0.000000     2.606822     1.510698 
59326.543499 0.000000 0.000000     2.625913     1.501777 
59326.598317 0.000000 0.000000     2.645069     1.492798 
59326.653136 0.000000 0.000000     2.664269     1.483761 
59326.707954 0.000000 0.000000     2.683489     1.474666 
59326.762773 0.000000 0.000000     2.702706     1.465514 
59326.817591 0.000000 0.000000     2.721897     1.456305 
59326.872410 0.000000 0.000000     2.741038     1.447039 
59326.927228 0.000000 0.000000     2.760105     1.437716 
59326.982046 0.000000 0.000000     2.779074     1.428337 
59327.036865 0.000000 0.000000     2.797920     1.418903 
59327.091683 0.000000 0.000000     2.816619     1.409413 
59327.146502 0.000000 0.000000     2.835146     1.399868 
59327.201320 0.000000 0.000000     2.853475     1.390269 
59327.256139 0.000000 0.000000     2.871583     1.380615 
59327.310957 0.000000 0.000000     2.889444     1.370908 
59327.365775 0.000000 0.000000     2.907032     1.361148 
59327.420594 0.000000 0.000000     2.924323     1.351336 
59327.475412 0.000000 0.000000     2.941291     1.341471 
59327.530231 0.000000 0.000000     2.957912     1.331555 
59327.585049 0.000000 0.000000     2.974161     1.321588 
59327.639868 0.000000 0.000000     2.990012     1.311570 
59327.694686 0.000000 0.000000     3.005441     1.301503 
59327.749504 0.000000 0.000000     3.020423     1.291386 
59327.804323 0.000000 0.000000     3.034935     1.281222 
59327.859141 0.000000 0.000000     3.048951     1.271009 
59327.913960 0.000000 0.000000     3.062448     1.260749 
59327.968778 0.000000 0.000000     3.075402     1.250443 
59328.023597 0.000000 0.000000     3.087790     1.240092 
59328.078415 0.000000 0.000000     3.099590     1.229696 
59328.133233 0.000000 0.000000     3.110778     1.219255 
59328.188052 0.000000 0.000000     3.121333     1.208772 
59328.242870 0.000000 0.000000     3.131232     1.198246 
59328.297689 0.000000 0.000000     3.140455     1.187678 
59328.352507 0.000000 0.000000     3.148980     1.177070 
59328.407326 0.000000 0.000000     3.156788     1.166423 
59328.462144 0.000000 0.000000     3.163859     1.155737 
59328.516962 0.000000 0.000000     3.170174     1.145013 
59328.571781 0.000000 0.000000     3.175713     1.134253 
59328.626599 0.000000 0.000000     3.180459     1.123457 
59328.681418 0.000000 0.000000     3.184396     1.112626 
59328.736236 0.000000 0.000000     3.187505     1.101763 
59328.791054 0.000000 0.000000     3.189772     1.090867 
59328.845873 0.000000 0.000000     3.191181     1.079941 
59328.900691 0.000000 0.000000     3.191718     1.068984 
59328.955510 0.000000 0.000000     3.191368     1.058000 
59329.010328 0.000000 0.000000     3.190119     1.046988 
59329.065147 0.000000 0.000000     3.187959     1.035951 
59329.119965 0.000000 0.000000     3.184876     1.024889 
59329.174783 0.000000 0.000000     3.180860     1.013805 
59329.229602 0.000000 0.000000     3.175901     1.002699 
59329.284420 0.000000 0.000000     3.169990     0.991574 
59329.339239 0.000000 0.000000     3.163120     0.980430 
59329.394057 0.000000 0.000000     3.155283     0.969271 
59329.448876 0.000000 0.000000     3.146472     0.958096 
59329.503694 0.000000 0.000000     3.136684     0.946909 
59329.558512 0.000000 0.000000     3.125912     0.935711 
59329.613331 0.000000 0.000000     3.114155     0.924504 
59329.668149 0.000000 0.000000     3.101409     0.913290 
59329.722968 0.000000 0.000000     3.087673     0.902071 
59329.777786 0.000000 0.000000     3.072946     0.890849 
59329.832605 0.000000 0.000000     3.057229     0.879627 
59329.887423 0.000000 0.000000     3.040522     0.868407 
59329.942241 0.000000 0.000000     3.022829     0.857191 
59329.997060 0.000000 0.000000     3.004152     0.845983 
59330.051878 0.000000 0.000000     2.984496     0.834785 
59330.106697 0.000000 0.000000     2.963865     0.823599 
59330.161515 0.000000 0.000000     2.942266     0.812429 
59330.216334 0.000000 0.000000     2.919706     0.801277 
59330.271152 0.000000 0.000000     2.896192     0.790148 
59330.325970 0.000000 0.000000     2.871735     0.779044 
59330.380789 0.000000 0.000000     2.846343     0.767970 
59330.435607 0.000000 0.000000     2.820027     0.756929 
59330.490426 0.000000 0.000000     2.792800     0.745925 
59330.545244 0.000000 0.000000     2.764673     0.734962 
59330.600063 0.000000 0.000000     2.735661     0.724045 
59330.654881 0.000000 0.000000     2.705777     0.713179 
59330.709699 0.000000 0.000000     2.675038     0.702368 
59330.764518 0.000000 0.000000     2.643459     0.691619 
59330.819336 0.000000 0.000000     2.611057     0.680936 
59330.874155 0.000000 0.000000     2.577850     0.670326 
59330.928973 0.000000 0.000000     2.543857     0.659796 
59330.983792 0.000000 0.000000     2.509097     0.649351 
59331.038610 0.000000 0.000000     2.473590     0.638999 
59331.093428 0.000000 0.000000     2.437358     0.628748 
59331.148247 0.000000 0.000000     2.400422     0.618606 
59331.203065 0.000000 0.000000     2.362804     0.608580 
59331.257884 0.000000 0.000000     2.324528     0.598680 
59331.312702 0.000000 0.000000     2.285617     0.588916 
59331.367521 0.000000 0.000000     2.246097     0.579297 
59331.422339 0.000000 0.000000     2.205991     0.569834 
59331.477157 0.000000 0.000000     2.165325     0.560536 
59331.531976 0.000000 0.000000     2.124127     0.551417 
59331.586794 0.000000 0.000000     2.082421     0.542487 
59331.641613 0.000000 0.000000     2.040237     0.533757 
59331.696431 0.000000 0.000000     1.997601     0.525242 
59331.751250 0.000000 0.000000     1.954541     0.516952 
59331.806068 0.000000 0.000000     1.911087     0.508901 
59331.860886 0.000000 0.000000     1.867267     0.501100 
59331.915705 0.000000 0.000000     1.823111     0.493563 
59331.970523 0.000000 0.000000     1.778647     0.486301 
59332.025342 0.000000 0.000000     1.733908     0.479325 
59332.080160 0.000000 0.000000     1.688922     0.472646 
59332.134979 0.000000 0.000000     1.643720     0.466273 
59332.189797 0.000000 0.000000     1.598333     0.460214 
59332.244615 0.000000 0.000000     1.552791     0.454477 
59332.299434 0.000000 0.000000     1.507127     0.449066 
59332.354252 0.000000 0.000000     1.461371     0.443984 
59332.409071 0.000000 0.000000     1.415553     0.439232 
59332.463889 0.000000 0.000000     1.369707     0.434810 
59332.518708 0.000000 0.000000     1.323862     0.430714 
59332.573526 0.000000 0.000000     1.278050     0.426937 
59332.628344 0.000000 0.000000     1.232303     0.423473 
59332.683163 0.000000 0.000000     1.186651     0.420311 
59332.737981 0.000000 0.000000     1.141126     0.417440 
59332.792800 0.000000 0.000000     1.095758     0.414845 
59332.847618 0.000000 0.000000     1.050578     0.412511 
59332.902437 0.000000 0.000000     1.005617     0.410423 
59332.957255 0.000000 0.000000     0.960905     0.408562 
59333.012073 0.000000 0.000000     0.916471     0.406910 
59333.066892 0.000000 0.000000     0.872346     0.405450 
59333.121710 0.000000 0.000000     0.828559     0.404162 
59333.176529 0.000000 0.000000     0.785139     0.403027 
59333.231347 0.000000 0.000000     0.742113     0.402029 
59333.286166 0.000000 0.000000     0.699511     0.401149 
59333.340984 0.000000 0.000000     0.657361     0.400371 
59333.395802 0.000000 0.000000     0.615688     0.399678 
59333.450621 0.000000 0.000000     0.574521     0.399055 
59333.505439 0.000000 0.000000     0.533884     0.398490 
59333.560258 0.000000 0.000000     0.493804     0.397967 
59333.615076 0.000000 0.000000     0.454306     0.397476 
59333.669895 0.000000 0.000000     0.415413     0.397005 
59333.724713 0.000000 0.000000     0.377151     0.396544 
59333.779531 0.000000 0.000000     0.339541     0.396085 
59333.834350 0.000000 0.000000     0.302606     0.395619 
59333.889168 0.000000 0.000000     0.266368     0.395140 
59333.943987 0.000000 0.000000     0.230848     0.394641 
59333.998805 0.000000 0.000000     0.196066     0.394117 
59334.053624 0.000000 0.000000     0.162041     0.393563 
59334.108442 0.000000 0.000000     0.128792     0.392975 
59334.163260 0.000000 0.000000     0.096337     0.392351 
59334.218079 0.000000 0.000000     0.064693     0.391687 
59334.272897 0.000000 0.000000     0.033875     0.390981 
59334.327716 0.000000 0.000000     0.003901     0.390233 
59334.382534 0.000000 0.000000    -0.025217     0.389442 
59334.437353 0.000000 0.000000    -0.053465     0.388606 
59334.492171 0.000000 0.000000    -0.080830     0.387726 
59334.546989 0.000000 0.000000    -0.107299     0.386802 
59334.601808 0.000000 0.000000    -0.132863     0.385835 
59334.656626 0.000000 0.000000    -0.157511     0.384826 
59334.711445 0.000000 0.000000    -0.181235     0.383776 
59334.766263 0.000000 0.000000    -0.204025     0.382688 
59334.821082 0.000000 0.000000    -0.225876     0.381562 
59334.875900 0.000000 0.000000    -0.246780     0.380401 
59334.930718 0.000000 0.000000    -0.266732     0.379207 
59334.985537 0.000000 0.000000    -0.285729     0.377983 
59335.040355 0.000000 0.000000    -0.303766     0.376732 
59335.095174 0.000000 0.000000    -0.320842     0.375456 
59335.149992 0.000000 0.000000    -0.336954     0.374158 
59335.204811 0.000000 0.000000    -0.352103     0.372842 
59335.259629 0.000000 0.000000    -0.366288     0.371511 
59335.314447 0.000000 0.000000    -0.379510     0.370167 
59335.369266 0.000000 0.000000    -0.391773     0.368816 
59335.424084 0.000000 0.000000    -0.403080     0.367459 
59335.478903 0.000000 0.000000    -0.413434     0.366101 
59335.533721 0.000000 0.000000    -0.422840     0.364745 
59335.588540 0.000000 0.000000    -0.431305     0.363394 
59335.643358 0.000000 0.000000    -0.438834     0.362052 
59335.698176 0.000000 0.000000    -0.445437     0.360723 
59335.752995 0.000000 0.000000    -0.451121     0.359411 
59335.807813 0.000000 0.000000    -0.455896     0.358117 
59335.862632 0.000000 0.000000    -0.459773     0.356847 
59335.917450 0.000000 0.000000    -0.462761     0.355603 
59335.972268 0.000000 0.000000    -0.464874     0.354389 
59336.027087 0.000000 0.000000    -0.466123     0.353206 
59336.081905 0.000000 0.000000    -0.466523     0.352059 
59336.136724 0.000000 0.000000    -0.466088     0.350950 
59336.191542 0.000000 0.000000    -0.464832     0.349882 
59336.246361 0.000000 0.000000    -0.462771     0.348857 
59336.301179 0.000000 0.000000    -0.459922     0.347877 
59336.355997 0.000000 0.000000    -0.456302     0.346944 
59336.410816 0.000000 0.000000    -0.451928     0.346060 
59336.465634 0.000000 0.000000    -0.446819     0.345227 
59336.520453 0.000000 0.000000    -0.440995     0.344446 
59336.575271 0.000000 0.000000    -0.434473     0.343717 
59336.630090 0.000000 0.000000    -0.427276     0.343042 
59336.684908 0.000000 0.000000    -0.419422     0.342421 
59336.739726 0.000000 0.000000    -0.410935     0.341855 
59336.794545 0.000000 0.000000    -0.401834     0.341344 
59336.849363 0.000000 0.000000    -0.392143     0.340886 
59336.904182 0.000000 0.000000    -0.381884     0.340483 
59336.959000 0.000000 0.000000    -0.371080     0.340133 
59337.013819 0.000000 0.000000    -0.359755     0.339835 
59337.068637 0.000000 0.000000    -0.347932     0.339589 
59337.123455 0.000000 0.000000    -0.335635     0.339393 
59337.178274 0.000000 0.000000    -0.322889     0.339246 
59337.233092 0.000000 0.000000    -0.309718     0.339145 
59337.287911 0.000000 0.000000    -0.296148     0.339090 
59337.342729 0.000000 0.000000    -0.282202     0.339079 
59337.397548 0.000000 0.000000    -0.267908     0.339108 
59337.452366 0.000000 0.000000    -0.253289     0.339177 
59337.507184 0.000000 0.000000    -0.238372     0.339283 
59337.562003 0.000000 0.000000    -0.223183     0.339424 
59337.616821 0.000000 0.000000    -0.207746     0.339597 
59337.671640 0.000000 0.000000    -0.192088     0.339801 
59337.726458 0.000000 0.000000    -0.176235     0.340032 
59337.781277 0.000000 0.000000    -0.160212     0.340288 
59337.836095 0.000000 0.000000    -0.144046     0.340568 
59337.890913 0.000000 0.000000    -0.127761     0.340868 
59337.945732 0.000000 0.000000    -0.111383     0.341186 
59338.000550 0.000000 0.000000    -0.094938     0.341520 
59338.055369 0.000000 0.000000    -0.078450     0.341867 
59338.110187 0.000000 0.000000    -0.061946     0.342226 
59338.165006 0.000000 0.000000    -0.045450     0.342594 
59338.219824 0.000000 0.000000    -0.028985     0.342969 
59338.274642 0.000000 0.000000    -0.012578     0.343349 
59338.329461 0.000000 0.000000     0.003748     0.343732 
59338.384279 0.000000 0.000000     0.019971     0.344116 
59338.439098 0.000000 0.000000     0.036065     0.344500 
59338.493916 0.000000 0.000000     0.052008     0.344881 
59338.548735 0.000000 0.000000     0.067778     0.345258 
59338.603553 0.000000 0.000000     0.083352     0.345630 
59338.658371 0.000000 0.000000     0.098708     0.345995 
59338.713190 0.000000 0.000000     0.113826     0.346352 
59338.768008 0.000000 0.000000     0.128684     0.346699 
59338.822827 0.000000 0.000000     0.143263     0.347036 
59338.877645 0.000000 0.000000     0.157541     0.347361 
59338.932464 0.000000 0.000000     0.171501     0.347673 
59338.987282 0.000000 0.000000     0.185123     0.347973 
59339.042100 0.000000 0.000000     0.198389     0.348258 
59339.096919 0.000000 0.000000     0.211282     0.348529 
59339.151737 0.000000 0.000000     0.223785     0.348785 
59339.206556 0.000000 0.000000     0.235881     0.349025 
59339.261374 0.000000 0.000000     0.247555     0.349250 
59339.316193 0.000000 0.000000     0.258792     0.349459 
59339.371011 0.000000 0.000000     0.269578     0.349651 
59339.425829 0.000000 0.000000     0.279898     0.349828 
59339.480648 0.000000 0.000000     0.289741     0.349990 
59339.535466 0.000000 0.000000     0.299094     0.350136 
59339.590285 0.000000 0.000000     0.307945     0.350267 
59339.645103 0.000000 0.000000     0.316283     0.350383 
59339.699922 0.000000 0.000000     0.324099     0.350486 
59339.754740 0.000000 0.000000     0.331383     0.350576 
59339.809558 0.000000 0.000000     0.338127     0.350653 
59339.864377 0.000000 0.000000     0.344322     0.350720 
59339.919195 0.000000 0.000000     0.349962     0.350776 
59339.974014 0.000000 0.000000     0.355041     0.350823 
59340.028832 0.000000 0.000000     0.359552     0.350862 
59340.083651 0.000000 0.000000     0.363491     0.350895 
59340.138469 0.000000 0.000000     0.366854     0.350923 
59340.193287 0.000000 0.000000     0.369637     0.350948 
59340.248106 0.000000 0.000000     0.371839     0.350971 
59340.302924 0.000000 0.000000     0.373456     0.350994 
59340.357743 0.000000 0.000000     0.374489     0.351019 
59340.412561 0.000000 0.000000     0.374937     0.351048 
59340.467380 0.000000 0.000000     0.374800     0.351083 
59340.522198 0.000000 0.000000     0.374080     0.351126 
59340.577016 0.000000 0.000000     0.372778     0.351178 
59340.631835 0.000000 0.000000     0.370897     0.351243 
59340.686653 0.000000 0.000000     0.368440     0.351321 
59340.741472 0.000000 0.000000     0.365412     0.351417 
59340.796290 0.000000 0.000000     0.361817     0.351530 
59340.851109 0.000000 0.000000     0.357660     0.351665 
59340.905927 0.000000 0.000000     0.352948     0.351822 
59340.960745 0.000000 0.000000     0.347688     0.352004 
59341.015564 0.000000 0.000000     0.341886     0.352213 
59341.070382 0.000000 0.000000     0.335550     0.352451 
59341.125201 0.000000 0.000000     0.328690     0.352720 
59341.180019 0.000000 0.000000     0.321315     0.353021 
59341.234838 0.000000 0.000000     0.313434     0.353357 
59341.289656 0.000000 0.000000     0.305057     0.353729 
59341.344474 0.000000 0.000000     0.296197     0.354139 
59341.399293 0.000000 0.000000     0.286863     0.354587 
59341.454111 0.000000 0.000000     0.277068     0.355075 
59341.508930 0.000000 0.000000     0.266824     0.355604 
59341.563748 0.000000 0.000000     0.256144     0.356174 
59341.618567 0.000000 0.000000     0.245042     0.356787 
59341.673385 0.000000 0.000000     0.233532     0.357443 
59341.728203 0.000000 0.000000     0.221627     0.358141 
59341.783022 0.000000 0.000000     0.209342     0.358883 
59341.837840 0.000000 0.000000     0.196692     0.359667 
59341.892659 0.000000 0.000000     0.183692     0.360493 
59341.947477 0.000000 0.000000     0.170358     0.361362 
59342.002296 0.000000 0.000000     0.156706     0.362271 
59342.057114 0.000000 0.000000     0.142752     0.363220 
59342.111932 0.000000 0.000000     0.128512     0.364207 
59342.166751 0.000000 0.000000     0.114004     0.365232 
59342.221569 0.000000 0.000000     0.099243     0.366293 
59342.276388 0.000000 0.000000     0.084246     0.367387 
59342.331206 0.000000 0.000000     0.069032     0.368514 
59342.386025 0.000000 0.000000     0.053617     0.369671 
59342.440843 0.000000 0.000000     0.038019     0.370855 
59342.495661 0.000000 0.000000     0.022255     0.372066 
59342.550480 0.000000 0.000000     0.006343     0.373300 
59342.605298 0.000000 0.000000    -0.009700     0.374554 
59342.660117 0.000000 0.000000    -0.025856     0.375827 
59342.714935 0.000000 0.000000    -0.042108     0.377116 
59342.769753 0.000000 0.000000    -0.058437     0.378418 
59342.824572 0.000000 0.000000    -0.074827     0.379731 
59342.879390 0.000000 0.000000    -0.091260     0.381051 
59342.934209 0.000000 0.000000    -0.107719     0.382376 
59342.989027 0.000000 0.000000    -0.124186     0.383703 
59343.043846 0.000000 0.000000    -0.140645     0.385031 
59343.098664 0.000000 0.000000    -0.157079     0.386355 
59343.153482 0.000000 0.000000    -0.173471     0.387673 
59343.208301 0.000000 0.000000    -0.189805     0.388983 
59343.263119 0.000000 0.000000    -0.206064     0.390282 
59343.317938 0.000000 0.000000    -0.222233     0.391568 
59343.372756 0.000000 0.000000    -0.238295     0.392838 
59343.427575 0.000000 0.000000    -0.254236     0.394090 
59343.482393 0.000000 0.000000    -0.270041     0.395321 
59343.537211 0.000000 0.000000    -0.285694     0.396529 
59343.592030 0.000000 0.000000    -0.301182     0.397713 
59343.646848 0.000000 0.000000    -0.316490     0.398869 
59343.701667 0.000000 0.000000    -0.331605     0.399996 
59343.756485 0.000000 0.000000    -0.346514     0.401092 
59343.811304 0.000000 0.000000    -0.361203     0.402155 
59343.866122 0.000000 0.000000    -0.375661     0.403184 
59343.920940 0.000000 0.000000    -0.389875     0.404176 
59343.975759 0.000000 0.000000    -0.403835     0.405131 
59344.030577 0.000000 0.000000    -0.417528     0.406046 
59344.085396 0.000000 0.000000    -0.430944     0.406921 
59344.140214 0.000000 0.000000    -0.444074     0.407754 
59344.195033 0.000000 0.000000    -0.456908     0.408544 
59344.249851 0.000000 0.000000    -0.469436     0.409291 
59344.304669 0.000000 0.000000    -0.481651     0.409992 
59344.359488 0.000000 0.000000    -0.493544     0.410647 
59344.414306 0.000000 0.000000    -0.505108     0.411256 
59344.469125 0.000000 0.000000    -0.516335     0.411817 
59344.523943 0.000000 0.000000    -0.527220     0.412331 
59344.578762 0.000000 0.000000    -0.537756     0.412797 
59344.633580 0.000000 0.000000    -0.547938     0.413214 
59344.688398 0.000000 0.000000    -0.557762     0.413582 
59344.743217 0.000000 0.000000    -0.567223     0.413901 
59344.798035 0.000000 0.000000    -0.576317     0.414170 
59344.852854 0.000000 0.000000    -0.585041     0.414391 
59344.907672 0.000000 0.000000    -0.593394     0.414563 
59344.962491 0.000000 0.000000    -0.601371     0.414686 
59345.017309 0.000000 0.000000    -0.608973     0.414760 
59345.072127 0.000000 0.000000    -0.616199     0.414786 
59345.126946 0.000000 0.000000    -0.623046     0.414765 
59345.181764 0.000000 0.000000    -0.629517     0.414697 
59345.236583 0.000000 0.000000    -0.635611     0.414582 
59345.291401 0.000000 0.000000    -0.641329     0.414421 
59345.346220 0.000000 0.000000    -0.646674     0.414216 
59345.401038 0.000000 0.000000    -0.651647     0.413967 
59345.455856 0.000000 0.000000    -0.656250     0.413675 
59345.510675 0.000000 0.000000    -0.660488     0.413341 
59345.565493 0.000000 0.000000    -0.664363     0.412966 
59345.620312 0.000000 0.000000    -0.667879     0.412551 
59345.675130 0.000000 0.000000    -0.671042     0.412099 
59345.729949 0.000000 0.000000    -0.673855     0.411610 
59345.784767 0.000000 0.000000    -0.676324     0.411085 
59345.839585 0.000000 0.000000    -0.678454     0.410526 
59345.894404 0.000000 0.000000    -0.680253     0.409935 
59345.949222 0.000000 0.000000    -0.681725     0.409313 
59346.004041 0.000000 0.000000    -0.682879     0.408663 
59346.058859 0.000000 0.000000    -0.683720     0.407985 
59346.113678 0.000000 0.000000    -0.684257     0.407281 
59346.168496 0.000000 0.000000    -0.684497     0.406554 
59346.223314 0.000000 0.000000    -0.684449     0.405804 
59346.278133 0.000000 0.000000    -0.684120     0.405035 
59346.332951 0.000000 0.000000    -0.683519     0.404248 
59346.387770 0.000000 0.000000    -0.682655     0.403444 
59346.442588 0.000000 0.000000    -0.681536     0.402627 
59346.497407 0.000000 0.000000    -0.680173     0.401797 
59346.552225 0.000000 0.000000    -0.678574     0.400956 
59346.607043 0.000000 0.000000    -0.676748     0.400108 
59346.661862 0.000000 0.000000    -0.674706     0.399252 
59346.716680 0.000000 0.000000    -0.672457     0.398393 
59346.771499 0.000000 0.000000    -0.670011     0.397530 
59346.826317 0.000000 0.000000    -0.667378     0.396667 
59346.881136 0.000000 0.000000    -0.664567     0.395805 
59346.935954 0.000000 0.000000    -0.661589     0.394945 
59346.990772 0.000000 0.000000    -0.658454     0.394091 
59347.045591 0.000000 0.000000    -0.655170     0.393242 
59347.100409 0.000000 0.000000    -0.651750     0.392401 
59347.155228 0.000000 0.000000    -0.648201     0.391569 
59347.210046 0.000000 0.000000    -0.644535     0.390747 
59347.264865 0.000000 0.000000    -0.640760     0.389938 
59347.319683 0.000000 0.000000    -0.636887     0.389141 
59347.374501 0.000000 0.000000    -0.632924     0.388359 
59347.429320 0.000000 0.000000    -0.628881     0.387592 
59347.484138 0.000000 0.000000    -0.624767     0.386842 
59347.538957 0.000000 0.000000    -0.620591     0.386108 
59347.593775 0.000000 0.000000    -0.616362     0.385392 
59347.648594 0.000000 0.000000    -0.612087     0.384694 
59347.703412 0.000000 0.000000    -0.607776     0.384015 
59347.758230 0.000000 0.000000    -0.603437     0.383355 
59347.813049 0.000000 0.000000    -0.599076     0.382714 
59347.867867 0.000000 0.000000    -0.594702     0.382093 
59347.922686 0.000000 0.000000    -0.590322     0.381490 
59347.977504 0.000000 0.000000    -0.585942     0.380908 
59348.032323 0.000000 0.000000    -0.581569     0.380344 
59348.087141 0.000000 0.000000    -0.577208     0.379799 
59348.141959 0.000000 0.000000    -0.572867     0.379272 
59348.196778 0.000000 0.000000    -0.568549     0.378763 
59348.251596 0.000000 0.000000    -0.564261     0.378271 
59348.306415 0.000000 0.000000    -0.560007     0.377796 
59348.361233 0.000000 0.000000    -0.555790     0.377337 
59348.416052 0.000000 0.000000    -0.551615     0.376893 
59348.470870 0.000000 0.000000    -0.547486     0.376463 
59348.525688 0.000000 0.000000    -0.543405     0.376047 
59348.580507 0.000000 0.000000    -0.539374     0.375643 
59348.635325 0.000000 0.000000    -0.535397     0.375251 
59348.690144 0.000000 0.000000    -0.531474     0.374870 
59348.744962 0.000000 0.000000    -0.527607     0.374498 
59348.799781 0.000000 0.000000    -0.523797     0.374136 
59348.854599 0.000000 0.000000    -0.520043     0.373782 
59348.909417 0.000000 0.000000    -0.516347     0.373434 
59348.964236 0.000000 0.000000    -0.512708     0.373093 
59349.019054 0.000000 0.000000    -0.509124     0.372758 
59349.073873 0.000000 0.000000    -0.505594     0.372427 
59349.128691 0.000000 0.000000    -0.502116     0.372100 
59349.183510 0.000000 0.000000    -0.498689     0.371776 
59349.238328 0.000000 0.000000    -0.495309     0.371455 
59349.293146 0.000000 0.000000    -0.491973     0.371136 
59349.347965 0.000000 0.000000    -0.488678     0.370818 
59349.402783 0.000000 0.000000    -0.485420     0.370502 
59349.457602 0.000000 0.000000    -0.482195     0.370186 
59349.512420 0.000000 0.000000    -0.478997     0.369871 
59349.567239 0.000000 0.000000    -0.475822     0.369557 
59349.622057 0.000000 0.000000    -0.472664     0.369243 
59349.676875 0.000000 0.000000    -0.469518     0.368929 
59349.731694 0.000000 0.000000    -0.466377     0.368616 
59349.786512 0.000000 0.000000    -0.463234     0.368303 
59349.841331 0.000000 0.000000    -0.460084     0.367991 
59349.896149 0.000000 0.000000    -0.456918     0.367680 
59349.950967 0.000000 0.000000    -0.453729     0.367371 
59350.005786 0.000000 0.000000    -0.450510     0.367064 
59350.060604 0.000000 0.000000    -0.447253     0.366760 
59350.115423 0.000000 0.000000    -0.443949     0.366459 
59350.170241 0.000000 0.000000    -0.440590     0.366162 
59350.225060 0.000000 0.000000    -0.437167     0.365870 
59350.279878 0.000000 0.000000    -0.433672     0.365584 
59350.334696 0.000000 0.000000    -0.430096     0.365305 
59350.389515 0.000000 0.000000    -0.426429     0.365033 
59350.444333 0.000000 0.000000    -0.422663     0.364770 
59350.499152 0.000000 0.000000    -0.418788     0.364516 
59350.553970 0.000000 0.000000    -0.414794     0.364273 
59350.608789 0.000000 0.000000    -0.410673     0.364042 
59350.663607 0.000000 0.000000    -0.406414     0.363823 
59350.718425 0.000000 0.000000    -0.402008     0.363619 
59350.773244 0.000000 0.000000    -0.397446     0.363429 
59350.828062 0.000000 0.000000    -0.392719     0.363256 
59350.882881 0.000000 0.000000    -0.387816     0.363099 
59350.937699 0.000000 0.000000    -0.382729     0.362961 
59350.992518 0.000000 0.000000    -0.377448     0.362842 
59351.047336 0.000000 0.000000    -0.371964     0.362742 
59351.102154 0.000000 0.000000    -0.366269     0.362664 
59351.156973 0.000000 0.000000    -0.360353     0.362607 
59351.211791 0.000000 0.000000    -0.354208     0.362573 
59351.266610 0.000000 0.000000    -0.347826     0.362561 
59351.321428 0.000000 0.000000    -0.341198     0.362573 
59351.376247 0.000000 0.000000    -0.334318     0.362609 
59351.431065 0.000000 0.000000    -0.327176     0.362669 
59351.485883 0.000000 0.000000    -0.319767     0.362754 
59351.540702 0.000000 0.000000    -0.312083     0.362864 
59351.595520 0.000000 0.000000    -0.304118     0.362998 
59351.650339 0.000000 0.000000    -0.295866     0.363157 
59351.705157 0.000000 0.000000    -0.287320     0.363340 
59351.759976 0.000000 0.000000    -0.278476     0.363548 
59351.814794 0.000000 0.000000    -0.269329     0.363779 
59351.869612 0.000000 0.000000    -0.259875     0.364033 
59351.924431 0.000000 0.000000    -0.250109     0.364310 
59351.979249 0.000000 0.000000    -0.240029     0.364609 
59352.034068 0.000000 0.000000    -0.229630     0.364928 
59352.088886 0.000000 0.000000    -0.218912     0.365268 
59352.143705 0.000000 0.000000    -0.207873     0.365626 
59352.198523 0.000000 0.000000    -0.196511     0.366002 
59352.253341 0.000000 0.000000    -0.184825     0.366395 
59352.308160 0.000000 0.000000    -0.172816     0.366803 
59352.362978 0.000000 0.000000    -0.160485     0.367224 
59352.417797 0.000000 0.000000    -0.147832     0.367658 
59352.472615 0.000000 0.000000    -0.134860     0.368103 
59352.527434 0.000000 0.000000    -0.121571     0.368557 
59352.582252 0.000000 0.000000    -0.107969     0.369018 
59352.637070 0.000000 0.000000    -0.094057     0.369486 
59352.691889 0.000000 0.000000    -0.079840     0.369958 
59352.746707 0.000000 0.000000    -0.065324     0.370432 
59352.801526 0.000000 0.000000    -0.050514     0.370907 
59352.856344 0.000000 0.000000    -0.035418     0.371382 
59352.911163 0.000000 0.000000    -0.020042     0.371854 
59352.965981 0.000000 0.000000    -0.004395     0.372322 
59353.020799 0.000000 0.000000     0.011514     0.372784 
59353.075618 0.000000 0.000000     0.027675     0.373239 
59353.130436 0.000000 0.000000     0.044079     0.373684 
59353.185255 0.000000 0.000000     0.060714     0.374119 
59353.240073 0.000000 0.000000     0.077568     0.374541 
59353.294892 0.000000 0.000000     0.094629     0.374949 
59353.349710 0.000000 0.000000     0.111884     0.375342 
59353.404528 0.000000 0.000000     0.129318     0.375717 
59353.459347 0.000000 0.000000     0.146918     0.376075 
59353.514165 0.000000 0.000000     0.164667     0.376412 
59353.568984 0.000000 0.000000     0.182550     0.376729 
59353.623802 0.000000 0.000000     0.200550     0.377023 
59353.678621 0.000000 0.000000     0.218650     0.377294 
59353.733439 0.000000 0.000000     0.236832     0.377540 
59353.788257 0.000000 0.000000     0.255076     0.377761 
59353.843076 0.000000 0.000000     0.273365     0.377955 
59353.897894 0.000000 0.000000     0.291677     0.378121 
59353.952713 0.000000 0.000000     0.309993     0.378259 
59354.007531 0.000000 0.000000     0.328290     0.378367 
59354.062350 0.000000 0.000000     0.346549     0.378446 
59354.117168 0.000000 0.000000     0.364746     0.378494 
59354.171986 0.000000 0.000000     0.382858     0.378510 
59354.226805 0.000000 0.000000     0.400864     0.378495 
59354.281623 0.000000 0.000000     0.418737     0.378448 
59354.336442 0.000000 0.000000     0.436456     0.378368 
59354.391260 0.000000 0.000000     0.453994     0.378255 
59354.446079 0.000000 0.000000     0.471327     0.378109 
59354.500897 0.000000 0.000000     0.488430     0.377930 
59354.555715 0.000000 0.000000     0.505277     0.377718 
59354.610534 0.000000 0.000000     0.521841     0.377472 
59354.665352 0.000000 0.000000     0.538096     0.377193 
59354.720171 0.000000 0.000000     0.554015     0.376881 
59354.774989 0.000000 0.000000     0.569572     0.376536 
59354.829808 0.000000 0.000000     0.584740     0.376159 
59354.884626 0.000000 0.000000     0.599489     0.375750 
59354.939444 0.000000 0.000000     0.613795     0.375308 
59354.994263 0.000000 0.000000     0.627627     0.374836 
59355.049081 0.000000 0.000000     0.640960     0.374333 
59355.103900 0.000000 0.000000     0.653764     0.373800 
59355.158718 0.000000 0.000000     0.666011     0.373239 
59355.213537 0.000000 0.000000     0.677675     0.372649 
59355.268355 0.000000 0.000000     0.688727     0.372032 
59355.323173 0.000000 0.000000     0.699138     0.371389 
59355.377992 0.000000 0.000000     0.708882     0.370721 
59355.432810 0.000000 0.000000     0.717931     0.370029 
59355.487629 0.000000 0.000000     0.726257     0.369314 
59355.542447 0.000000 0.000000     0.733832     0.368579 
59355.597266 0.000000 0.000000     0.740630     0.367824 
59355.652084 0.000000 0.000000     0.746624     0.367051 
59355.706902 0.000000 0.000000     0.751787     0.366263 
59355.761721 0.000000 0.000000     0.756092     0.365460 
59355.816539 0.000000 0.000000     0.759515     0.364644 
59355.871358 0.000000 0.000000     0.762030     0.363818 
59355.926176 0.000000 0.000000     0.763610     0.362985 
59355.980995 0.000000 0.000000     0.764233     0.362145 
59356.035813 0.000000 0.000000     0.763873     0.361302 
59356.090631 0.000000 0.000000     0.762506     0.360459 
59356.145450 0.000000 0.000000     0.760111     0.359617 
59356.200268 0.000000 0.000000     0.756664     0.358781 
59356.255087 0.000000 0.000000     0.752142     0.357952 
59356.309905 0.000000 0.000000     0.746526     0.357134 
59356.364724 0.000000 0.000000     0.739794     0.356331 
59356.419542 0.000000 0.000000     0.731927     0.355546 
59356.474360 0.000000 0.000000     0.722904     0.354782 
59356.529179 0.000000 0.000000     0.712708     0.354044 
59356.583997 0.000000 0.000000     0.701320     0.353335 
59356.638816 0.000000 0.000000     0.688725     0.352660 
59356.693634 0.000000 0.000000     0.674905     0.352022 
59356.748452 0.000000 0.000000     0.659846     0.351428 
59356.803271 0.000000 0.000000     0.643532     0.350880 
59356.858089 0.000000 0.000000     0.625951     0.350385 
59356.912908 0.000000 0.000000     0.607090     0.349947 
59356.967726 0.000000 0.000000     0.586938     0.349572 
59357.022545 0.000000 0.000000     0.565483     0.349265 
59357.077363 0.000000 0.000000     0.542715     0.349031 
59357.132181 0.000000 0.000000     0.518627     0.348877 
59357.187000 0.000000 0.000000     0.493210     0.348808 
59357.241818 0.000000 0.000000     0.466457     0.348829 
59357.296637 0.000000 0.000000     0.438363     0.348948 
59357.351455 0.000000 0.000000     0.408924     0.349169 
59357.406274 0.000000 0.000000     0.378134     0.349500 
59357.461092 0.000000 0.000000     0.345993     0.349945 
59357.515910 0.000000 0.000000     0.312498     0.350511 
59357.570729 0.000000 0.000000     0.277650     0.351205 
59357.625547 0.000000 0.000000     0.241448     0.352030 
59357.680366 0.000000 0.000000     0.203894     0.352994 
59357.735184 0.000000 0.000000     0.164993     0.354101 
59357.790003 0.000000 0.000000     0.124746     0.355357 
59357.844821 0.000000 0.000000     0.083161     0.356766 
59357.899639 0.000000 0.000000     0.040242     0.358333 
59357.954458 0.000000 0.000000    -0.004002     0.360061 
59358.009276 0.000000 0.000000    -0.049564     0.361955 
59358.064095 0.000000 0.000000    -0.096434     0.364018 
59358.118913 0.000000 0.000000    -0.144600     0.366252 
59358.173732 0.000000 0.000000    -0.194053     0.368661 
59358.228550 0.000000 0.000000    -0.244778     0.371245 
59358.283368 0.000000 0.000000    -0.296761     0.374006 
59358.338187 0.000000 0.000000    -0.349988     0.376945 
59358.393005 0.000000 0.000000    -0.404443     0.380063 
59358.447824 0.000000 0.000000    -0.460109     0.383359 
59358.502642 0.000000 0.000000    -0.516967     0.386834 
59358.557461 0.000000 0.000000    -0.574998     0.390485 
59358.612279 0.000000 0.000000    -0.634182     0.394313 
59358.667097 0.000000 0.000000    -0.694499     0.398315 
59358.721916 0.000000 0.000000    -0.755925     0.402489 
59358.776734 0.000000 0.000000    -0.818439     0.406834 
59358.831553 0.000000 0.000000    -0.882015     0.411346 
59358.886371 0.000000 0.000000    -0.946629     0.416024 
59358.941190 0.000000 0.000000    -1.012255     0.420863 
59358.996008 0.000000 0.000000    -1.078866     0.425861 
59359.050826 0.000000 0.000000    -1.146436     0.431015 
59359.105645 0.000000 0.000000    -1.214934     0.436321 
59359.160463 0.000000 0.000000    -1.284333     0.441776 
59359.215282 0.000000 0.000000    -1.354603     0.447377 
59359.270100 0.000000 0.000000    -1.425712     0.453119 
59359.324919 0.000000 0.000000    -1.497629     0.459000 
59359.379737 0.000000 0.000000    -1.570323     0.465016 
59359.434555 0.000000 0.000000    -1.643760     0.471163 
59359.489374 0.000000 0.000000    -1.717907     0.477437 
59359.544192 0.000000 0.000000    -1.792729     0.483836 
59359.599011 0.000000 0.000000    -1.868193     0.490356 
59359.653829 0.000000 0.000000    -1.944264     0.496993 
59359.708648 0.000000 0.000000    -2.020905     0.503745 
59359.763466 0.000000 0.000000    -2.098080     0.510607 
59359.818284 0.000000 0.000000    -2.175754     0.517577 
59359.873103 0.000000 0.000000    -2.253889     0.524652 
59359.927921 0.000000 0.000000    -2.332447     0.531828 
59359.982740 0.000000 0.000000    -2.411392     0.539103 
59360.037558 0.000000 0.000000    -2.490684     0.546473 
59360.092377 0.000000 0.000000    -2.570287     0.553937 
59360.147195 0.000000 0.000000    -2.650161     0.561490 
59360.202013 0.000000 0.000000    -2.730268     0.569130 
59360.256832 0.000000 0.000000    -2.810568     0.576856 
59360.311650 0.000000 0.000000    -2.891024     0.584663 
59360.366469 0.000000 0.000000    -2.971596     0.592550 
59360.421287 0.000000 0.000000    -3.052245     0.600514 
59360.476106 0.000000 0.000000    -3.132932     0.608552 
59360.530924 0.000000 0.000000    -3.213617     0.616664 
59360.585742 0.000000 0.000000    -3.294262     0.624845 
59360.640561 0.000000 0.000000    -3.374829     0.633094 
59360.695379 0.000000 0.000000    -3.455277     0.641408 
59360.750198 0.000000 0.000000    -3.535568     0.649786 
59360.805016 0.000000 0.000000    -3.615664     0.658226 
59360.859835 0.000000 0.000000    -3.695527     0.666725 
59360.914653 0.000000 0.000000    -3.775119     0.675281 
59360.969471 0.000000 0.000000    -3.854402     0.683893 
59361.024290 0.000000 0.000000    -3.933339     0.692558 
59361.079108 0.000000 0.000000    -4.011893     0.701275 
59361.133927 0.000000 0.000000    -4.090027     0.710041 
59361.188745 0.000000 0.000000    -4.167705     0.718856 
59361.243564 0.000000 0.000000    -4.244891     0.727716 
59361.298382 0.000000 0.000000    -4.321552     0.736621 
59361.353200 0.000000 0.000000    -4.397650     0.745569 
59361.408019 0.000000 0.000000    -4.473154     0.754557 
59361.462837 0.000000 0.000000    -4.548029     0.763584 
59361.517656 0.000000 0.000000    -4.622242     0.772650 
59361.572474 0.000000 0.000000    -4.695761     0.781751 
59361.627293 0.000000 0.000000    -4.768555     0.790886 
59361.682111 0.000000 0.000000    -4.840593     0.800055 
59361.736929 0.000000 0.000000    -4.911844     0.809254 
59361.791748 0.000000 0.000000    -4.982280     0.818484 
59361.846566 0.000000 0.000000    -5.051870     0.827741 
59361.901385 0.000000 0.000000    -5.120589     0.837026 
59361.956203 0.000000 0.000000    -5.188409     0.846335 
59362.011022 0.000000 0.000000    -5.255302     0.855669 
59362.065840 0.000000 0.000000    -5.321246     0.865025 
59362.120658 0.000000 0.000000    -5.386213     0.874403 
59362.175477 0.000000 0.000000    -5.450182     0.883799 
59362.230295 0.000000 0.000000    -5.513130     0.893215 
59362.285114 0.000000 0.000000    -5.575034     0.902647 
59362.339932 0.000000 0.000000    -5.635874     0.912095 
59362.394751 0.000000 0.000000    -5.695630     0.921558 
59362.449569 0.000000 0.000000    -5.754284     0.931033 
59362.504387 0.000000 0.000000    -5.811817     0.940521 
59362.559206 0.000000 0.000000    -5.868212     0.950019 
59362.614024 0.000000 0.000000    -5.923454     0.959526 
59362.668843 0.000000 0.000000    -5.977527     0.969042 
59362.723661 0.000000 0.000000    -6.030418     0.978564 
59362.778480 0.000000 0.000000    -6.082114     0.988092 
59362.833298 0.000000 0.000000    -6.132602     0.997625 
59362.888116 0.000000 0.000000    -6.181873     1.007162 
59362.942935 0.000000 0.000000    -6.229917     1.016700 
59362.997753 0.000000 0.000000    -6.276723     1.026240 
59363.052572 0.000000 0.000000    -6.322286     1.035780 
59363.107390 0.000000 0.000000    -6.366598     1.045319 
59363.162209 0.000000 0.000000    -6.409653     1.054856 
59363.217027 0.000000 0.000000    -6.451447     1.064390 
59363.271845 0.000000 0.000000    -6.491976     1.073919 
59363.326664 0.000000 0.000000    -6.531238     1.083443 
59363.381482 0.000000 0.000000    -6.569231     1.092961 
59363.436301 0.000000 0.000000    -6.605955     1.102472 
59363.491119 0.000000 0.000000    -6.641409     1.111974 
59363.545938 0.000000 0.000000    -6.675596     1.121468 
59363.600756 0.000000 0.000000    -6.708517     1.130950 
59363.655574 0.000000 0.000000    -6.740177     1.140422 
59363.710393 0.000000 0.000000    -6.770579     1.149882 
59363.765211 0.000000 0.000000    -6.799728     1.159328 
59363.820030 0.000000 0.000000    -6.827632     1.168760 
59363.874848 0.000000 0.000000    -6.854297     1.178178 
59363.929666 0.000000 0.000000    -6.879730     1.187579 
59363.984485 0.000000 0.000000    -6.903942     1.196964 
59364.039303 0.000000 0.000000    -6.926941     1.206332 
59364.094122 0.000000 0.000000    -6.948739     1.215680 
59364.148940 0.000000 0.000000    -6.969347     1.225010 
59364.203759 0.000000 0.000000    -6.988776     1.234319 
59364.258577 0.000000 0.000000    -7.007041     1.243608 
59364.313395 0.000000 0.000000    -7.024155     1.252874 
59364.368214 0.000000 0.000000    -7.040132     1.262118 
59364.423032 0.000000 0.000000    -7.054988     1.271339 
59364.477851 0.000000 0.000000    -7.068739     1.280535 
59364.532669 0.000000 0.000000    -7.081402     1.289707 
59364.587488 0.000000 0.000000    -7.092993     1.298852 
59364.642306 0.000000 0.000000    -7.103531     1.307971 
59364.697124 0.000000 0.000000    -7.113035     1.317063 
59364.751943 0.000000 0.000000    -7.121523     1.326127 
59364.806761 0.000000 0.000000    -7.129015     1.335163 
59364.861580 0.000000 0.000000    -7.135532     1.344169 
59364.916398 0.000000 0.000000    -7.141094     1.353145 
59364.971217 0.000000 0.000000    -7.145723     1.362090 
59365.026035 0.000000 0.000000    -7.149439     1.371003 
59365.080853 0.000000 0.000000    -7.152265     1.379885 
59365.135672 0.000000 0.000000    -7.154224     1.388734 
59365.190490 0.000000 0.000000    -7.155338     1.397549 
59365.245309 0.000000 0.000000    -7.155631     1.406331 
59365.300127 0.000000 0.000000    -7.155125     1.415077 
59365.354946 0.000000 0.000000    -7.153845     1.423789 
59365.409764 0.000000 0.000000    -7.151814     1.432464 
59365.464582 0.000000 0.000000    -7.149057     1.441103 
59365.519401 0.000000 0.000000    -7.145598     1.449705 
59365.574219 0.000000 0.000000    -7.141461     1.458270 
59365.629038 0.000000 0.000000    -7.136672     1.466796 
59365.683856 0.000000 0.000000    -7.131254     1.475283 
59365.738675 0.000000 0.000000    -7.125232     1.483731 
59365.793493 0.000000 0.000000    -7.118633     1.492140 
59365.848311 0.000000 0.000000    -7.111479     1.500508 
59365.903130 0.000000 0.000000    -7.103796     1.508835 
59365.957948 0.000000 0.000000    -7.095610     1.517121 
59366.012767 0.000000 0.000000    -7.086944     1.525365 
59366.067585 0.000000 0.000000    -7.077823     1.533567 
59366.122404 0.000000 0.000000    -7.068272     1.541726 
59366.177222 0.000000 0.000000    -7.058315     1.549842 
59366.232040 0.000000 0.000000    -7.047976     1.557914 
59366.286859 0.000000 0.000000    -7.037280     1.565942 
59366.341677 0.000000 0.000000    -7.026249     1.573926 
59366.396496 0.000000 0.000000    -7.014908     1.581864 
59366.451314 0.000000 0.000000    -7.003279     1.589758 
59366.506133 0.000000 0.000000    -6.991386     1.597606 
59366.560951 0.000000 0.000000    -6.979251     1.605407 
59366.615769 0.000000 0.000000    -6.966896     1.613163 
59366.670588 0.000000 0.000000    -6.954344     1.620871 
59366.725406 0.000000 0.000000    -6.941615     1.628533 
59366.780225 0.000000 0.000000    -6.928731     1.636147 
59366.835043 0.000000 0.000000    -6.915712     1.643713 
59366.889862 0.000000 0.000000    -6.902579     1.651231 
59366.944680 0.000000 0.000000    -6.889351     1.658700 
59366.999498 0.000000 0.000000    -6.876048     1.666121 
59367.054317 0.000000 0.000000    -6.862688     1.673493 
59367.109135 0.000000 0.000000    -6.849289     1.680816 
59367.163954 0.000000 0.000000    -6.835869     1.688090 
59367.218772 0.000000 0.000000    -6.822446     1.695313 
59367.273591 0.000000 0.000000    -6.809035     1.702487 
59367.328409 0.000000 0.000000    -6.795653     1.709610 
59367.383227 0.000000 0.000000    -6.782315     1.716683 
59367.438046 0.000000 0.000000    -6.769036     1.723705 
59367.492864 0.000000 0.000000    -6.755830     1.730676 
59367.547683 0.000000 0.000000    -6.742710     1.737597 
59367.602501 0.000000 0.000000    -6.729690     1.744466 
59367.657320 0.000000 0.000000    -6.716782     1.751284 
59367.712138 0.000000 0.000000    -6.703998     1.758050 
59367.766956 0.000000 0.000000    -6.691348     1.764765 
59367.821775 0.000000 0.000000    -6.678843     1.771428 
59367.876593 0.000000 0.000000    -6.666492     1.778039 
59367.931412 0.000000 0.000000    -6.654304     1.784597 
59367.986230 0.000000 0.000000    -6.642289     1.791104 
59368.041049 0.000000 0.000000    -6.630453     1.797558 
59368.095867 0.000000 0.000000    -6.618803     1.803960 
59368.150685 0.000000 0.000000    -6.607347     1.810310 
59368.205504 0.000000 0.000000    -6.596088     1.816607 
59368.260322 0.000000 0.000000    -6.585034     1.822851 
59368.315141 0.000000 0.000000    -6.574187     1.829043 
59368.369959 0.000000 0.000000    -6.563551     1.835182 
59368.424778 0.000000 0.000000    -6.553130     1.841268 
59368.479596 0.000000 0.000000    -6.542926     1.847302 
59368.534414 0.000000 0.000000    -6.532941     1.853283 
59368.589233 0.000000 0.000000    -6.523175     1.859210 
59368.644051 0.000000 0.000000    -6.513629     1.865085 
59368.698870 0.000000 0.000000    -6.504304     1.870908 
59368.753688 0.000000 0.000000    -6.495197     1.876677 
59368.808507 0.000000 0.000000    -6.486308     1.882393 
59368.863325 0.000000 0.000000    -6.477635     1.888057 
59368.918143 0.000000 0.000000    -6.469175     1.893668 
59368.972962 0.000000 0.000000    -6.460926     1.899226 
59369.027780 0.000000 0.000000    -6.452883     1.904731 
59369.082599 0.000000 0.000000    -6.445042     1.910183 
59369.137417 0.000000 0.000000    -6.437398     1.915583 
59369.192236 0.000000 0.000000    -6.429947     1.920930 
59369.247054 0.000000 0.000000    -6.422682     1.926225 
59369.301872 0.000000 0.000000    -6.415597     1.931467 
59369.356691 0.000000 0.000000    -6.408685     1.936657 
59369.411509 0.000000 0.000000    -6.401940     1.941794 
59369.466328 0.000000 0.000000    -6.395354     1.946879 
59369.521146 0.000000 0.000000    -6.388918     1.951912 
59369.575965 0.000000 0.000000    -6.382624     1.956893 
59369.630783 0.000000 0.000000    -6.376464     1.961821 
59369.685601 0.000000 0.000000    -6.370428     1.966698 
59369.740420 0.000000 0.000000    -6.364507     1.971523 
59369.795238 0.000000 0.000000    -6.358691     1.976296 
59369.850057 0.000000 0.000000    -6.352970     1.981017 
59369.904875 0.000000 0.000000    -6.347333     1.985687 
59369.959694 0.000000 0.000000    -6.341770     1.990305 
59370.014512 0.000000 0.000000    -6.336271     1.994872 
59370.069330 0.000000 0.000000    -6.330823     1.999388 
59370.124149 0.000000 0.000000    -6.325415     2.003853 
59370.178967 0.000000 0.000000    -6.320037     2.008267 
59370.233786 0.000000 0.000000    -6.314677     2.012630 
59370.288604 0.000000 0.000000    -6.309322     2.016942 
59370.343423 0.000000 0.000000    -6.303962     2.021203 
59370.398241 0.000000 0.000000    -6.298583     2.025415 
59370.453059 0.000000 0.000000    -6.293174     2.029575 
59370.507878 0.000000 0.000000    -6.287724     2.033686 
59370.562696 0.000000 0.000000    -6.282219     2.037747 
59370.617515 0.000000 0.000000    -6.276648     2.041757 
59370.672333 0.000000 0.000000    -6.270999     2.045718 
59370.727151 0.000000 0.000000    -6.265260     2.049629 
59370.781970 0.000000 0.000000    -6.259419     2.053491 
59370.836788 0.000000 0.000000    -6.253464     2.057304 
59370.891607 0.000000 0.000000    -6.247383     2.061067 
59370.946425 0.000000 0.000000    -6.241164     2.064781 
59371.001244 0.000000 0.000000    -6.234797     2.068446 
59371.056062 0.000000 0.000000    -6.228269     2.072063 
59371.110880 0.000000 0.000000    -6.221570     2.075631 
59371.165699 0.000000 0.000000    -6.214689     2.079150 
59371.220517 0.000000 0.000000    -6.207614     2.082622 
59371.275336 0.000000 0.000000    -6.200336     2.086045 
59371.330154 0.000000 0.000000    -6.192844     2.089420 
59371.384973 0.000000 0.000000    -6.185128     2.092748 
59371.439791 0.000000 0.000000    -6.177179     2.096027 
59371.494609 0.000000 0.000000    -6.168987     2.099260 
59371.549428 0.000000 0.000000    -6.160542     2.102445 
59371.604246 0.000000 0.000000    -6.151837     2.105582 
59371.659065 0.000000 0.000000    -6.142862     2.108673 
59371.713883 0.000000 0.000000    -6.133610     2.111717 
59371.768702 0.000000 0.000000    -6.124073     2.114715 
59371.823520 0.000000 0.000000    -6.114244     2.117666 
59371.878338 0.000000 0.000000    -6.104115     2.120570 
59371.933157 0.000000 0.000000    -6.093681     2.123429 
59371.987975 0.000000 0.000000    -6.082935     2.126241 
59372.042794 0.000000 0.000000    -6.071871     2.129008 
59372.097612 0.000000 0.000000    -6.060484     2.131728 
59372.152431 0.000000 0.000000    -6.048769     2.134404 
59372.207249 0.000000 0.000000    -6.036722     2.137034 
59372.262067 0.000000 0.000000    -6.024339     2.139619 
59372.316886 0.000000 0.000000    -6.011617     2.142159 
59372.371704 0.000000 0.000000    -5.998552     2.144654 
59372.426523 0.000000 0.000000    -5.985142     2.147105 
59372.481341 0.000000 0.000000    -5.971385     2.149511 
59372.536160 0.000000 0.000000    -5.957279     2.151873 
59372.590978 0.000000 0.000000    -5.942823     2.154191 
59372.645796 0.000000 0.000000    -5.928016     2.156465 
59372.700615 0.000000 0.000000    -5.912858     2.158695 
59372.755433 0.000000 0.000000    -5.897350     2.160881 
59372.810252 0.000000 0.000000    -5.881492     2.163025 
59372.865070 0.000000 0.000000    -5.865285     2.165124 
59372.919889 0.000000 0.000000    -5.848731     2.167181 
59372.974707 0.000000 0.000000    -5.831832     2.169195 
59373.029525 0.000000 0.000000    -5.814590     2.171167 
59373.084344 0.000000 0.000000    -5.797009     2.173095 
59373.139162 0.000000 0.000000    -5.779092     2.174982 
59373.193981 0.000000 0.000000    -5.760843     2.176826 
59373.248799 0.000000 0.000000    -5.742267     2.178629 
59373.303618 0.000000 0.000000    -5.723367     2.180389 
59373.358436 0.000000 0.000000    -5.704149     2.182108 
59373.413254 0.000000 0.000000    -5.684619     2.183786 
59373.468073 0.000000 0.000000    -5.664783     2.185422 
59373.522891 0.000000 0.000000    -5.644646     2.187017 
59373.577710 0.000000 0.000000    -5.624216     2.188571 
59373.632528 0.000000 0.000000    -5.603500     2.190085 
59373.687347 0.000000 0.000000    -5.582505     2.191558 
59373.742165 0.000000 0.000000    -5.561238     2.192990 
59373.796983 0.000000 0.000000    -5.539708     2.194383 
59373.851802 0.000000 0.000000    -5.517924     2.195735 
59373.906620 0.000000 0.000000    -5.495892     2.197048 
59373.961439 0.000000 0.000000    -5.473624     2.198321 
59374.016257 0.000000 0.000000    -5.451127     2.199554 
59374.071076 0.000000 0.000000    -5.428411     2.200748 
59374.125894 0.000000 0.000000     0.034277     1.508573 
