# time Tc_folded Tref_folded value value_err offset model full_model val_compare val_compare_err residuals residuals_err jitter jitter_flag offset_flag subset_flag 
59332.836022 0.000000 0.000000 -1.370000 0.162000 0.353095 -1.635800 -1.251487 -1.754313 0.162000 -0.118513 0.162000 0.798380  -1  -1  -1 
59332.840022 0.000000 0.000000 -2.074000 0.160000 0.353095 -1.635323 -1.250304 -2.459018 0.160000 -0.823696 0.160000 0.798380  -1  -1  -1 
59332.847022 0.000000 0.000000 -0.987000 0.162000 0.353095 -1.634488 -1.247549 -1.373939 0.162000 0.260549 0.162000 0.798380  -1  -1  -1 
59334.861022 0.000000 0.000000 0.284000 0.170000 0.353095 -1.394391 -0.203454 -0.906937 0.170000 0.487454 0.170000 0.798380  -1  -1  -1 
59334.868022 0.000000 0.000000 -0.167000 0.170000 0.353095 -1.393557 -0.240596 -1.319961 0.170000 0.073596 0.170000 0.798380  -1  -1  -1 
59334.872022 0.000000 0.000000 -0.809000 0.170000 0.353095 -1.393080 -0.261936 -1.940145 0.170000 -0.547064 0.170000 0.798380  -1  -1  -1 
59336.947022 0.000000 0.000000 -1.691000 0.172000 0.353095 -1.145979 0.373436 -3.210415 0.172000 -2.064436 0.172000 0.798380  -1  -1  -1 
59336.958022 0.000000 0.000000 0.141000 0.172000 0.353095 -1.144670 0.385207 -1.388877 0.172000 -0.244207 0.172000 0.798380  -1  -1  -1 
59336.962022 0.000000 0.000000 1.028000 0.172000 0.353095 -1.144194 0.389292 -0.505486 0.172000 0.638708 0.172000 0.798380  -1  -1  -1 
59337.837022 0.000000 0.000000 -1.373000 0.168000 0.353095 -1.040077 -1.181409 -1.231667 0.168000 -0.191591 0.168000 0.798380  -1  -1  -1 
59337.844022 0.000000 0.000000 -1.391000 0.169000 0.353095 -1.039244 -1.212319 -1.217925 0.169000 -0.178681 0.169000 0.798380  -1  -1  -1 
59337.852022 0.000000 0.000000 -1.425000 0.170000 0.353095 -1.038292 -1.247898 -1.215395 0.170000 -0.177102 0.170000 0.798380  -1  -1  -1 
59338.901022 0.000000 0.000000 -4.251000 0.172000 0.353095 -0.913535 -2.383058 -2.781477 0.172000 -1.867942 0.172000 0.798380  -1  -1  -1 
59338.908022 0.000000 0.000000 -2.152000 0.172000 0.353095 -0.912702 -2.343230 -0.721472 0.172000 0.191230 0.172000 0.798380  -1  -1  -1 
59338.912022 0.000000 0.000000 -2.065000 0.172000 0.353095 -0.912227 -2.320337 -0.656890 0.172000 0.255337 0.172000 0.798380  -1  -1  -1 
59339.831022 0.000000 0.000000 2.413000 0.166000 0.353095 -0.802987 1.824635 -0.214623 0.166000 0.588365 0.166000 0.798380  -1  -1  -1 
59339.835022 0.000000 0.000000 2.587000 0.167000 0.353095 -0.802512 1.831030 -0.046542 0.167000 0.755970 0.167000 0.798380  -1  -1  -1 
59339.839022 0.000000 0.000000 2.260000 0.167000 0.353095 -0.802037 1.837310 -0.379346 0.167000 0.422690 0.167000 0.798380  -1  -1  -1 
59341.879022 0.000000 0.000000 -0.825000 0.171000 0.353095 -0.559737 -0.707616 -0.677121 0.171000 -0.117384 0.171000 0.798380  -1  -1  -1 
59341.883022 0.000000 0.000000 -0.282000 0.171000 0.353095 -0.559262 -0.686013 -0.155250 0.171000 0.404013 0.171000 0.798380  -1  -1  -1 
59341.886022 0.000000 0.000000 -2.256000 0.171000 0.353095 -0.558906 -0.669790 -2.145116 0.171000 -1.586210 0.171000 0.798380  -1  -1  -1 
59342.827022 0.000000 0.000000 2.969000 0.166000 0.353095 -0.447228 2.391188 0.130584 0.166000 0.577812 0.166000 0.798380  -1  -1  -1 
59342.835022 0.000000 0.000000 3.508000 0.167000 0.353095 -0.446279 2.391307 0.670415 0.167000 1.116693 0.167000 0.798380  -1  -1  -1 
59342.838022 0.000000 0.000000 2.157000 0.168000 0.353095 -0.445923 2.391234 -0.680157 0.168000 -0.234234 0.168000 0.798380  -1  -1  -1 
59343.864022 0.000000 0.000000 -1.467000 0.171000 0.353095 -0.324221 -1.117996 -0.673224 0.171000 -0.349004 0.171000 0.798380  -1  -1  -1 
59343.872022 0.000000 0.000000 -0.375000 0.171000 0.353095 -0.323272 -1.163429 0.465157 0.171000 0.788429 0.171000 0.798380  -1  -1  -1 
59343.875022 0.000000 0.000000 0.238000 0.172000 0.353095 -0.322916 -1.180433 1.095517 0.172000 1.418433 0.172000 0.798380  -1  -1  -1 
59348.951022 0.000000 0.000000 1.144000 0.157000 0.353095 0.278214 1.663847 -0.241634 0.157000 -0.519847 0.157000 0.798380  -1  -1  -1 
59348.959022 0.000000 0.000000 2.201000 0.157000 0.353095 0.279160 1.648772 0.831388 0.157000 0.552228 0.157000 0.798380  -1  -1  -1 
59348.970022 0.000000 0.000000 1.220000 0.157000 0.353095 0.280461 1.627322 -0.126861 0.157000 -0.407322 0.157000 0.798380  -1  -1  -1 
59351.925022 0.000000 0.000000 2.105000 0.154000 0.353095 0.629661 1.899105 0.835556 0.154000 0.205895 0.154000 0.798380  -1  -1  -1 
59351.929022 0.000000 0.000000 2.686000 0.154000 0.353095 0.630134 1.889039 1.427094 0.154000 0.796961 0.154000 0.798380  -1  -1  -1 
59351.933022 0.000000 0.000000 2.909000 0.154000 0.353095 0.630606 1.878866 1.660740 0.154000 1.030134 0.154000 0.798380  -1  -1  -1 
59352.840022 0.000000 0.000000 -1.399000 0.167000 0.353095 0.737678 -1.906416 1.245094 0.167000 0.507416 0.167000 0.798380  -1  -1  -1 
59352.851022 0.000000 0.000000 -1.424000 0.168000 0.353095 0.738977 -1.931424 1.246401 0.168000 0.507424 0.168000 0.798380  -1  -1  -1 
59352.855022 0.000000 0.000000 -2.927000 0.169000 0.353095 0.739449 -1.940035 -0.247516 0.169000 -0.986965 0.169000 0.798380  -1  -1  -1 
59354.913022 0.000000 0.000000 3.573000 0.171000 0.353095 0.982205 2.947115 1.608090 0.171000 0.625885 0.171000 0.798380  -1  -1  -1 
59354.921022 0.000000 0.000000 2.322000 0.171000 0.353095 0.983148 2.926296 0.378852 0.171000 -0.604296 0.171000 0.798380  -1  -1  -1 
59354.928022 0.000000 0.000000 2.579000 0.171000 0.353095 0.983973 2.907738 0.655235 0.171000 -0.328738 0.171000 0.798380  -1  -1  -1 
59356.918022 0.000000 0.000000 3.625000 0.169000 0.353095 1.218453 4.568376 0.275078 0.169000 -0.943376 0.169000 0.798380  -1  -1  -1 
59356.929022 0.000000 0.000000 3.251000 0.169000 0.353095 1.219749 4.603474 -0.132726 0.169000 -1.352474 0.169000 0.798380  -1  -1  -1 
59356.933022 0.000000 0.000000 4.605000 0.169000 0.353095 1.220220 4.616013 1.209207 0.169000 -0.011013 0.169000 0.798380  -1  -1  -1 
59357.975022 0.000000 0.000000 5.077000 0.172000 0.353095 1.342898 3.809174 2.610724 0.172000 1.267826 0.172000 0.798380  -1  -1  -1 
59357.982022 0.000000 0.000000 3.576000 0.172000 0.353095 1.343722 3.777088 1.142634 0.172000 -0.201088 0.172000 0.798380  -1  -1  -1 
59357.990022 0.000000 0.000000 3.288000 0.172000 0.353095 1.344664 3.740043 0.892621 0.172000 -0.452043 0.172000 0.798380  -1  -1  -1 
59358.889022 0.000000 0.000000 0.254000 0.170000 0.353095 1.450450 0.242104 1.462347 0.170000 0.011896 0.170000 0.798380  -1  -1  -1 
59358.893022 0.000000 0.000000 -0.296000 0.170000 0.353095 1.450921 0.247615 0.907306 0.170000 -0.543615 0.170000 0.798380  -1  -1  -1 
59358.897022 0.000000 0.000000 0.553000 0.170000 0.353095 1.451391 0.253386 1.751006 0.170000 0.299614 0.170000 0.798380  -1  -1  -1 
59359.898022 0.000000 0.000000 2.500000 0.171000 0.353095 1.569120 3.368201 0.700919 0.171000 -0.868201 0.171000 0.798380  -1  -1  -1 
59359.901022 0.000000 0.000000 3.774000 0.171000 0.353095 1.569473 3.370281 1.973192 0.171000 0.403719 0.171000 0.798380  -1  -1  -1 
59359.913022 0.000000 0.000000 3.551000 0.171000 0.353095 1.570884 3.377911 1.743973 0.171000 0.173089 0.171000 0.798380  -1  -1  -1 
