# time Tc_folded Tref_folded value value_err offset model full_model val_compare val_compare_err residuals residuals_err jitter jitter_flag offset_flag subset_flag 
59333.151961 0.000000 0.000000 -4.733000 0.950000 -0.343635 -2.441764 -2.785399 -4.389365 0.950000 -1.947601 0.950000 1.908177  -1  -1  -1 
59333.152667 0.000000 0.000000 -7.000000 0.950000 -0.343635 -2.440453 -2.784088 -6.656365 0.950000 -4.215912 0.950000 1.908177  -1  -1  -1 
59333.153373 0.000000 0.000000 -6.950000 0.950000 -0.343635 -2.439142 -2.782776 -6.606365 0.950000 -4.167224 0.950000 1.908177  -1  -1  -1 
59336.044295 0.000000 0.000000 -0.567000 0.950000 -0.343635 1.044215 0.700581 -0.223365 0.950000 -1.267581 0.950000 1.908177  -1  -1  -1 
59336.045745 0.000000 0.000000 -2.333000 0.950000 -0.343635 1.044597 0.700962 -1.989365 0.950000 -3.033962 0.950000 1.908177  -1  -1  -1 
59336.046451 0.000000 0.000000 -1.117000 0.950000 -0.343635 1.044782 0.701148 -0.773365 0.950000 -1.818148 0.950000 1.908177  -1  -1  -1 
59337.054588 0.000000 0.000000 -0.450000 0.950000 -0.343635 0.982140 0.638505 -0.106365 0.950000 -1.088505 0.950000 1.908177  -1  -1  -1 
59337.055294 0.000000 0.000000 -0.317000 0.950000 -0.343635 0.981893 0.638258 0.026635 0.950000 -0.955258 0.950000 1.908177  -1  -1  -1 
59337.055999 0.000000 0.000000 2.117000 0.950000 -0.343635 0.981646 0.638011 2.460635 0.950000 1.478989 0.950000 1.908177  -1  -1  -1 
59338.142666 0.000000 0.000000 -1.183000 0.950000 -0.343635 0.383926 0.040291 -0.839365 0.950000 -1.223291 0.950000 1.908177  -1  -1  -1 
59338.143375 0.000000 0.000000 -0.900000 0.950000 -0.343635 0.383442 0.039807 -0.556365 0.950000 -0.939807 0.950000 1.908177  -1  -1  -1 
59338.144784 0.000000 0.000000 0.033000 0.950000 -0.343635 0.382481 0.038846 0.376635 0.950000 -0.005846 0.950000 1.908177  -1  -1  -1 
59339.164449 0.000000 0.000000 -0.200000 0.950000 -0.343635 -0.311195 -0.654830 0.143635 0.950000 0.454830 0.950000 1.908177  -1  -1  -1 
59339.165155 0.000000 0.000000 0.400000 0.950000 -0.343635 -0.311634 -0.655268 0.743635 0.950000 1.055268 0.950000 1.908177  -1  -1  -1 
59339.166567 0.000000 0.000000 -2.583000 0.950000 -0.343635 -0.312510 -0.656145 -2.239365 0.950000 -1.926855 0.950000 1.908177  -1  -1  -1 
59340.102238 0.000000 0.000000 1.250000 0.950000 -0.343635 -0.763803 -1.107438 1.593635 0.950000 2.357438 0.950000 1.908177  -1  -1  -1 
59340.103650 0.000000 0.000000 0.800000 0.950000 -0.343635 -0.764246 -1.107881 1.143635 0.950000 1.907881 0.950000 1.908177  -1  -1  -1 
59340.104356 0.000000 0.000000 -1.067000 0.950000 -0.343635 -0.764467 -1.108102 -0.723365 0.950000 0.041102 0.950000 1.908177  -1  -1  -1 
59341.060305 0.000000 0.000000 3.300000 0.950000 -0.343635 -0.865395 -1.209029 3.643635 0.950000 4.509029 0.950000 1.908177  -1  -1  -1 
59341.061717 0.000000 0.000000 1.233000 0.950000 -0.343635 -0.865244 -1.208878 1.576635 0.950000 2.441878 0.950000 1.908177  -1  -1  -1 
59341.062423 0.000000 0.000000 -1.517000 0.950000 -0.343635 -0.865168 -1.208803 -1.173365 0.950000 -0.308197 0.950000 1.908177  -1  -1  -1 
59342.127214 0.000000 0.000000 1.233000 0.950000 -0.343635 -0.523555 -0.867189 1.576635 0.950000 2.100189 0.950000 1.908177  -1  -1  -1 
59342.128626 0.000000 0.000000 0.950000 0.950000 -0.343635 -0.522839 -0.866473 1.293635 0.950000 1.816473 0.950000 1.908177  -1  -1  -1 
59342.129333 0.000000 0.000000 0.567000 0.950000 -0.343635 -0.522480 -0.866114 0.910635 0.950000 1.433114 0.950000 1.908177  -1  -1  -1 
59343.096509 0.000000 0.000000 2.600000 0.950000 -0.343635 0.068146 -0.275489 2.943635 0.950000 2.875489 0.950000 1.908177  -1  -1  -1 
59343.097921 0.000000 0.000000 -0.367000 0.950000 -0.343635 0.069101 -0.274534 -0.023365 0.950000 -0.092466 0.950000 1.908177  -1  -1  -1 
59343.098626 0.000000 0.000000 -2.567000 0.950000 -0.343635 0.069578 -0.274056 -2.223365 0.950000 -2.292944 0.950000 1.908177  -1  -1  -1 
59345.087496 0.000000 0.000000 0.333000 0.950000 -0.343635 1.241836 0.898202 0.676635 0.950000 -0.565202 0.950000 1.908177  -1  -1  -1 
59345.088908 0.000000 0.000000 4.900000 0.950000 -0.343635 1.242383 0.898748 5.243635 0.950000 4.001252 0.950000 1.908177  -1  -1  -1 
59345.089615 0.000000 0.000000 2.783000 0.950000 -0.343635 1.242656 0.899022 3.126635 0.950000 1.883978 0.950000 1.908177  -1  -1  -1 
59347.165174 0.000000 0.000000 0.850000 0.950000 -0.343635 1.466371 1.122736 1.193635 0.950000 -0.272736 0.950000 1.908177  -1  -1  -1 
59347.165880 0.000000 0.000000 0.000000 0.950000 -0.343635 1.466288 1.122653 0.343635 0.950000 -1.122653 0.950000 1.908177  -1  -1  -1 
59347.166589 0.000000 0.000000 1.283000 0.950000 -0.343635 1.466205 1.122570 1.626635 0.950000 0.160430 0.950000 1.908177  -1  -1  -1 
59349.156919 0.000000 0.000000 -1.800000 0.950000 -0.343635 1.137728 0.794093 -1.456365 0.950000 -2.594093 0.950000 1.908177  -1  -1  -1 
59349.159037 0.000000 0.000000 -0.733000 0.950000 -0.343635 1.137419 0.793784 -0.389365 0.950000 -1.526784 0.950000 1.908177  -1  -1  -1 
59349.159743 0.000000 0.000000 -0.400000 0.950000 -0.343635 1.137316 0.793681 -0.056365 0.950000 -1.193681 0.950000 1.908177  -1  -1  -1 
59351.095299 0.000000 0.000000 2.000000 0.950000 -0.343635 0.904700 0.561066 2.343635 0.950000 1.438934 0.950000 1.908177  -1  -1  -1 
59351.096005 0.000000 0.000000 0.883000 0.950000 -0.343635 0.904592 0.560958 1.226635 0.950000 0.322042 0.950000 1.908177  -1  -1  -1 
59351.097417 0.000000 0.000000 4.433000 0.950000 -0.343635 0.904376 0.560742 4.776635 0.950000 3.872258 0.950000 1.908177  -1  -1  -1 
59352.132027 0.000000 0.000000 3.117000 0.950000 -0.343635 0.659724 0.316090 3.460635 0.950000 2.800910 0.950000 1.908177  -1  -1  -1 
59352.134142 0.000000 0.000000 -1.783000 0.950000 -0.343635 0.659001 0.315367 -1.439365 0.950000 -2.098367 0.950000 1.908177  -1  -1  -1 
59352.134848 0.000000 0.000000 4.000000 0.950000 -0.343635 0.658760 0.315125 4.343635 0.950000 3.684875 0.950000 1.908177  -1  -1  -1 
59358.106134 0.000000 0.000000 1.417000 0.950000 -0.343635 -0.596262 -0.939897 1.760635 0.950000 2.356897 0.950000 1.908177  -1  -1  -1 
59358.106840 0.000000 0.000000 -0.817000 0.950000 -0.343635 -0.595178 -0.938812 -0.473365 0.950000 0.121812 0.950000 1.908177  -1  -1  -1 
59358.108959 0.000000 0.000000 -2.000000 0.950000 -0.343635 -0.591920 -0.935554 -1.656365 0.950000 -1.064446 0.950000 1.908177  -1  -1  -1 
59359.054266 0.000000 0.000000 -1.517000 0.950000 -0.343635 1.299180 0.955546 -1.173365 0.950000 -2.472546 0.950000 1.908177  -1  -1  -1 
59359.056384 0.000000 0.000000 -0.600000 0.950000 -0.343635 1.304340 0.960705 -0.256365 0.950000 -1.560705 0.950000 1.908177  -1  -1  -1 
59359.057090 0.000000 0.000000 1.600000 0.950000 -0.343635 1.306060 0.962426 1.943635 0.950000 0.637574 0.950000 1.908177  -1  -1  -1 
59360.145042 0.000000 0.000000 4.633000 0.950000 -0.343635 4.376913 4.033278 4.976635 0.950000 0.599722 0.950000 1.908177  -1  -1  -1 
59360.146454 0.000000 0.000000 4.300000 0.950000 -0.343635 4.381325 4.037691 4.643635 0.950000 0.262309 0.950000 1.908177  -1  -1  -1 
59360.147195 0.000000 0.000000 -0.550000 0.950000 -0.343635 4.383641 4.040006 -0.206365 0.950000 -4.590006 0.950000 1.908177  -1  -1  -1 
