# time Tc_folded Tref_folded model 
59318.211098 0.000000 0.000000    -3.386935
59318.265916 0.000000 0.000000    -3.380346
59318.320735 0.000000 0.000000    -3.373758
59318.375553 0.000000 0.000000    -3.367169
59318.430372 0.000000 0.000000    -3.360581
59318.485190 0.000000 0.000000    -3.353993
59318.540009 0.000000 0.000000    -3.347405
59318.594827 0.000000 0.000000    -3.340817
59318.649645 0.000000 0.000000    -3.334230
59318.704464 0.000000 0.000000    -3.327643
59318.759282 0.000000 0.000000    -3.321055
59318.814101 0.000000 0.000000    -3.314469
59318.868919 0.000000 0.000000    -3.307882
59318.923738 0.000000 0.000000    -3.301295
59318.978556 0.000000 0.000000    -3.294709
59319.033374 0.000000 0.000000    -3.288123
59319.088193 0.000000 0.000000    -3.281537
59319.143011 0.000000 0.000000    -3.274951
59319.197830 0.000000 0.000000    -3.268365
59319.252648 0.000000 0.000000    -3.261780
59319.307467 0.000000 0.000000    -3.255195
59319.362285 0.000000 0.000000    -3.248610
59319.417103 0.000000 0.000000    -3.242025
59319.471922 0.000000 0.000000    -3.235440
59319.526740 0.000000 0.000000    -3.228856
59319.581559 0.000000 0.000000    -3.222271
59319.636377 0.000000 0.000000    -3.215687
59319.691196 0.000000 0.000000    -3.209103
59319.746014 0.000000 0.000000    -3.202520
59319.800832 0.000000 0.000000    -3.195936
59319.855651 0.000000 0.000000    -3.189353
59319.910469 0.000000 0.000000    -3.182770
59319.965288 0.000000 0.000000    -3.176187
59320.020106 0.000000 0.000000    -3.169604
59320.074925 0.000000 0.000000    -3.163021
59320.129743 0.000000 0.000000    -3.156439
59320.184561 0.000000 0.000000    -3.149857
59320.239380 0.000000 0.000000    -3.143275
59320.294198 0.000000 0.000000    -3.136693
59320.349017 0.000000 0.000000    -3.130111
59320.403835 0.000000 0.000000    -3.123530
59320.458654 0.000000 0.000000    -3.116948
59320.513472 0.000000 0.000000    -3.110367
59320.568290 0.000000 0.000000    -3.103786
59320.623109 0.000000 0.000000    -3.097206
59320.677927 0.000000 0.000000    -3.090625
59320.732746 0.000000 0.000000    -3.084045
59320.787564 0.000000 0.000000    -3.077465
59320.842383 0.000000 0.000000    -3.070885
59320.897201 0.000000 0.000000    -3.064305
59320.952019 0.000000 0.000000    -3.057725
59321.006838 0.000000 0.000000    -3.051146
59321.061656 0.000000 0.000000    -3.044567
59321.116475 0.000000 0.000000    -3.037988
59321.171293 0.000000 0.000000    -3.031409
59321.226112 0.000000 0.000000    -3.024830
59321.280930 0.000000 0.000000    -3.018252
59321.335748 0.000000 0.000000    -3.011674
59321.390567 0.000000 0.000000    -3.005096
59321.445385 0.000000 0.000000    -2.998518
59321.500204 0.000000 0.000000    -2.991940
59321.555022 0.000000 0.000000    -2.985363
59321.609841 0.000000 0.000000    -2.978785
59321.664659 0.000000 0.000000    -2.972208
59321.719477 0.000000 0.000000    -2.965631
59321.774296 0.000000 0.000000    -2.959054
59321.829114 0.000000 0.000000    -2.952478
59321.883933 0.000000 0.000000    -2.945901
59321.938751 0.000000 0.000000    -2.939325
59321.993569 0.000000 0.000000    -2.932749
59322.048388 0.000000 0.000000    -2.926174
59322.103206 0.000000 0.000000    -2.919598
59322.158025 0.000000 0.000000    -2.913022
59322.212843 0.000000 0.000000    -2.906447
59322.267662 0.000000 0.000000    -2.899872
59322.322480 0.000000 0.000000    -2.893297
59322.377298 0.000000 0.000000    -2.886723
59322.432117 0.000000 0.000000    -2.880148
59322.486935 0.000000 0.000000    -2.873574
59322.541754 0.000000 0.000000    -2.867000
59322.596572 0.000000 0.000000    -2.860426
59322.651391 0.000000 0.000000    -2.853852
59322.706209 0.000000 0.000000    -2.847279
59322.761027 0.000000 0.000000    -2.840705
59322.815846 0.000000 0.000000    -2.834132
59322.870664 0.000000 0.000000    -2.827559
59322.925483 0.000000 0.000000    -2.820986
59322.980301 0.000000 0.000000    -2.814414
59323.035120 0.000000 0.000000    -2.807841
59323.089938 0.000000 0.000000    -2.801269
59323.144756 0.000000 0.000000    -2.794697
59323.199575 0.000000 0.000000    -2.788125
59323.254393 0.000000 0.000000    -2.781553
59323.309212 0.000000 0.000000    -2.774982
59323.364030 0.000000 0.000000    -2.768411
59323.418849 0.000000 0.000000    -2.761840
59323.473667 0.000000 0.000000    -2.755269
59323.528485 0.000000 0.000000    -2.748698
59323.583304 0.000000 0.000000    -2.742127
59323.638122 0.000000 0.000000    -2.735557
59323.692941 0.000000 0.000000    -2.728987
59323.747759 0.000000 0.000000    -2.722417
59323.802578 0.000000 0.000000    -2.715847
59323.857396 0.000000 0.000000    -2.709278
59323.912214 0.000000 0.000000    -2.702708
59323.967033 0.000000 0.000000    -2.696139
59324.021851 0.000000 0.000000    -2.689570
59324.076670 0.000000 0.000000    -2.683001
59324.131488 0.000000 0.000000    -2.676433
59324.186307 0.000000 0.000000    -2.669864
59324.241125 0.000000 0.000000    -2.663296
59324.295943 0.000000 0.000000    -2.656728
59324.350762 0.000000 0.000000    -2.650160
59324.405580 0.000000 0.000000    -2.643592
59324.460399 0.000000 0.000000    -2.637025
59324.515217 0.000000 0.000000    -2.630457
59324.570036 0.000000 0.000000    -2.623890
59324.624854 0.000000 0.000000    -2.617323
59324.679672 0.000000 0.000000    -2.610757
59324.734491 0.000000 0.000000    -2.604190
59324.789309 0.000000 0.000000    -2.597624
59324.844128 0.000000 0.000000    -2.591057
59324.898946 0.000000 0.000000    -2.584491
59324.953765 0.000000 0.000000    -2.577926
59325.008583 0.000000 0.000000    -2.571360
59325.063401 0.000000 0.000000    -2.564795
59325.118220 0.000000 0.000000    -2.558229
59325.173038 0.000000 0.000000    -2.551664
59325.227857 0.000000 0.000000    -2.545099
59325.282675 0.000000 0.000000    -2.538535
59325.337494 0.000000 0.000000    -2.531970
59325.392312 0.000000 0.000000    -2.525406
59325.447130 0.000000 0.000000    -2.518842
59325.501949 0.000000 0.000000    -2.512278
59325.556767 0.000000 0.000000    -2.505714
59325.611586 0.000000 0.000000    -2.499151
59325.666404 0.000000 0.000000    -2.492587
59325.721223 0.000000 0.000000    -2.486024
59325.776041 0.000000 0.000000    -2.479461
59325.830859 0.000000 0.000000    -2.472898
59325.885678 0.000000 0.000000    -2.466336
59325.940496 0.000000 0.000000    -2.459773
59325.995315 0.000000 0.000000    -2.453211
59326.050133 0.000000 0.000000    -2.446649
59326.104952 0.000000 0.000000    -2.440087
59326.159770 0.000000 0.000000    -2.433525
59326.214588 0.000000 0.000000    -2.426964
59326.269407 0.000000 0.000000    -2.420403
59326.324225 0.000000 0.000000    -2.413842
59326.379044 0.000000 0.000000    -2.407281
59326.433862 0.000000 0.000000    -2.400720
59326.488681 0.000000 0.000000    -2.394159
59326.543499 0.000000 0.000000    -2.387599
59326.598317 0.000000 0.000000    -2.381039
59326.653136 0.000000 0.000000    -2.374479
59326.707954 0.000000 0.000000    -2.367919
59326.762773 0.000000 0.000000    -2.361360
59326.817591 0.000000 0.000000    -2.354800
59326.872410 0.000000 0.000000    -2.348241
59326.927228 0.000000 0.000000    -2.341682
59326.982046 0.000000 0.000000    -2.335123
59327.036865 0.000000 0.000000    -2.328564
59327.091683 0.000000 0.000000    -2.322006
59327.146502 0.000000 0.000000    -2.315448
59327.201320 0.000000 0.000000    -2.308890
59327.256139 0.000000 0.000000    -2.302332
59327.310957 0.000000 0.000000    -2.295774
59327.365775 0.000000 0.000000    -2.289216
59327.420594 0.000000 0.000000    -2.282659
59327.475412 0.000000 0.000000    -2.276102
59327.530231 0.000000 0.000000    -2.269545
59327.585049 0.000000 0.000000    -2.262988
59327.639868 0.000000 0.000000    -2.256432
59327.694686 0.000000 0.000000    -2.249875
59327.749504 0.000000 0.000000    -2.243319
59327.804323 0.000000 0.000000    -2.236763
59327.859141 0.000000 0.000000    -2.230207
59327.913960 0.000000 0.000000    -2.223652
59327.968778 0.000000 0.000000    -2.217096
59328.023597 0.000000 0.000000    -2.210541
59328.078415 0.000000 0.000000    -2.203986
59328.133233 0.000000 0.000000    -2.197431
59328.188052 0.000000 0.000000    -2.190876
59328.242870 0.000000 0.000000    -2.184322
59328.297689 0.000000 0.000000    -2.177767
59328.352507 0.000000 0.000000    -2.171213
59328.407326 0.000000 0.000000    -2.164659
59328.462144 0.000000 0.000000    -2.158106
59328.516962 0.000000 0.000000    -2.151552
59328.571781 0.000000 0.000000    -2.144999
59328.626599 0.000000 0.000000    -2.138446
59328.681418 0.000000 0.000000    -2.131893
59328.736236 0.000000 0.000000    -2.125340
59328.791054 0.000000 0.000000    -2.118787
59328.845873 0.000000 0.000000    -2.112235
59328.900691 0.000000 0.000000    -2.105682
59328.955510 0.000000 0.000000    -2.099130
59329.010328 0.000000 0.000000    -2.092579
59329.065147 0.000000 0.000000    -2.086027
59329.119965 0.000000 0.000000    -2.079475
59329.174783 0.000000 0.000000    -2.072924
59329.229602 0.000000 0.000000    -2.066373
59329.284420 0.000000 0.000000    -2.059822
59329.339239 0.000000 0.000000    -2.053271
59329.394057 0.000000 0.000000    -2.046721
59329.448876 0.000000 0.000000    -2.040170
59329.503694 0.000000 0.000000    -2.033620
59329.558512 0.000000 0.000000    -2.027070
59329.613331 0.000000 0.000000    -2.020520
59329.668149 0.000000 0.000000    -2.013971
59329.722968 0.000000 0.000000    -2.007421
59329.777786 0.000000 0.000000    -2.000872
59329.832605 0.000000 0.000000    -1.994323
59329.887423 0.000000 0.000000    -1.987774
59329.942241 0.000000 0.000000    -1.981226
59329.997060 0.000000 0.000000    -1.974677
59330.051878 0.000000 0.000000    -1.968129
59330.106697 0.000000 0.000000    -1.961581
59330.161515 0.000000 0.000000    -1.955033
59330.216334 0.000000 0.000000    -1.948485
59330.271152 0.000000 0.000000    -1.941938
59330.325970 0.000000 0.000000    -1.935390
59330.380789 0.000000 0.000000    -1.928843
59330.435607 0.000000 0.000000    -1.922296
59330.490426 0.000000 0.000000    -1.915749
59330.545244 0.000000 0.000000    -1.909203
59330.600063 0.000000 0.000000    -1.902656
59330.654881 0.000000 0.000000    -1.896110
59330.709699 0.000000 0.000000    -1.889564
59330.764518 0.000000 0.000000    -1.883018
59330.819336 0.000000 0.000000    -1.876473
59330.874155 0.000000 0.000000    -1.869927
59330.928973 0.000000 0.000000    -1.863382
59330.983792 0.000000 0.000000    -1.856837
59331.038610 0.000000 0.000000    -1.850292
59331.093428 0.000000 0.000000    -1.843747
59331.148247 0.000000 0.000000    -1.837203
59331.203065 0.000000 0.000000    -1.830659
59331.257884 0.000000 0.000000    -1.824114
59331.312702 0.000000 0.000000    -1.817570
59331.367521 0.000000 0.000000    -1.811027
59331.422339 0.000000 0.000000    -1.804483
59331.477157 0.000000 0.000000    -1.797940
59331.531976 0.000000 0.000000    -1.791397
59331.586794 0.000000 0.000000    -1.784854
59331.641613 0.000000 0.000000    -1.778311
59331.696431 0.000000 0.000000    -1.771768
59331.751250 0.000000 0.000000    -1.765226
59331.806068 0.000000 0.000000    -1.758683
59331.860886 0.000000 0.000000    -1.752141
59331.915705 0.000000 0.000000    -1.745600
59331.970523 0.000000 0.000000    -1.739058
59332.025342 0.000000 0.000000    -1.732516
59332.080160 0.000000 0.000000    -1.725975
59332.134979 0.000000 0.000000    -1.719434
59332.189797 0.000000 0.000000    -1.712893
59332.244615 0.000000 0.000000    -1.706352
59332.299434 0.000000 0.000000    -1.699812
59332.354252 0.000000 0.000000    -1.693271
59332.409071 0.000000 0.000000    -1.686731
59332.463889 0.000000 0.000000    -1.680191
59332.518708 0.000000 0.000000    -1.673651
59332.573526 0.000000 0.000000    -1.667112
59332.628344 0.000000 0.000000    -1.660572
59332.683163 0.000000 0.000000    -1.654033
59332.737981 0.000000 0.000000    -1.647494
59332.792800 0.000000 0.000000    -1.640955
59332.847618 0.000000 0.000000    -1.634417
59332.902437 0.000000 0.000000    -1.627878
59332.957255 0.000000 0.000000    -1.621340
59333.012073 0.000000 0.000000    -1.614802
59333.066892 0.000000 0.000000    -1.608264
59333.121710 0.000000 0.000000    -1.601726
59333.176529 0.000000 0.000000    -1.595189
59333.231347 0.000000 0.000000    -1.588651
59333.286166 0.000000 0.000000    -1.582114
59333.340984 0.000000 0.000000    -1.575577
59333.395802 0.000000 0.000000    -1.569040
59333.450621 0.000000 0.000000    -1.562504
59333.505439 0.000000 0.000000    -1.555967
59333.560258 0.000000 0.000000    -1.549431
59333.615076 0.000000 0.000000    -1.542895
59333.669895 0.000000 0.000000    -1.536359
59333.724713 0.000000 0.000000    -1.529824
59333.779531 0.000000 0.000000    -1.523288
59333.834350 0.000000 0.000000    -1.516753
59333.889168 0.000000 0.000000    -1.510218
59333.943987 0.000000 0.000000    -1.503683
59333.998805 0.000000 0.000000    -1.497148
59334.053624 0.000000 0.000000    -1.490614
59334.108442 0.000000 0.000000    -1.484079
59334.163260 0.000000 0.000000    -1.477545
59334.218079 0.000000 0.000000    -1.471011
59334.272897 0.000000 0.000000    -1.464477
59334.327716 0.000000 0.000000    -1.457944
59334.382534 0.000000 0.000000    -1.451410
59334.437353 0.000000 0.000000    -1.444877
59334.492171 0.000000 0.000000    -1.438344
59334.546989 0.000000 0.000000    -1.431811
59334.601808 0.000000 0.000000    -1.425279
59334.656626 0.000000 0.000000    -1.418746
59334.711445 0.000000 0.000000    -1.412214
59334.766263 0.000000 0.000000    -1.405682
59334.821082 0.000000 0.000000    -1.399150
59334.875900 0.000000 0.000000    -1.392618
59334.930718 0.000000 0.000000    -1.386087
59334.985537 0.000000 0.000000    -1.379556
59335.040355 0.000000 0.000000    -1.373024
59335.095174 0.000000 0.000000    -1.366494
59335.149992 0.000000 0.000000    -1.359963
59335.204811 0.000000 0.000000    -1.353432
59335.259629 0.000000 0.000000    -1.346902
59335.314447 0.000000 0.000000    -1.340372
59335.369266 0.000000 0.000000    -1.333842
59335.424084 0.000000 0.000000    -1.327312
59335.478903 0.000000 0.000000    -1.320782
59335.533721 0.000000 0.000000    -1.314253
59335.588540 0.000000 0.000000    -1.307724
59335.643358 0.000000 0.000000    -1.301195
59335.698176 0.000000 0.000000    -1.294666
59335.752995 0.000000 0.000000    -1.288137
59335.807813 0.000000 0.000000    -1.281608
59335.862632 0.000000 0.000000    -1.275080
59335.917450 0.000000 0.000000    -1.268552
59335.972268 0.000000 0.000000    -1.262024
59336.027087 0.000000 0.000000    -1.255496
59336.081905 0.000000 0.000000    -1.248969
59336.136724 0.000000 0.000000    -1.242442
59336.191542 0.000000 0.000000    -1.235914
59336.246361 0.000000 0.000000    -1.229387
59336.301179 0.000000 0.000000    -1.222861
59336.355997 0.000000 0.000000    -1.216334
59336.410816 0.000000 0.000000    -1.209808
59336.465634 0.000000 0.000000    -1.203281
59336.520453 0.000000 0.000000    -1.196755
59336.575271 0.000000 0.000000    -1.190229
59336.630090 0.000000 0.000000    -1.183704
59336.684908 0.000000 0.000000    -1.177178
59336.739726 0.000000 0.000000    -1.170653
59336.794545 0.000000 0.000000    -1.164128
59336.849363 0.000000 0.000000    -1.157603
59336.904182 0.000000 0.000000    -1.151078
59336.959000 0.000000 0.000000    -1.144554
59337.013819 0.000000 0.000000    -1.138029
59337.068637 0.000000 0.000000    -1.131505
59337.123455 0.000000 0.000000    -1.124981
59337.178274 0.000000 0.000000    -1.118458
59337.233092 0.000000 0.000000    -1.111934
59337.287911 0.000000 0.000000    -1.105411
59337.342729 0.000000 0.000000    -1.098887
59337.397548 0.000000 0.000000    -1.092364
59337.452366 0.000000 0.000000    -1.085842
59337.507184 0.000000 0.000000    -1.079319
59337.562003 0.000000 0.000000    -1.072796
59337.616821 0.000000 0.000000    -1.066274
59337.671640 0.000000 0.000000    -1.059752
59337.726458 0.000000 0.000000    -1.053230
59337.781277 0.000000 0.000000    -1.046709
59337.836095 0.000000 0.000000    -1.040187
59337.890913 0.000000 0.000000    -1.033666
59337.945732 0.000000 0.000000    -1.027145
59338.000550 0.000000 0.000000    -1.020624
59338.055369 0.000000 0.000000    -1.014103
59338.110187 0.000000 0.000000    -1.007582
59338.165006 0.000000 0.000000    -1.001062
59338.219824 0.000000 0.000000    -0.994542
59338.274642 0.000000 0.000000    -0.988022
59338.329461 0.000000 0.000000    -0.981502
59338.384279 0.000000 0.000000    -0.974982
59338.439098 0.000000 0.000000    -0.968463
59338.493916 0.000000 0.000000    -0.961944
59338.548735 0.000000 0.000000    -0.955424
59338.603553 0.000000 0.000000    -0.948906
59338.658371 0.000000 0.000000    -0.942387
59338.713190 0.000000 0.000000    -0.935868
59338.768008 0.000000 0.000000    -0.929350
59338.822827 0.000000 0.000000    -0.922832
59338.877645 0.000000 0.000000    -0.916314
59338.932464 0.000000 0.000000    -0.909796
59338.987282 0.000000 0.000000    -0.903279
59339.042100 0.000000 0.000000    -0.896761
59339.096919 0.000000 0.000000    -0.890244
59339.151737 0.000000 0.000000    -0.883727
59339.206556 0.000000 0.000000    -0.877210
59339.261374 0.000000 0.000000    -0.870694
59339.316193 0.000000 0.000000    -0.864177
59339.371011 0.000000 0.000000    -0.857661
59339.425829 0.000000 0.000000    -0.851145
59339.480648 0.000000 0.000000    -0.844629
59339.535466 0.000000 0.000000    -0.838114
59339.590285 0.000000 0.000000    -0.831598
59339.645103 0.000000 0.000000    -0.825083
59339.699922 0.000000 0.000000    -0.818568
59339.754740 0.000000 0.000000    -0.812053
59339.809558 0.000000 0.000000    -0.805538
59339.864377 0.000000 0.000000    -0.799024
59339.919195 0.000000 0.000000    -0.792509
59339.974014 0.000000 0.000000    -0.785995
59340.028832 0.000000 0.000000    -0.779481
59340.083651 0.000000 0.000000    -0.772967
59340.138469 0.000000 0.000000    -0.766454
59340.193287 0.000000 0.000000    -0.759940
59340.248106 0.000000 0.000000    -0.753427
59340.302924 0.000000 0.000000    -0.746914
59340.357743 0.000000 0.000000    -0.740401
59340.412561 0.000000 0.000000    -0.733889
59340.467380 0.000000 0.000000    -0.727376
59340.522198 0.000000 0.000000    -0.720864
59340.577016 0.000000 0.000000    -0.714352
59340.631835 0.000000 0.000000    -0.707840
59340.686653 0.000000 0.000000    -0.701328
59340.741472 0.000000 0.000000    -0.694817
59340.796290 0.000000 0.000000    -0.688305
59340.851109 0.000000 0.000000    -0.681794
59340.905927 0.000000 0.000000    -0.675283
59340.960745 0.000000 0.000000    -0.668772
59341.015564 0.000000 0.000000    -0.662262
59341.070382 0.000000 0.000000    -0.655751
59341.125201 0.000000 0.000000    -0.649241
59341.180019 0.000000 0.000000    -0.642731
59341.234838 0.000000 0.000000    -0.636221
59341.289656 0.000000 0.000000    -0.629712
59341.344474 0.000000 0.000000    -0.623202
59341.399293 0.000000 0.000000    -0.616693
59341.454111 0.000000 0.000000    -0.610184
59341.508930 0.000000 0.000000    -0.603675
59341.563748 0.000000 0.000000    -0.597166
59341.618567 0.000000 0.000000    -0.590658
59341.673385 0.000000 0.000000    -0.584150
59341.728203 0.000000 0.000000    -0.577642
59341.783022 0.000000 0.000000    -0.571134
59341.837840 0.000000 0.000000    -0.564626
59341.892659 0.000000 0.000000    -0.558118
59341.947477 0.000000 0.000000    -0.551611
59342.002296 0.000000 0.000000    -0.545104
59342.057114 0.000000 0.000000    -0.538597
59342.111932 0.000000 0.000000    -0.532090
59342.166751 0.000000 0.000000    -0.525583
59342.221569 0.000000 0.000000    -0.519077
59342.276388 0.000000 0.000000    -0.512571
59342.331206 0.000000 0.000000    -0.506065
59342.386025 0.000000 0.000000    -0.499559
59342.440843 0.000000 0.000000    -0.493053
59342.495661 0.000000 0.000000    -0.486548
59342.550480 0.000000 0.000000    -0.480042
59342.605298 0.000000 0.000000    -0.473537
59342.660117 0.000000 0.000000    -0.467032
59342.714935 0.000000 0.000000    -0.460527
59342.769753 0.000000 0.000000    -0.454023
59342.824572 0.000000 0.000000    -0.447519
59342.879390 0.000000 0.000000    -0.441014
59342.934209 0.000000 0.000000    -0.434510
59342.989027 0.000000 0.000000    -0.428007
59343.043846 0.000000 0.000000    -0.421503
59343.098664 0.000000 0.000000    -0.415000
59343.153482 0.000000 0.000000    -0.408496
59343.208301 0.000000 0.000000    -0.401993
59343.263119 0.000000 0.000000    -0.395490
59343.317938 0.000000 0.000000    -0.388988
59343.372756 0.000000 0.000000    -0.382485
59343.427575 0.000000 0.000000    -0.375983
59343.482393 0.000000 0.000000    -0.369481
59343.537211 0.000000 0.000000    -0.362979
59343.592030 0.000000 0.000000    -0.356477
59343.646848 0.000000 0.000000    -0.349976
59343.701667 0.000000 0.000000    -0.343474
59343.756485 0.000000 0.000000    -0.336973
59343.811304 0.000000 0.000000    -0.330472
59343.866122 0.000000 0.000000    -0.323972
59343.920940 0.000000 0.000000    -0.317471
59343.975759 0.000000 0.000000    -0.310971
59344.030577 0.000000 0.000000    -0.304470
59344.085396 0.000000 0.000000    -0.297970
59344.140214 0.000000 0.000000    -0.291471
59344.195033 0.000000 0.000000    -0.284971
59344.249851 0.000000 0.000000    -0.278471
59344.304669 0.000000 0.000000    -0.271972
59344.359488 0.000000 0.000000    -0.265473
59344.414306 0.000000 0.000000    -0.258974
59344.469125 0.000000 0.000000    -0.252476
59344.523943 0.000000 0.000000    -0.245977
59344.578762 0.000000 0.000000    -0.239479
59344.633580 0.000000 0.000000    -0.232981
59344.688398 0.000000 0.000000    -0.226483
59344.743217 0.000000 0.000000    -0.219985
59344.798035 0.000000 0.000000    -0.213487
59344.852854 0.000000 0.000000    -0.206990
59344.907672 0.000000 0.000000    -0.200493
59344.962491 0.000000 0.000000    -0.193996
59345.017309 0.000000 0.000000    -0.187499
59345.072127 0.000000 0.000000    -0.181002
59345.126946 0.000000 0.000000    -0.174506
59345.181764 0.000000 0.000000    -0.168010
59345.236583 0.000000 0.000000    -0.161513
59345.291401 0.000000 0.000000    -0.155018
59345.346220 0.000000 0.000000    -0.148522
59345.401038 0.000000 0.000000    -0.142026
59345.455856 0.000000 0.000000    -0.135531
59345.510675 0.000000 0.000000    -0.129036
59345.565493 0.000000 0.000000    -0.122541
59345.620312 0.000000 0.000000    -0.116046
59345.675130 0.000000 0.000000    -0.109552
59345.729949 0.000000 0.000000    -0.103057
59345.784767 0.000000 0.000000    -0.096563
59345.839585 0.000000 0.000000    -0.090069
59345.894404 0.000000 0.000000    -0.083575
59345.949222 0.000000 0.000000    -0.077082
59346.004041 0.000000 0.000000    -0.070588
59346.058859 0.000000 0.000000    -0.064095
59346.113678 0.000000 0.000000    -0.057602
59346.168496 0.000000 0.000000    -0.051109
59346.223314 0.000000 0.000000    -0.044617
59346.278133 0.000000 0.000000    -0.038124
59346.332951 0.000000 0.000000    -0.031632
59346.387770 0.000000 0.000000    -0.025140
59346.442588 0.000000 0.000000    -0.018648
59346.497407 0.000000 0.000000    -0.012156
59346.552225 0.000000 0.000000    -0.005665
59346.607043 0.000000 0.000000     0.000827
59346.661862 0.000000 0.000000     0.007318
59346.716680 0.000000 0.000000     0.013809
59346.771499 0.000000 0.000000     0.020300
59346.826317 0.000000 0.000000     0.026790
59346.881136 0.000000 0.000000     0.033281
59346.935954 0.000000 0.000000     0.039771
59346.990772 0.000000 0.000000     0.046261
59347.045591 0.000000 0.000000     0.052751
59347.100409 0.000000 0.000000     0.059240
59347.155228 0.000000 0.000000     0.065730
59347.210046 0.000000 0.000000     0.072219
59347.264865 0.000000 0.000000     0.078708
59347.319683 0.000000 0.000000     0.085197
59347.374501 0.000000 0.000000     0.091686
59347.429320 0.000000 0.000000     0.098174
59347.484138 0.000000 0.000000     0.104663
59347.538957 0.000000 0.000000     0.111151
59347.593775 0.000000 0.000000     0.117639
59347.648594 0.000000 0.000000     0.124127
59347.703412 0.000000 0.000000     0.130614
59347.758230 0.000000 0.000000     0.137102
59347.813049 0.000000 0.000000     0.143589
59347.867867 0.000000 0.000000     0.150076
59347.922686 0.000000 0.000000     0.156563
59347.977504 0.000000 0.000000     0.163049
59348.032323 0.000000 0.000000     0.169536
59348.087141 0.000000 0.000000     0.176022
59348.141959 0.000000 0.000000     0.182508
59348.196778 0.000000 0.000000     0.188994
59348.251596 0.000000 0.000000     0.195480
59348.306415 0.000000 0.000000     0.201965
59348.361233 0.000000 0.000000     0.208450
59348.416052 0.000000 0.000000     0.214936
59348.470870 0.000000 0.000000     0.221420
59348.525688 0.000000 0.000000     0.227905
59348.580507 0.000000 0.000000     0.234390
59348.635325 0.000000 0.000000     0.240874
59348.690144 0.000000 0.000000     0.247358
59348.744962 0.000000 0.000000     0.253842
59348.799781 0.000000 0.000000     0.260326
59348.854599 0.000000 0.000000     0.266810
59348.909417 0.000000 0.000000     0.273293
59348.964236 0.000000 0.000000     0.279776
59349.019054 0.000000 0.000000     0.286260
59349.073873 0.000000 0.000000     0.292742
59349.128691 0.000000 0.000000     0.299225
59349.183510 0.000000 0.000000     0.305708
59349.238328 0.000000 0.000000     0.312190
59349.293146 0.000000 0.000000     0.318672
59349.347965 0.000000 0.000000     0.325154
59349.402783 0.000000 0.000000     0.331636
59349.457602 0.000000 0.000000     0.338117
59349.512420 0.000000 0.000000     0.344599
59349.567239 0.000000 0.000000     0.351080
59349.622057 0.000000 0.000000     0.357561
59349.676875 0.000000 0.000000     0.364041
59349.731694 0.000000 0.000000     0.370522
59349.786512 0.000000 0.000000     0.377002
59349.841331 0.000000 0.000000     0.383483
59349.896149 0.000000 0.000000     0.389963
59349.950967 0.000000 0.000000     0.396443
59350.005786 0.000000 0.000000     0.402922
59350.060604 0.000000 0.000000     0.409402
59350.115423 0.000000 0.000000     0.415881
59350.170241 0.000000 0.000000     0.422360
59350.225060 0.000000 0.000000     0.428839
59350.279878 0.000000 0.000000     0.435318
59350.334696 0.000000 0.000000     0.441796
59350.389515 0.000000 0.000000     0.448275
59350.444333 0.000000 0.000000     0.454753
59350.499152 0.000000 0.000000     0.461231
59350.553970 0.000000 0.000000     0.467708
59350.608789 0.000000 0.000000     0.474186
59350.663607 0.000000 0.000000     0.480663
59350.718425 0.000000 0.000000     0.487141
59350.773244 0.000000 0.000000     0.493618
59350.828062 0.000000 0.000000     0.500095
59350.882881 0.000000 0.000000     0.506571
59350.937699 0.000000 0.000000     0.513048
59350.992518 0.000000 0.000000     0.519524
59351.047336 0.000000 0.000000     0.526000
59351.102154 0.000000 0.000000     0.532476
59351.156973 0.000000 0.000000     0.538952
59351.211791 0.000000 0.000000     0.545427
59351.266610 0.000000 0.000000     0.551902
59351.321428 0.000000 0.000000     0.558378
59351.376247 0.000000 0.000000     0.564853
59351.431065 0.000000 0.000000     0.571327
59351.485883 0.000000 0.000000     0.577802
59351.540702 0.000000 0.000000     0.584276
59351.595520 0.000000 0.000000     0.590750
59351.650339 0.000000 0.000000     0.597224
59351.705157 0.000000 0.000000     0.603698
59351.759976 0.000000 0.000000     0.610172
59351.814794 0.000000 0.000000     0.616645
59351.869612 0.000000 0.000000     0.623119
59351.924431 0.000000 0.000000     0.629592
59351.979249 0.000000 0.000000     0.636064
59352.034068 0.000000 0.000000     0.642537
59352.088886 0.000000 0.000000     0.649010
59352.143705 0.000000 0.000000     0.655482
59352.198523 0.000000 0.000000     0.661954
59352.253341 0.000000 0.000000     0.668426
59352.308160 0.000000 0.000000     0.674898
59352.362978 0.000000 0.000000     0.681369
59352.417797 0.000000 0.000000     0.687841
59352.472615 0.000000 0.000000     0.694312
59352.527434 0.000000 0.000000     0.700783
59352.582252 0.000000 0.000000     0.707254
59352.637070 0.000000 0.000000     0.713724
59352.691889 0.000000 0.000000     0.720195
59352.746707 0.000000 0.000000     0.726665
59352.801526 0.000000 0.000000     0.733135
59352.856344 0.000000 0.000000     0.739605
59352.911163 0.000000 0.000000     0.746075
59352.965981 0.000000 0.000000     0.752544
59353.020799 0.000000 0.000000     0.759013
59353.075618 0.000000 0.000000     0.765482
59353.130436 0.000000 0.000000     0.771951
59353.185255 0.000000 0.000000     0.778420
59353.240073 0.000000 0.000000     0.784889
59353.294892 0.000000 0.000000     0.791357
59353.349710 0.000000 0.000000     0.797825
59353.404528 0.000000 0.000000     0.804293
59353.459347 0.000000 0.000000     0.810761
59353.514165 0.000000 0.000000     0.817228
59353.568984 0.000000 0.000000     0.823696
59353.623802 0.000000 0.000000     0.830163
59353.678621 0.000000 0.000000     0.836630
59353.733439 0.000000 0.000000     0.843097
59353.788257 0.000000 0.000000     0.849564
59353.843076 0.000000 0.000000     0.856030
59353.897894 0.000000 0.000000     0.862496
59353.952713 0.000000 0.000000     0.868962
59354.007531 0.000000 0.000000     0.875428
59354.062350 0.000000 0.000000     0.881894
59354.117168 0.000000 0.000000     0.888360
59354.171986 0.000000 0.000000     0.894825
59354.226805 0.000000 0.000000     0.901290
59354.281623 0.000000 0.000000     0.907755
59354.336442 0.000000 0.000000     0.914220
59354.391260 0.000000 0.000000     0.920684
59354.446079 0.000000 0.000000     0.927149
59354.500897 0.000000 0.000000     0.933613
59354.555715 0.000000 0.000000     0.940077
59354.610534 0.000000 0.000000     0.946541
59354.665352 0.000000 0.000000     0.953004
59354.720171 0.000000 0.000000     0.959468
59354.774989 0.000000 0.000000     0.965931
59354.829808 0.000000 0.000000     0.972394
59354.884626 0.000000 0.000000     0.978857
59354.939444 0.000000 0.000000     0.985320
59354.994263 0.000000 0.000000     0.991782
59355.049081 0.000000 0.000000     0.998245
59355.103900 0.000000 0.000000     1.004707
59355.158718 0.000000 0.000000     1.011169
59355.213537 0.000000 0.000000     1.017630
59355.268355 0.000000 0.000000     1.024092
59355.323173 0.000000 0.000000     1.030553
59355.377992 0.000000 0.000000     1.037015
59355.432810 0.000000 0.000000     1.043476
59355.487629 0.000000 0.000000     1.049936
59355.542447 0.000000 0.000000     1.056397
59355.597266 0.000000 0.000000     1.062857
59355.652084 0.000000 0.000000     1.069318
59355.706902 0.000000 0.000000     1.075778
59355.761721 0.000000 0.000000     1.082238
59355.816539 0.000000 0.000000     1.088697
59355.871358 0.000000 0.000000     1.095157
59355.926176 0.000000 0.000000     1.101616
59355.980995 0.000000 0.000000     1.108075
59356.035813 0.000000 0.000000     1.114534
59356.090631 0.000000 0.000000     1.120993
59356.145450 0.000000 0.000000     1.127451
59356.200268 0.000000 0.000000     1.133910
59356.255087 0.000000 0.000000     1.140368
59356.309905 0.000000 0.000000     1.146826
59356.364724 0.000000 0.000000     1.153284
59356.419542 0.000000 0.000000     1.159741
59356.474360 0.000000 0.000000     1.166199
59356.529179 0.000000 0.000000     1.172656
59356.583997 0.000000 0.000000     1.179113
59356.638816 0.000000 0.000000     1.185570
59356.693634 0.000000 0.000000     1.192026
59356.748452 0.000000 0.000000     1.198483
59356.803271 0.000000 0.000000     1.204939
59356.858089 0.000000 0.000000     1.211395
59356.912908 0.000000 0.000000     1.217851
59356.967726 0.000000 0.000000     1.224307
59357.022545 0.000000 0.000000     1.230762
59357.077363 0.000000 0.000000     1.237218
59357.132181 0.000000 0.000000     1.243673
59357.187000 0.000000 0.000000     1.250128
59357.241818 0.000000 0.000000     1.256583
59357.296637 0.000000 0.000000     1.263037
59357.351455 0.000000 0.000000     1.269492
59357.406274 0.000000 0.000000     1.275946
59357.461092 0.000000 0.000000     1.282400
59357.515910 0.000000 0.000000     1.288854
59357.570729 0.000000 0.000000     1.295307
59357.625547 0.000000 0.000000     1.301761
59357.680366 0.000000 0.000000     1.308214
59357.735184 0.000000 0.000000     1.314667
59357.790003 0.000000 0.000000     1.321120
59357.844821 0.000000 0.000000     1.327573
59357.899639 0.000000 0.000000     1.334025
59357.954458 0.000000 0.000000     1.340478
59358.009276 0.000000 0.000000     1.346930
59358.064095 0.000000 0.000000     1.353382
59358.118913 0.000000 0.000000     1.359833
59358.173732 0.000000 0.000000     1.366285
59358.228550 0.000000 0.000000     1.372736
59358.283368 0.000000 0.000000     1.379188
59358.338187 0.000000 0.000000     1.385639
59358.393005 0.000000 0.000000     1.392089
59358.447824 0.000000 0.000000     1.398540
59358.502642 0.000000 0.000000     1.404990
59358.557461 0.000000 0.000000     1.411441
59358.612279 0.000000 0.000000     1.417891
59358.667097 0.000000 0.000000     1.424341
59358.721916 0.000000 0.000000     1.430790
59358.776734 0.000000 0.000000     1.437240
59358.831553 0.000000 0.000000     1.443689
59358.886371 0.000000 0.000000     1.450138
59358.941190 0.000000 0.000000     1.456587
59358.996008 0.000000 0.000000     1.463036
59359.050826 0.000000 0.000000     1.469485
59359.105645 0.000000 0.000000     1.475933
59359.160463 0.000000 0.000000     1.482381
59359.215282 0.000000 0.000000     1.488829
59359.270100 0.000000 0.000000     1.495277
59359.324919 0.000000 0.000000     1.501724
59359.379737 0.000000 0.000000     1.508172
59359.434555 0.000000 0.000000     1.514619
59359.489374 0.000000 0.000000     1.521066
59359.544192 0.000000 0.000000     1.527513
59359.599011 0.000000 0.000000     1.533960
59359.653829 0.000000 0.000000     1.540406
59359.708648 0.000000 0.000000     1.546852
59359.763466 0.000000 0.000000     1.553299
59359.818284 0.000000 0.000000     1.559745
59359.873103 0.000000 0.000000     1.566190
59359.927921 0.000000 0.000000     1.572636
59359.982740 0.000000 0.000000     1.579081
59360.037558 0.000000 0.000000     1.585526
59360.092377 0.000000 0.000000     1.591971
59360.147195 0.000000 0.000000     1.598416
59360.202013 0.000000 0.000000     1.604861
59360.256832 0.000000 0.000000     1.611305
59360.311650 0.000000 0.000000     1.617749
59360.366469 0.000000 0.000000     1.624193
59360.421287 0.000000 0.000000     1.630637
59360.476106 0.000000 0.000000     1.637081
59360.530924 0.000000 0.000000     1.643524
59360.585742 0.000000 0.000000     1.649968
59360.640561 0.000000 0.000000     1.656411
59360.695379 0.000000 0.000000     1.662854
59360.750198 0.000000 0.000000     1.669296
59360.805016 0.000000 0.000000     1.675739
59360.859835 0.000000 0.000000     1.682181
59360.914653 0.000000 0.000000     1.688623
59360.969471 0.000000 0.000000     1.695065
59361.024290 0.000000 0.000000     1.701507
59361.079108 0.000000 0.000000     1.707949
59361.133927 0.000000 0.000000     1.714390
59361.188745 0.000000 0.000000     1.720831
59361.243564 0.000000 0.000000     1.727272
59361.298382 0.000000 0.000000     1.733713
59361.353200 0.000000 0.000000     1.740154
59361.408019 0.000000 0.000000     1.746594
59361.462837 0.000000 0.000000     1.753034
59361.517656 0.000000 0.000000     1.759474
59361.572474 0.000000 0.000000     1.765914
59361.627293 0.000000 0.000000     1.772354
59361.682111 0.000000 0.000000     1.778793
59361.736929 0.000000 0.000000     1.785233
59361.791748 0.000000 0.000000     1.791672
59361.846566 0.000000 0.000000     1.798111
59361.901385 0.000000 0.000000     1.804550
59361.956203 0.000000 0.000000     1.810988
59362.011022 0.000000 0.000000     1.817427
59362.065840 0.000000 0.000000     1.823865
59362.120658 0.000000 0.000000     1.830303
59362.175477 0.000000 0.000000     1.836741
59362.230295 0.000000 0.000000     1.843178
59362.285114 0.000000 0.000000     1.849616
59362.339932 0.000000 0.000000     1.856053
59362.394751 0.000000 0.000000     1.862490
59362.449569 0.000000 0.000000     1.868927
59362.504387 0.000000 0.000000     1.875363
59362.559206 0.000000 0.000000     1.881800
59362.614024 0.000000 0.000000     1.888236
59362.668843 0.000000 0.000000     1.894672
59362.723661 0.000000 0.000000     1.901108
59362.778480 0.000000 0.000000     1.907544
59362.833298 0.000000 0.000000     1.913980
59362.888116 0.000000 0.000000     1.920415
59362.942935 0.000000 0.000000     1.926850
59362.997753 0.000000 0.000000     1.933285
59363.052572 0.000000 0.000000     1.939720
59363.107390 0.000000 0.000000     1.946154
59363.162209 0.000000 0.000000     1.952589
59363.217027 0.000000 0.000000     1.959023
59363.271845 0.000000 0.000000     1.965457
59363.326664 0.000000 0.000000     1.971891
59363.381482 0.000000 0.000000     1.978325
59363.436301 0.000000 0.000000     1.984758
59363.491119 0.000000 0.000000     1.991191
59363.545938 0.000000 0.000000     1.997625
59363.600756 0.000000 0.000000     2.004057
59363.655574 0.000000 0.000000     2.010490
59363.710393 0.000000 0.000000     2.016923
59363.765211 0.000000 0.000000     2.023355
59363.820030 0.000000 0.000000     2.029787
59363.874848 0.000000 0.000000     2.036219
59363.929666 0.000000 0.000000     2.042651
59363.984485 0.000000 0.000000     2.049083
59364.039303 0.000000 0.000000     2.055514
59364.094122 0.000000 0.000000     2.061945
59364.148940 0.000000 0.000000     2.068376
59364.203759 0.000000 0.000000     2.074807
59364.258577 0.000000 0.000000     2.081238
59364.313395 0.000000 0.000000     2.087668
59364.368214 0.000000 0.000000     2.094098
59364.423032 0.000000 0.000000     2.100528
59364.477851 0.000000 0.000000     2.106958
59364.532669 0.000000 0.000000     2.113388
59364.587488 0.000000 0.000000     2.119818
59364.642306 0.000000 0.000000     2.126247
59364.697124 0.000000 0.000000     2.132676
59364.751943 0.000000 0.000000     2.139105
59364.806761 0.000000 0.000000     2.145534
59364.861580 0.000000 0.000000     2.151962
59364.916398 0.000000 0.000000     2.158391
59364.971217 0.000000 0.000000     2.164819
59365.026035 0.000000 0.000000     2.171247
59365.080853 0.000000 0.000000     2.177675
59365.135672 0.000000 0.000000     2.184102
59365.190490 0.000000 0.000000     2.190530
59365.245309 0.000000 0.000000     2.196957
59365.300127 0.000000 0.000000     2.203384
59365.354946 0.000000 0.000000     2.209811
59365.409764 0.000000 0.000000     2.216238
59365.464582 0.000000 0.000000     2.222664
59365.519401 0.000000 0.000000     2.229090
59365.574219 0.000000 0.000000     2.235517
59365.629038 0.000000 0.000000     2.241943
59365.683856 0.000000 0.000000     2.248368
59365.738675 0.000000 0.000000     2.254794
59365.793493 0.000000 0.000000     2.261219
59365.848311 0.000000 0.000000     2.267644
59365.903130 0.000000 0.000000     2.274069
59365.957948 0.000000 0.000000     2.280494
59366.012767 0.000000 0.000000     2.286919
59366.067585 0.000000 0.000000     2.293343
59366.122404 0.000000 0.000000     2.299767
59366.177222 0.000000 0.000000     2.306191
59366.232040 0.000000 0.000000     2.312615
59366.286859 0.000000 0.000000     2.319039
59366.341677 0.000000 0.000000     2.325462
59366.396496 0.000000 0.000000     2.331886
59366.451314 0.000000 0.000000     2.338309
59366.506133 0.000000 0.000000     2.344732
59366.560951 0.000000 0.000000     2.351155
59366.615769 0.000000 0.000000     2.357577
59366.670588 0.000000 0.000000     2.363999
59366.725406 0.000000 0.000000     2.370422
59366.780225 0.000000 0.000000     2.376844
59366.835043 0.000000 0.000000     2.383265
59366.889862 0.000000 0.000000     2.389687
59366.944680 0.000000 0.000000     2.396108
59366.999498 0.000000 0.000000     2.402530
59367.054317 0.000000 0.000000     2.408951
59367.109135 0.000000 0.000000     2.415371
59367.163954 0.000000 0.000000     2.421792
59367.218772 0.000000 0.000000     2.428213
59367.273591 0.000000 0.000000     2.434633
59367.328409 0.000000 0.000000     2.441053
59367.383227 0.000000 0.000000     2.447473
59367.438046 0.000000 0.000000     2.453893
59367.492864 0.000000 0.000000     2.460312
59367.547683 0.000000 0.000000     2.466731
59367.602501 0.000000 0.000000     2.473151
59367.657320 0.000000 0.000000     2.479570
59367.712138 0.000000 0.000000     2.485988
59367.766956 0.000000 0.000000     2.492407
59367.821775 0.000000 0.000000     2.498825
59367.876593 0.000000 0.000000     2.505243
59367.931412 0.000000 0.000000     2.511661
59367.986230 0.000000 0.000000     2.518079
59368.041049 0.000000 0.000000     2.524497
59368.095867 0.000000 0.000000     2.530914
59368.150685 0.000000 0.000000     2.537332
59368.205504 0.000000 0.000000     2.543749
59368.260322 0.000000 0.000000     2.550166
59368.315141 0.000000 0.000000     2.556582
59368.369959 0.000000 0.000000     2.562999
59368.424778 0.000000 0.000000     2.569415
59368.479596 0.000000 0.000000     2.575831
59368.534414 0.000000 0.000000     2.582247
59368.589233 0.000000 0.000000     2.588663
59368.644051 0.000000 0.000000     2.595079
59368.698870 0.000000 0.000000     2.601494
59368.753688 0.000000 0.000000     2.607909
59368.808507 0.000000 0.000000     2.614324
59368.863325 0.000000 0.000000     2.620739
59368.918143 0.000000 0.000000     2.627154
59368.972962 0.000000 0.000000     2.633568
59369.027780 0.000000 0.000000     2.639982
59369.082599 0.000000 0.000000     2.646396
59369.137417 0.000000 0.000000     2.652810
59369.192236 0.000000 0.000000     2.659224
59369.247054 0.000000 0.000000     2.665637
59369.301872 0.000000 0.000000     2.672051
59369.356691 0.000000 0.000000     2.678464
59369.411509 0.000000 0.000000     2.684877
59369.466328 0.000000 0.000000     2.691289
59369.521146 0.000000 0.000000     2.697702
59369.575965 0.000000 0.000000     2.704114
59369.630783 0.000000 0.000000     2.710526
59369.685601 0.000000 0.000000     2.716938
59369.740420 0.000000 0.000000     2.723350
59369.795238 0.000000 0.000000     2.729762
59369.850057 0.000000 0.000000     2.736173
59369.904875 0.000000 0.000000     2.742584
59369.959694 0.000000 0.000000     2.748996
59370.014512 0.000000 0.000000     2.755406
59370.069330 0.000000 0.000000     2.761817
59370.124149 0.000000 0.000000     2.768227
59370.178967 0.000000 0.000000     2.774638
59370.233786 0.000000 0.000000     2.781048
59370.288604 0.000000 0.000000     2.787458
59370.343423 0.000000 0.000000     2.793868
59370.398241 0.000000 0.000000     2.800277
59370.453059 0.000000 0.000000     2.806686
59370.507878 0.000000 0.000000     2.813096
59370.562696 0.000000 0.000000     2.819505
59370.617515 0.000000 0.000000     2.825913
59370.672333 0.000000 0.000000     2.832322
59370.727151 0.000000 0.000000     2.838730
59370.781970 0.000000 0.000000     2.845138
59370.836788 0.000000 0.000000     2.851547
59370.891607 0.000000 0.000000     2.857954
59370.946425 0.000000 0.000000     2.864362
59371.001244 0.000000 0.000000     2.870769
59371.056062 0.000000 0.000000     2.877177
59371.110880 0.000000 0.000000     2.883584
59371.165699 0.000000 0.000000     2.889991
59371.220517 0.000000 0.000000     2.896397
59371.275336 0.000000 0.000000     2.902804
59371.330154 0.000000 0.000000     2.909210
59371.384973 0.000000 0.000000     2.915616
59371.439791 0.000000 0.000000     2.922022
59371.494609 0.000000 0.000000     2.928428
59371.549428 0.000000 0.000000     2.934834
59371.604246 0.000000 0.000000     2.941239
59371.659065 0.000000 0.000000     2.947644
59371.713883 0.000000 0.000000     2.954049
59371.768702 0.000000 0.000000     2.960454
59371.823520 0.000000 0.000000     2.966859
59371.878338 0.000000 0.000000     2.973263
59371.933157 0.000000 0.000000     2.979667
59371.987975 0.000000 0.000000     2.986071
59372.042794 0.000000 0.000000     2.992475
59372.097612 0.000000 0.000000     2.998879
59372.152431 0.000000 0.000000     3.005283
59372.207249 0.000000 0.000000     3.011686
59372.262067 0.000000 0.000000     3.018089
59372.316886 0.000000 0.000000     3.024492
59372.371704 0.000000 0.000000     3.030895
59372.426523 0.000000 0.000000     3.037297
59372.481341 0.000000 0.000000     3.043700
59372.536160 0.000000 0.000000     3.050102
59372.590978 0.000000 0.000000     3.056504
59372.645796 0.000000 0.000000     3.062906
59372.700615 0.000000 0.000000     3.069307
59372.755433 0.000000 0.000000     3.075709
59372.810252 0.000000 0.000000     3.082110
59372.865070 0.000000 0.000000     3.088511
59372.919889 0.000000 0.000000     3.094912
59372.974707 0.000000 0.000000     3.101312
59373.029525 0.000000 0.000000     3.107713
59373.084344 0.000000 0.000000     3.114113
59373.139162 0.000000 0.000000     3.120513
59373.193981 0.000000 0.000000     3.126913
59373.248799 0.000000 0.000000     3.133313
59373.303618 0.000000 0.000000     3.139712
59373.358436 0.000000 0.000000     3.146112
59373.413254 0.000000 0.000000     3.152511
59373.468073 0.000000 0.000000     3.158910
59373.522891 0.000000 0.000000     3.165309
59373.577710 0.000000 0.000000     3.171707
59373.632528 0.000000 0.000000     3.178106
59373.687347 0.000000 0.000000     3.184504
59373.742165 0.000000 0.000000     3.190902
59373.796983 0.000000 0.000000     3.197300
59373.851802 0.000000 0.000000     3.203698
59373.906620 0.000000 0.000000     3.210095
59373.961439 0.000000 0.000000     3.216492
59374.016257 0.000000 0.000000     3.222889
59374.071076 0.000000 0.000000     3.229286
59374.125894 0.000000 0.000000     3.235683
