# time model 
59318.211098 -7.409672 
59318.265916 -7.483797 
59318.320735 -7.502971 
59318.375553 -7.465870 
59318.430372 -7.373639 
59318.485190 -7.229787 
59318.540009 -7.039827 
59318.594827 -6.810757 
59318.649645 -6.550444 
59318.704464 -6.267033 
59318.759282 -5.968439 
59318.814101 -5.661970 
59318.868919 -5.354090 
59318.923738 -5.050304 
59318.978556 -4.755147 
59319.033374 -4.472236 
59319.088193 -4.204372 
59319.143011 -3.953652 
59319.197830 -3.721592 
59319.252648 -3.509244 
59319.307467 -3.317293 
59319.362285 -3.146154 
59319.417103 -2.996038 
59319.471922 -2.867017 
59319.526740 -2.759073 
59319.581559 -2.672133 
59319.636377 -2.606100 
59319.691196 -2.560872 
59319.746014 -2.536360 
59319.800832 -2.532491 
59319.855651 -2.549218 
59319.910469 -2.586516 
59319.965288 -2.644377 
59320.020106 -2.722800 
59320.074925 -2.821772 
59320.129743 -2.941251 
59320.184561 -3.081130 
59320.239380 -3.241201 
59320.294198 -3.421108 
59320.349017 -3.620285 
59320.403835 -3.837879 
59320.458654 -4.072670 
59320.513472 -4.322968 
59320.568290 -4.586505 
59320.623109 -4.860319 
59320.677927 -5.140652 
59320.732746 -5.422859 
59320.787564 -5.701370 
59320.842383 -5.969715 
59320.897201 -6.220653 
59320.952019 -6.446416 
59321.006838 -6.639098 
59321.061656 -6.791156 
59321.116475 -6.896002 
59321.171293 -6.948595 
59321.226112 -6.945949 
59321.280930 -6.887461 
59321.335748 -6.774996 
59321.390567 -6.612697 
59321.445385 -6.406578 
59321.500204 -6.163960 
59321.555022 -5.892856 
59321.609841 -5.601399 
59321.664659 -5.297365 
59321.719477 -4.987842 
59321.774296 -4.679025 
59321.829114 -4.376141 
59321.883933 -4.083451 
59321.938751 -3.804327 
59321.993569 -3.541351 
59322.048388 -3.296441 
59322.103206 -3.070964 
59322.158025 -2.865853 
59322.212843 -2.681702 
59322.267662 -2.518855 
59322.322480 -2.377470 
59322.377298 -2.257584 
59322.432117 -2.159151 
59322.486935 -2.082078 
59322.541754 -2.026257 
59322.596572 -1.991578 
59322.651391 -1.977942 
59322.706209 -1.985274 
59322.761027 -2.013519 
59322.815846 -2.062645 
59322.870664 -2.132632 
59322.925483 -2.223461 
59322.980301 -2.335099 
59323.035120 -2.467469 
59323.089938 -2.620424 
59323.144756 -2.793699 
59323.199575 -2.986866 
59323.254393 -3.199264 
59323.309212 -3.429923 
59323.364030 -3.677478 
59323.418849 -3.940061 
59323.473667 -4.215193 
59323.528485 -4.499671 
59323.583304 -4.789464 
59323.638122 -5.079639 
59323.692941 -5.364336 
59323.747759 -5.636820 
59323.802578 -5.889643 
59323.857396 -6.114927 
59323.912214 -6.304790 
59323.967033 -6.451882 
59324.021851 -6.549978 
59324.076670 -6.594561 
59324.131488 -6.583289 
59324.186307 -6.516253 
59324.241125 -6.395983 
59324.295943 -6.227193 
59324.350762 -6.016311 
59324.405580 -5.770901 
59324.460399 -5.499041 
59324.515217 -5.208782 
59324.570036 -4.907707 
59324.624854 -4.602638 
59324.679672 -4.299473 
59324.734491 -4.003132 
59324.789309 -3.717591 
59324.844128 -3.445961 
59324.898946 -3.190601 
59324.953765 -2.953236 
59325.008583 -2.735081 
59325.063401 -2.536943 
59325.118220 -2.359319 
59325.173038 -2.202477 
59325.227857 -2.066521 
59325.282675 -1.951443 
59325.337494 -1.857169 
59325.392312 -1.783587 
59325.447130 -1.730575 
59325.501949 -1.698014 
59325.556767 -1.685804 
59325.611586 -1.693866 
59325.666404 -1.722144 
59325.721223 -1.770605 
59325.776041 -1.839224 
59325.830859 -1.927979 
59325.885678 -2.036821 
59325.940496 -2.165656 
59325.995315 -2.314307 
59326.050133 -2.482467 
59326.104952 -2.669648 
59326.159770 -2.875112 
59326.214588 -3.097789 
59326.269407 -3.336183 
59326.324225 -3.588267 
59326.379044 -3.851370 
59326.433862 -4.122070 
59326.488681 -4.396087 
59326.543499 -4.668232 
59326.598317 -4.932394 
59326.653136 -5.181620 
59326.707954 -5.408319 
59326.762773 -5.604576 
59326.817591 -5.762623 
59326.872410 -5.875386 
59326.927228 -5.937100 
59326.982046 -5.943857 
59327.036865 -5.894021 
59327.091683 -5.788425 
59327.146502 -5.630290 
59327.201320 -5.424903 
59327.256139 -5.179111 
59327.310957 -4.900712 
59327.365775 -4.597855 
59327.420594 -4.278521 
59327.475412 -3.950125 
59327.530231 -3.619260 
59327.585049 -3.291572 
59327.639868 -2.971731 
59327.694686 -2.663483 
59327.749504 -2.369740 
59327.804323 -2.092697 
59327.859141 -1.833952 
59327.913960 -1.594622 
59327.968778 -1.375450 
59328.023597 -1.176893 
59328.078415 -0.999197 
59328.133233 -0.842464 
59328.188052 -0.706697 
59328.242870 -0.591844 
59328.297689 -0.497821 
59328.352507 -0.424541 
59328.407326 -0.371924 
59328.462144 -0.339911 
59328.516962 -0.328465 
59328.571781 -0.337572 
59328.626599 -0.367237 
59328.681418 -0.417473 
59328.736236 -0.488285 
59328.791054 -0.579650 
59328.845873 -0.691486 
59328.900691 -0.823617 
59328.955510 -0.975724 
59329.010328 -1.147287 
59329.065147 -1.337510 
59329.119965 -1.545244 
59329.174783 -1.768880 
59329.229602 -2.006248 
59329.284420 -2.254498 
59329.339239 -2.509998 
59329.394057 -2.768239 
59329.448876 -3.023787 
59329.503694 -3.270302 
59329.558512 -3.500646 
59329.613331 -3.707117 
59329.668149 -3.881817 
59329.722968 -4.017138 
59329.777786 -4.106347 
59329.832605 -4.144182 
59329.887423 -4.127379 
59329.942241 -4.055028 
59329.997060 -3.928689 
59330.051878 -3.752239 
59330.106697 -3.531492 
59330.161515 -3.273646 
59330.216334 -2.986672 
59330.271152 -2.678732 
59330.325970 -2.357684 
59330.380789 -2.030735 
59330.435607 -1.704219 
59330.490426 -1.383503 
59330.545244 -1.072987 
59330.600063 -0.776166 
59330.654881 -0.495735 
59330.709699 -0.233701 
59330.764518 0.008487 
59330.819336 0.229835 
59330.874155 0.429695 
59330.928973 0.607686 
59330.983792 0.763613 
59331.038610 0.897418 
59331.093428 1.009127 
59331.148247 1.098816 
59331.203065 1.166582 
59331.257884 1.212527 
59331.312702 1.236740 
59331.367521 1.239290 
59331.422339 1.220227 
59331.477157 1.179575 
59331.531976 1.117349 
59331.586794 1.033556 
59331.641613 0.928220 
59331.696431 0.801401 
59331.751250 0.653230 
59331.806068 0.483945 
59331.860886 0.293945 
59331.915705 0.083850 
59331.970523 -0.145422 
59332.025342 -0.392568 
59332.080160 -0.655797 
59332.134979 -0.932721 
59332.189797 -1.220242 
59332.244615 -1.514446 
59332.299434 -1.810524 
59332.354252 -2.102739 
59332.409071 -2.384466 
59332.463889 -2.648338 
59332.518708 -2.886515 
59332.573526 -3.091087 
59332.628344 -3.254599 
59332.683163 -3.370644 
59332.737981 -3.434451 
59332.792800 -3.443371 
59332.847618 -3.397165 
59332.902437 -3.298052 
59332.957255 -3.150476 
59333.012073 -2.960672 
59333.066892 -2.736082 
59333.121710 -2.484749 
59333.176529 -2.214748 
59333.231347 -1.933738 
59333.286166 -1.648647 
59333.340984 -1.365491 
59333.395802 -1.089314 
59333.450621 -0.824203 
59333.505439 -0.573366 
59333.560258 -0.339248 
59333.615076 -0.123640 
59333.669895 0.072192 
59333.724713 0.247404 
59333.779531 0.401474 
59333.834350 0.534120 
59333.889168 0.645231 
59333.943987 0.734815 
59333.998805 0.802953 
59334.053624 0.849767 
59334.108442 0.875393 
59334.163260 0.879964 
59334.218079 0.863601 
59334.272897 0.826398 
59334.327716 0.768432 
59334.382534 0.689754 
59334.437353 0.590405 
59334.492171 0.470426 
59334.546989 0.329877 
59334.601808 0.168863 
59334.656626 -0.012433 
59334.711445 -0.213706 
59334.766263 -0.434477 
59334.821082 -0.674024 
59334.875900 -0.931306 
59334.930718 -1.204869 
59334.985537 -1.492740 
59335.040355 -1.792321 
59335.095174 -2.100269 
59335.149992 -2.412404 
59335.204811 -2.723633 
59335.259629 -3.027942 
59335.314447 -3.318459 
59335.369266 -3.587637 
59335.424084 -3.827559 
59335.478903 -4.030382 
59335.533721 -4.188885 
59335.588540 -4.297073 
59335.643358 -4.350743 
59335.698176 -4.347922 
59335.752995 -4.289092 
59335.807813 -4.177150 
59335.862632 -4.017114 
59335.917450 -3.815635 
59335.972268 -3.580398 
59336.027087 -3.319513 
59336.081905 -3.040984 
59336.136724 -2.752295 
59336.191542 -2.460133 
59336.246361 -2.170246 
59336.301179 -1.887407 
59336.355997 -1.615457 
59336.410816 -1.357384 
59336.465634 -1.115449 
59336.520453 -0.891297 
59336.575271 -0.686080 
59336.630090 -0.500561 
59336.684908 -0.335206 
59336.739726 -0.190263 
59336.794545 -0.065828 
59336.849363 0.038108 
59336.904182 0.121614 
59336.959000 0.184791 
59337.013819 0.227749 
59337.068637 0.250590 
59337.123455 0.253397 
59337.178274 0.236228 
59337.233092 0.199121 
59337.287911 0.142092 
59337.342729 0.065147 
59337.397548 -0.031704 
59337.452366 -0.148424 
59337.507184 -0.284926 
59337.562003 -0.441031 
59337.616821 -0.616425 
59337.671640 -0.810603 
59337.726458 -1.022797 
59337.781277 -1.251893 
59337.836095 -1.496335 
59337.890913 -1.754021 
59337.945732 -2.022184 
59338.000550 -2.297289 
59338.055369 -2.574933 
59338.110187 -2.849796 
59338.165006 -3.115642 
59338.219824 -3.365420 
59338.274642 -3.591474 
59338.329461 -3.785899 
59338.384279 -3.941011 
59338.439098 -4.049920 
59338.493916 -4.107134 
59338.548735 -4.109097 
59338.603553 -4.054573 
59338.658371 -3.944797 
59338.713190 -3.783359 
59338.768008 -3.575843 
59338.822827 -3.329301 
59338.877645 -3.051637 
59338.932464 -2.751017 
59338.987282 -2.435365 
59339.042100 -2.111991 
59339.096919 -1.787355 
59339.151737 -1.466954 
59339.206556 -1.155320 
59339.261374 -0.856064 
59339.316193 -0.571986 
59339.371011 -0.305185 
59339.425829 -0.057182 
59339.480648 0.170967 
59339.535466 0.378565 
59339.590285 0.565189 
59339.645103 0.730616 
59339.699922 0.874760 
59339.754740 0.997626 
59339.809558 1.099274 
59339.864377 1.179788 
59339.919195 1.239255 
59339.974014 1.277751 
59340.028832 1.295337 
59340.083651 1.292046 
59340.138469 1.267892 
59340.193287 1.222872 
59340.248106 1.156977 
59340.302924 1.070211 
59340.357743 0.962609 
59340.412561 0.834272 
59340.467380 0.685401 
59340.522198 0.516353 
59340.577016 0.327694 
59340.631835 0.120277 
59340.686653 -0.104670 
59340.741472 -0.345448 
59340.796290 -0.599776 
59340.851109 -0.864676 
59340.905927 -1.136370 
59340.960745 -1.410191 
59341.015564 -1.680545 
59341.070382 -1.940943 
59341.125201 -2.184125 
59341.180019 -2.402316 
59341.234838 -2.587611 
59341.289656 -2.732486 
59341.344474 -2.830385 
59341.399293 -2.876315 
59341.454111 -2.867349 
59341.508930 -2.802951 
59341.563748 -2.685045 
59341.618567 -2.517830 
59341.673385 -2.307360 
59341.728203 -2.060977 
59341.783022 -1.786702 
59341.837840 -1.492660 
59341.892659 -1.186607 
59341.947477 -0.875604 
59342.002296 -0.565817 
59342.057114 -0.262439 
59342.111932 0.030298 
59342.166751 0.309052 
59342.221569 0.571264 
59342.276388 0.815041 
59342.331206 1.039033 
59342.386025 1.242326 
59342.440843 1.424339 
59342.495661 1.584741 
59342.550480 1.723384 
59342.605298 1.840240 
59342.660117 1.935366 
59342.714935 2.008859 
59342.769753 2.060836 
59342.824572 2.091415 
59342.879390 2.100697 
59342.934209 2.088767 
59342.989027 2.055684 
59343.043846 2.001487 
59343.098664 1.926203 
59343.153482 1.829855 
59343.208301 1.712485 
59343.263119 1.574176 
59343.317938 1.415085 
59343.372756 1.235485 
59343.427575 1.035816 
59343.482393 0.816752 
59343.537211 0.579277 
59343.592030 0.324772 
59343.646848 0.055126 
59343.701667 -0.227160 
59343.756485 -0.518858 
59343.811304 -0.815909 
59343.866122 -1.113351 
59343.920940 -1.405297 
59343.975759 -1.684987 
59344.030577 -1.944952 
59344.085396 -2.177308 
59344.140214 -2.374177 
59344.195033 -2.528228 
59344.249851 -2.633274 
59344.304669 -2.684850 
59344.359488 -2.680677 
59344.414306 -2.620910 
59344.469125 -2.508143 
59344.523943 -2.347141 
59344.578762 -2.144375 
59344.633580 -1.907427 
59344.688398 -1.644384 
59344.743217 -1.363290 
59344.798035 -1.071713 
59344.852854 -0.776452 
59344.907672 -0.483381 
59344.962491 -0.197398 
59345.017309 0.077545 
59345.072127 0.338356 
59345.126946 0.582692 
59345.181764 0.808838 
59345.236583 1.015589 
59345.291401 1.202144 
59345.346220 1.368009 
59345.401038 1.512916 
59345.455856 1.636763 
59345.510675 1.739552 
59345.565493 1.821357 
59345.620312 1.882284 
59345.675130 1.922450 
59345.729949 1.941969 
59345.784767 1.940936 
59345.839585 1.919423 
59345.894404 1.877478 
59345.949222 1.815132 
59346.004041 1.732400 
59346.058859 1.629303 
59346.113678 1.505881 
59346.168496 1.362227 
59346.223314 1.198515 
59346.278133 1.015049 
59346.332951 0.812318 
59346.387770 0.591062 
59346.442588 0.352357 
59346.497407 0.097705 
59346.552225 -0.170856 
59346.607043 -0.450641 
59346.661862 -0.738211 
59346.716680 -1.029267 
59346.771499 -1.318600 
59346.826317 -1.600077 
59346.881136 -1.866733 
59346.935954 -2.110963 
59346.990772 -2.324856 
59347.045591 -2.500656 
59347.100409 -2.631321 
59347.155228 -2.711132 
59347.210046 -2.736239 
59347.264865 -2.705075 
59347.319683 -2.618539 
59347.374501 -2.479915 
59347.429320 -2.294542 
59347.484138 -2.069299 
59347.538957 -1.812002 
59347.593775 -1.530803 
59347.648594 -1.233669 
59347.703412 -0.927996 
59347.758230 -0.620351 
59347.813049 -0.316351 
59347.867867 -0.020639 
59347.922686 0.263067 
59347.977504 0.531880 
59348.032323 0.783627 
59348.087141 1.016728 
59348.141959 1.230083 
59348.196778 1.422963 
59348.251596 1.594925 
59348.306415 1.745734 
59348.361233 1.875298 
59348.416052 1.983624 
59348.470870 2.070775 
59348.525688 2.136843 
59348.580507 2.181925 
59348.635325 2.206111 
59348.690144 2.209470 
59348.744962 2.192050 
59348.799781 2.153875 
59348.854599 2.094953 
59348.909417 2.015285 
59348.964236 1.914879 
59349.019054 1.793773 
59349.073873 1.652065 
59349.128691 1.489950 
59349.183510 1.307767 
59349.238328 1.106060 
59349.293146 0.885647 
59349.347965 0.647709 
59349.402783 0.393883 
59349.457602 0.126376 
59349.512420 -0.151926 
59349.567239 -0.437347 
59349.622057 -0.725336 
59349.676875 -1.010412 
59349.731694 -1.286193 
59349.786512 -1.545502 
59349.841331 -1.780606 
59349.896149 -1.983584 
59349.950967 -2.146824 
59350.005786 -2.263602 
59350.060604 -2.328682 
59350.115423 -2.338838 
59350.170241 -2.293202 
59350.225060 -2.193378 
59350.279878 -2.043278 
59350.334696 -1.848737 
59350.389515 -1.616960 
59350.444333 -1.355906 
59350.499152 -1.073710 
59350.553970 -0.778196 
59350.608789 -0.476525 
59350.663607 -0.174981 
59350.718425 0.121118 
59350.773244 0.407422 
59350.828062 0.680481 
59350.882881 0.937645 
59350.937699 1.176945 
59350.992518 1.396970 
59351.047336 1.596759 
59351.102154 1.775696 
59351.156973 1.933425 
59351.211791 2.069782 
59351.266610 2.184731 
59351.321428 2.278321 
59351.376247 2.350651 
59351.431065 2.401839 
59351.485883 2.432006 
59351.540702 2.441262 
59351.595520 2.429695 
59351.650339 2.397371 
59351.705157 2.344334 
59351.759976 2.270615 
59351.814794 2.176240 
59351.869612 2.061248 
59351.924431 1.925720 
59351.979249 1.769801 
59352.034068 1.593750 
59352.088886 1.397982 
59352.143705 1.183140 
59352.198523 0.950161 
59352.253341 0.700374 
59352.308160 0.435594 
59352.362978 0.158236 
59352.417797 -0.128570 
59352.472615 -0.420880 
59352.527434 -0.713853 
59352.582252 -1.001719 
59352.637070 -1.277827 
59352.691889 -1.534788 
59352.746707 -1.764750 
59352.801526 -1.959805 
59352.856344 -2.112518 
59352.911163 -2.216516 
59352.965981 -2.267081 
59353.020799 -2.261625 
59353.075618 -2.199982 
59353.130436 -2.084436 
59353.185255 -1.919491 
59353.240073 -1.711426 
59353.294892 -1.467717 
59353.349710 -1.196419 
59353.404528 -0.905611 
59353.459347 -0.602946 
59353.514165 -0.295339 
59353.568984 0.011206 
59353.623802 0.311662 
59353.678621 0.601952 
59353.733439 0.878873 
59353.788257 1.139986 
59353.843076 1.383496 
59353.897894 1.608135 
59353.952713 1.813048 
59354.007531 1.997700 
59354.062350 2.161794 
59354.117168 2.305201 
59354.171986 2.427909 
59354.226805 2.529976 
59354.281623 2.611499 
59354.336442 2.672590 
59354.391260 2.713355 
59354.446079 2.733885 
59354.500897 2.734248 
59354.555715 2.714487 
59354.610534 2.674626 
59354.665352 2.614675 
59354.720171 2.534642 
59354.774989 2.434556 
59354.829808 2.314490 
59354.884626 2.174597 
59354.939444 2.015151 
59354.994263 1.836602 
59355.049081 1.639644 
59355.103900 1.425291 
59355.158718 1.194973 
59355.213537 0.950641 
59355.268355 0.694876 
59355.323173 0.431001 
59355.377992 0.163185 
59355.432810 -0.103496 
59355.487629 -0.363041 
59355.542447 -0.608598 
59355.597266 -0.832642 
59355.652084 -1.027294 
59355.706902 -1.184759 
59355.761721 -1.297882 
59355.816539 -1.360750 
59355.871358 -1.369253 
59355.926176 -1.321524 
59355.980995 -1.218153 
59356.035813 -1.062136 
59356.090631 -0.858586 
59356.145450 -0.614228 
59356.200268 -0.336806 
59356.255087 -0.034473 
59356.309905 0.284735 
59356.364724 0.613318 
59356.419542 0.944571 
59356.474360 1.272734 
59356.529179 1.593023 
59356.583997 1.901585 
59356.638816 2.195414 
59356.693634 2.472234 
59356.748452 2.730377 
59356.803271 2.968669 
59356.858089 3.186321 
59356.912908 3.382841 
59356.967726 3.557952 
59357.022545 3.711530 
59357.077363 3.843554 
59357.132181 3.954065 
59357.187000 4.043134 
59357.241818 4.110843 
59357.296637 4.157264 
59357.351455 4.182454 
59357.406274 4.186445 
59357.461092 4.169248 
59357.515910 4.130856 
59357.570729 4.071250 
59357.625547 3.990421 
59357.680366 3.888385 
59357.735184 3.765213 
59357.790003 3.621067 
59357.844821 3.456248 
59357.899639 3.271253 
59357.954458 3.066842 
59358.009276 2.844126 
59358.064095 2.604662 
59358.118913 2.350559 
59358.173732 2.084590 
59358.228550 1.810307 
59358.283368 1.532128 
59358.338187 1.255393 
59358.393005 0.986357 
59358.447824 0.732087 
59358.502642 0.500248 
59358.557461 0.298746 
59358.612279 0.135253 
59358.667097 0.016628 
59358.721916 -0.051677 
59358.776734 -0.066161 
59358.831553 -0.025648 
59358.886371 0.068567 
59358.941190 0.212844 
59358.996008 0.401561 
59359.050826 0.627645 
59359.105645 0.883190 
59359.160463 1.160044 
59359.215282 1.450308 
59359.270100 1.746709 
59359.324919 2.042830 
59359.379737 2.333215 
59359.434555 2.613380 
59359.489374 2.879754 
59359.544192 3.129581 
59359.599011 3.360802 
59359.653829 3.571931 
59359.708648 3.761948 
59359.763466 3.930189 
59359.818284 4.076266 
59359.873103 4.199985 
59359.927921 4.301292 
59359.982740 4.380223 
59360.037558 4.436869 
59360.092377 4.471342 
59360.147195 4.483763 
59360.202013 4.474240 
59360.256832 4.442864 
59360.311650 4.389701 
59360.366469 4.314800 
59360.421287 4.218190 
59360.476106 4.099900 
59360.530924 3.959967 
59360.585742 3.798465 
59360.640561 3.615532 
59360.695379 3.411413 
59360.750198 3.186503 
59360.805016 2.941413 
59360.859835 2.677045 
59360.914653 2.394674 
59360.969471 2.096051 
59361.024290 1.783515 
59361.079108 1.460101 
59361.133927 1.129649 
59361.188745 0.796888 
59361.243564 0.467476 
59361.298382 0.147965 
59361.353200 -0.154331 
59361.408019 -0.431588 
59361.462837 -0.675868 
59361.517656 -0.879625 
59361.572474 -1.036302 
59361.627293 -1.140918 
59361.682111 -1.190569 
59361.736929 -1.184750 
59361.791748 -1.125414 
59361.846566 -1.016779 
59361.901385 -0.864907 
59361.956203 -0.677133 
59362.011022 -0.461452 
59362.065840 -0.225950 
59362.120658 0.021663 
59362.175477 0.274381 
59362.230295 0.526096 
59362.285114 0.771672 
59362.339932 1.006934 
59362.394751 1.228590 
59362.449569 1.434131 
59362.504387 1.621709 
59362.559206 1.790013 
59362.614024 1.938166 
59362.668843 2.065621 
59362.723661 2.172077 
59362.778480 2.257414 
59362.833298 2.321631 
59362.888116 2.364806 
59362.942935 2.387060 
59362.997753 2.388530 
59363.052572 2.369352 
59363.107390 2.329647 
59363.162209 2.269514 
59363.217027 2.189029 
59363.271845 2.088247 
59363.326664 1.967206 
59363.381482 1.825945 
59363.436301 1.664519 
59363.491119 1.483023 
59363.545938 1.281626 
59363.600756 1.060615 
59363.655574 0.820443 
59363.710393 0.561799 
59363.765211 0.285682 
59363.820030 -0.006508 
59363.874848 -0.312865 
59363.929666 -0.630865 
59363.984485 -0.957257 
59364.039303 -1.287958 
59364.094122 -1.617980 
59364.148940 -1.941412 
59364.203759 -2.251474 
59364.258577 -2.540684 
59364.313395 -2.801155 
59364.368214 -3.025021 
59364.423032 -3.204978 
59364.477851 -3.334885 
59364.532669 -3.410337 
59364.587488 -3.429125 
59364.642306 -3.391481 
59364.697124 -3.300071 
59364.751943 -3.159722 
59364.806761 -2.976952 
59364.861580 -2.759379 
59364.916398 -2.515106 
59364.971217 -2.252181 
59365.026035 -1.978168 
59365.080853 -1.699857 
59365.135672 -1.423111 
59365.190490 -1.152815 
59365.245309 -0.892912 
59365.300127 -0.646490 
59365.354946 -0.415888 
59365.409764 -0.202824 
59365.464582 -0.008506 
59365.519401 0.166256 
59365.574219 0.320956 
59365.629038 0.455315 
59365.683856 0.569215 
59365.738675 0.662642 
59365.793493 0.735652 
59365.848311 0.788333 
59365.903130 0.820783 
59365.957948 0.833095 
59366.012767 0.825345 
59366.067585 0.797584 
59366.122404 0.749842 
59366.177222 0.682126 
59366.232040 0.594434 
59366.286859 0.486767 
59366.341677 0.359147 
59366.396496 0.211648 
59366.451314 0.044428 
59366.506133 -0.142224 
59366.560951 -0.347833 
59366.615769 -0.571669 
59366.670588 -0.812666 
59366.725406 -1.069325 
59366.780225 -1.339612 
59366.835043 -1.620842 
59366.889862 -1.909569 
59366.944680 -2.201491 
59366.999498 -2.491388 
59367.054317 -2.773121 
59367.109135 -3.039720 
59367.163954 -3.283585 
59367.218772 -3.496816 
59367.273591 -3.671685 
59367.328409 -3.801193 
59367.383227 -3.879677 
59367.438046 -3.903359 
59367.492864 -3.870751 
59367.547683 -3.782831 
59367.602501 -3.642957 
59367.657320 -3.456527 
59367.712138 -3.230468 
59367.766956 -2.972621 
59367.821775 -2.691151 
59367.876593 -2.394025 
59367.931412 -2.088627 
59367.986230 -1.781511 
59368.041049 -1.478275 
59368.095867 -1.183544 
59368.150685 -0.901019 
59368.205504 -0.633575 
59368.260322 -0.383374 
59368.315141 -0.151986 
59368.369959 0.059492 
59368.424778 0.250338 
59368.479596 0.420110 
59368.534414 0.568572 
59368.589233 0.695633 
59368.644051 0.801299 
59368.698870 0.885631 
59368.753688 0.948718 
59368.808507 0.990658 
59368.863325 1.011536 
59368.918143 1.011422 
59368.972962 0.990362 
59369.027780 0.948379 
59369.082599 0.885481 
59369.137417 0.801670 
59369.192236 0.696954 
59369.247054 0.571376 
59369.301872 0.425035 
59369.356691 0.258134 
59369.411509 0.071017 
59369.466328 -0.135763 
59369.521146 -0.361376 
59369.575965 -0.604628 
59369.630783 -0.863863 
59369.685601 -1.136855 
59369.740420 -1.420695 
59369.795238 -1.711680 
59369.850057 -2.005229 
59369.904875 -2.295835 
59369.959694 -2.577086 
59370.014512 -2.841783 
59370.069330 -3.082177 
59370.124149 -3.290345 
59370.178967 -3.458686 
59370.233786 -3.580503 
59370.288604 -3.650606 
59370.343423 -3.665821 
59370.398241 -3.625344 
59370.453059 -3.530837 
59370.507878 -3.386268 
59370.562696 -3.197512 
59370.617515 -2.971797 
59370.672333 -2.717091 
59370.727151 -2.441521 
59370.781970 -2.152893 
59370.836788 -1.858343 
59370.891607 -1.564126 
59370.946425 -1.275531 
59371.001244 -0.996879 
59371.056062 -0.731592 
59371.110880 -0.482299 
59371.165699 -0.250950 
59371.220517 -0.038937 
59371.275336 0.152789 
59371.330154 0.323624 
59371.384973 0.473219 
59371.439791 0.601415 
59371.494609 0.708181 
59371.549428 0.793568 
59371.604246 0.857678 
59371.659065 0.900629 
59371.713883 0.922542 
59371.768702 0.923526 
59371.823520 0.903668 
59371.878338 0.863034 
59371.933157 0.801665 
59371.987975 0.719591 
59372.042794 0.616835 
59372.097612 0.493438 
59372.152431 0.349477 
59372.207249 0.185098 
59372.262067 0.000561 
59372.316886 -0.203717 
59372.371704 -0.427091 
59372.426523 -0.668615 
59372.481341 -0.926956 
59372.536160 -1.200287 
59372.590978 -1.486179 
59372.645796 -1.781487 
59372.700615 -2.082249 
59372.755433 -2.383603 
59372.810252 -2.679762 
59372.865070 -2.964057 
59372.919889 -3.229087 
59372.974707 -3.467001 
59373.029525 -3.669902 
59373.084344 -3.830380 
59373.139162 -3.942110 
59373.193981 -4.000428 
59373.248799 -4.002819 
59373.303618 -3.949188 
59373.358436 -3.841891 
59373.413254 -3.685495 
59373.468073 -3.486325 
59373.522891 -3.251887 
59373.577710 -2.990252 
59373.632528 -2.709501 
59373.687347 -2.417276 
59373.742165 -2.120478 
59373.796983 -1.825091 
59373.851802 -1.536124 
59373.906620 -1.257637 
59373.961439 -0.992817 
59374.016257 -0.744090 
59374.071076 -0.513243 
59374.125894 4.017863 
