# time Tc_folded Tref_folded value value_err offset model full_model val_compare val_compare_err residuals residuals_err jitter jitter_flag offset_flag subset_flag 
59333.170022 0.000000 0.000000 -1.767000 0.950000 -4.587117 4.360775 -0.226342 2.820117 0.950000 -1.540658 0.950000 2.018201  -1  -1  -1 
59333.173022 0.000000 0.000000 0.300000 0.950000 -4.587117 4.362169 -0.224948 4.887117 0.950000 0.524948 0.950000 2.018201  -1  -1  -1 
59333.174022 0.000000 0.000000 1.633000 0.950000 -4.587117 4.362634 -0.224483 6.220117 0.950000 1.857483 0.950000 2.018201  -1  -1  -1 
59334.195022 0.000000 0.000000 -1.367000 0.950000 -4.587117 4.786673 0.199556 3.220117 0.950000 -1.566556 0.950000 2.018201  -1  -1  -1 
59334.199022 0.000000 0.000000 2.683000 0.950000 -4.587117 4.788110 0.200993 7.270117 0.950000 2.482007 0.950000 2.018201  -1  -1  -1 
59334.200022 0.000000 0.000000 3.333000 0.950000 -4.587117 4.788469 0.201352 7.920117 0.950000 3.131648 0.950000 2.018201  -1  -1  -1 
59335.191022 0.000000 0.000000 1.967000 0.950000 -4.587117 5.081101 0.493984 6.554117 0.950000 1.473016 0.950000 2.018201  -1  -1  -1 
59335.193022 0.000000 0.000000 -0.067000 0.950000 -4.587117 5.081558 0.494441 4.520117 0.950000 -0.561441 0.950000 2.018201  -1  -1  -1 
59335.194022 0.000000 0.000000 1.967000 0.950000 -4.587117 5.081786 0.494669 6.554117 0.950000 1.472331 0.950000 2.018201  -1  -1  -1 
59336.256022 0.000000 0.000000 1.417000 0.950000 -4.587117 5.244265 0.657148 6.004117 0.950000 0.759852 0.950000 2.018201  -1  -1  -1 
59336.258022 0.000000 0.000000 2.867000 0.950000 -4.587117 5.244421 0.657304 7.454117 0.950000 2.209696 0.950000 2.018201  -1  -1  -1 
59336.260022 0.000000 0.000000 1.250000 0.950000 -4.587117 5.244577 0.657460 5.837117 0.950000 0.592540 0.950000 2.018201  -1  -1  -1 
59337.143022 0.000000 0.000000 -1.100000 0.950000 -4.587117 5.261230 0.674113 3.487117 0.950000 -1.774113 0.950000 2.018201  -1  -1  -1 
59337.145022 0.000000 0.000000 -0.167000 0.950000 -4.587117 5.261155 0.674038 4.420117 0.950000 -0.841038 0.950000 2.018201  -1  -1  -1 
59337.146022 0.000000 0.000000 -1.300000 0.950000 -4.587117 5.261117 0.674001 3.287117 0.950000 -1.974001 0.950000 2.018201  -1  -1  -1 
59338.236022 0.000000 0.000000 3.183000 0.950000 -4.587117 5.155376 0.568259 7.770117 0.950000 2.614741 0.950000 2.018201  -1  -1  -1 
59338.238022 0.000000 0.000000 0.483000 0.950000 -4.587117 5.155077 0.567960 5.070117 0.950000 -0.084960 0.950000 2.018201  -1  -1  -1 
59338.240022 0.000000 0.000000 2.833000 0.950000 -4.587117 5.154778 0.567661 7.420117 0.950000 2.265339 0.950000 2.018201  -1  -1  -1 
59339.159022 0.000000 0.000000 1.533000 0.950000 -4.587117 4.988242 0.401126 6.120117 0.950000 1.131874 0.950000 2.018201  -1  -1  -1 
59339.160022 0.000000 0.000000 1.117000 0.950000 -4.587117 4.988036 0.400919 5.704117 0.950000 0.716081 0.950000 2.018201  -1  -1  -1 
59339.161022 0.000000 0.000000 -0.867000 0.950000 -4.587117 4.987829 0.400712 3.720117 0.950000 -1.267712 0.950000 2.018201  -1  -1  -1 
59340.160022 0.000000 0.000000 1.550000 0.950000 -4.587117 4.768299 0.181182 6.137117 0.950000 1.368818 0.950000 2.018201  -1  -1  -1 
59340.162022 0.000000 0.000000 0.250000 0.950000 -4.587117 4.767848 0.180731 4.837117 0.950000 0.069269 0.950000 2.018201  -1  -1  -1 
59340.165022 0.000000 0.000000 1.717000 0.950000 -4.587117 4.767172 0.180056 6.304117 0.950000 1.536944 0.950000 2.018201  -1  -1  -1 
59341.153022 0.000000 0.000000 -0.683000 0.950000 -4.587117 4.553201 -0.033916 3.904117 0.950000 -0.649084 0.950000 2.018201  -1  -1  -1 
59341.154022 0.000000 0.000000 -1.883000 0.950000 -4.587117 4.552999 -0.034118 2.704117 0.950000 -1.848882 0.950000 2.018201  -1  -1  -1 
59341.155022 0.000000 0.000000 -1.917000 0.950000 -4.587117 4.552798 -0.034319 2.670117 0.950000 -1.882681 0.950000 2.018201  -1  -1  -1 
59343.263022 0.000000 0.000000 -0.400000 0.950000 -4.587117 4.265160 -0.321957 4.187117 0.950000 -0.078043 0.950000 2.018201  -1  -1  -1 
59343.268022 0.000000 0.000000 -0.333000 0.950000 -4.587117 4.264873 -0.322244 4.254117 0.950000 -0.010756 0.950000 2.018201  -1  -1  -1 
59343.271022 0.000000 0.000000 0.250000 0.950000 -4.587117 4.264702 -0.322415 4.837117 0.950000 0.572415 0.950000 2.018201  -1  -1  -1 
59344.197022 0.000000 0.000000 -1.450000 0.950000 -4.587117 4.246789 -0.340328 3.137117 0.950000 -1.109672 0.950000 2.018201  -1  -1  -1 
59344.199022 0.000000 0.000000 -3.533000 0.950000 -4.587117 4.246824 -0.340293 1.054117 0.950000 -3.192707 0.950000 2.018201  -1  -1  -1 
59344.200022 0.000000 0.000000 -1.150000 0.950000 -4.587117 4.246842 -0.340275 3.437117 0.950000 -0.809725 0.950000 2.018201  -1  -1  -1 
59345.303022 0.000000 0.000000 -2.283000 0.950000 -4.587117 4.308580 -0.278537 2.304117 0.950000 -2.004463 0.950000 2.018201  -1  -1  -1 
59345.305022 0.000000 0.000000 0.050000 0.950000 -4.587117 4.308760 -0.278357 4.637117 0.950000 0.328357 0.950000 2.018201  -1  -1  -1 
59345.309022 0.000000 0.000000 2.267000 0.950000 -4.587117 4.309121 -0.277996 6.854117 0.950000 2.544996 0.950000 2.018201  -1  -1  -1 
59346.243022 0.000000 0.000000 2.917000 0.950000 -4.587117 4.412346 -0.174771 7.504117 0.950000 3.091771 0.950000 2.018201  -1  -1  -1 
59346.244022 0.000000 0.000000 0.617000 0.950000 -4.587117 4.412472 -0.174645 5.204117 0.950000 0.791645 0.950000 2.018201  -1  -1  -1 
59346.247022 0.000000 0.000000 -0.850000 0.950000 -4.587117 4.412850 -0.174267 3.737117 0.950000 -0.675733 0.950000 2.018201  -1  -1  -1 
59347.181022 0.000000 0.000000 5.233000 0.950000 -4.587117 4.535623 -0.051494 9.820117 0.950000 5.284494 0.950000 2.018201  -1  -1  -1 
59347.182022 0.000000 0.000000 2.717000 0.950000 -4.587117 4.535754 -0.051363 7.304117 0.950000 2.768363 0.950000 2.018201  -1  -1  -1 
59347.183022 0.000000 0.000000 3.017000 0.950000 -4.587117 4.535886 -0.051231 7.604117 0.950000 3.068231 0.950000 2.018201  -1  -1  -1 
59348.175022 0.000000 0.000000 -3.317000 0.950000 -4.587117 4.654800 0.067684 1.270117 0.950000 -3.384684 0.950000 2.018201  -1  -1  -1 
59348.176022 0.000000 0.000000 -2.033000 0.950000 -4.587117 4.654903 0.067786 2.554117 0.950000 -2.100786 0.950000 2.018201  -1  -1  -1 
59348.177022 0.000000 0.000000 -2.817000 0.950000 -4.587117 4.655005 0.067888 1.770117 0.950000 -2.884888 0.950000 2.018201  -1  -1  -1 
59349.164022 0.000000 0.000000 -1.933000 0.950000 -4.587117 4.728683 0.141566 2.654117 0.950000 -2.074566 0.950000 2.018201  -1  -1  -1 
59349.166022 0.000000 0.000000 -0.200000 0.950000 -4.587117 4.728767 0.141650 4.387117 0.950000 -0.341650 0.950000 2.018201  -1  -1  -1 
59349.167022 0.000000 0.000000 -0.983000 0.950000 -4.587117 4.728809 0.141692 3.604117 0.950000 -1.124692 0.950000 2.018201  -1  -1  -1 
59350.332022 0.000000 0.000000 4.033000 0.950000 -4.587117 4.722691 0.135574 8.620117 0.950000 3.897426 0.950000 2.018201  -1  -1  -1 
59350.334022 0.000000 0.000000 2.417000 0.950000 -4.587117 4.722579 0.135462 7.004117 0.950000 2.281538 0.950000 2.018201  -1  -1  -1 
59350.335022 0.000000 0.000000 0.000000 0.950000 -4.587117 4.722523 0.135406 4.587117 0.950000 -0.135406 0.950000 2.018201  -1  -1  -1 
59351.292022 0.000000 0.000000 1.333000 0.950000 -4.587117 4.626670 0.039554 5.920117 0.950000 1.293446 0.950000 2.018201  -1  -1  -1 
59351.293022 0.000000 0.000000 2.067000 0.950000 -4.587117 4.626526 0.039410 6.654117 0.950000 2.027590 0.950000 2.018201  -1  -1  -1 
59351.294022 0.000000 0.000000 0.517000 0.950000 -4.587117 4.626383 0.039266 5.104117 0.950000 0.477734 0.950000 2.018201  -1  -1  -1 
59352.321022 0.000000 0.000000 -2.100000 0.950000 -4.587117 4.433745 -0.153372 2.487117 0.950000 -1.946628 0.950000 2.018201  -1  -1  -1 
59352.323022 0.000000 0.000000 0.683000 0.950000 -4.587117 4.433289 -0.153828 5.270117 0.950000 0.836828 0.950000 2.018201  -1  -1  -1 
59352.325022 0.000000 0.000000 -0.450000 0.950000 -4.587117 4.432832 -0.154285 4.137117 0.950000 -0.295715 0.950000 2.018201  -1  -1  -1 
59353.239022 0.000000 0.000000 -0.950000 0.950000 -4.587117 4.198116 -0.389001 3.637117 0.950000 -0.560999 0.950000 2.018201  -1  -1  -1 
59353.241022 0.000000 0.000000 0.600000 0.950000 -4.587117 4.197555 -0.389562 5.187117 0.950000 0.989562 0.950000 2.018201  -1  -1  -1 
59353.242022 0.000000 0.000000 -1.933000 0.950000 -4.587117 4.197274 -0.389843 2.654117 0.950000 -1.543157 0.950000 2.018201  -1  -1  -1 
59355.273022 0.000000 0.000000 -0.250000 0.950000 -4.587117 3.598036 -0.989081 4.337117 0.950000 0.739081 0.950000 2.018201  -1  -1  -1 
59355.277022 0.000000 0.000000 -0.200000 0.950000 -4.587117 3.596923 -0.990194 4.387117 0.950000 0.790194 0.950000 2.018201  -1  -1  -1 
59355.281022 0.000000 0.000000 -1.733000 0.950000 -4.587117 3.595811 -0.991306 2.854117 0.950000 -0.741694 0.950000 2.018201  -1  -1  -1 
59356.227022 0.000000 0.000000 0.183000 0.950000 -4.587117 3.360902 -1.226215 4.770117 0.950000 1.409215 0.950000 2.018201  -1  -1  -1 
59356.230022 0.000000 0.000000 1.767000 0.950000 -4.587117 3.360267 -1.226850 6.354117 0.950000 2.993850 0.950000 2.018201  -1  -1  -1 
59356.232022 0.000000 0.000000 3.950000 0.950000 -4.587117 3.359843 -1.227274 8.537117 0.950000 5.177274 0.950000 2.018201  -1  -1  -1 
59357.201022 0.000000 0.000000 -1.483000 0.950000 -4.587117 3.203215 -1.383902 3.104117 0.950000 -0.099098 0.950000 2.018201  -1  -1  -1 
59357.202022 0.000000 0.000000 -1.283000 0.950000 -4.587117 3.203109 -1.384008 3.304117 0.950000 0.101008 0.950000 2.018201  -1  -1  -1 
59357.205022 0.000000 0.000000 -2.900000 0.950000 -4.587117 3.202791 -1.384325 1.687117 0.950000 -1.515675 0.950000 2.018201  -1  -1  -1 
59358.219022 0.000000 0.000000 -1.250000 0.950000 -4.587117 3.164602 -1.422515 3.337117 0.950000 0.172515 0.950000 2.018201  -1  -1  -1 
59358.220022 0.000000 0.000000 0.500000 0.950000 -4.587117 3.164636 -1.422481 5.087117 0.950000 1.922481 0.950000 2.018201  -1  -1  -1 
59358.223022 0.000000 0.000000 0.317000 0.950000 -4.587117 3.164739 -1.422378 4.904117 0.950000 1.739378 0.950000 2.018201  -1  -1  -1 
59359.157022 0.000000 0.000000 -5.283000 0.950000 -4.587117 3.261970 -1.325147 -0.695883 0.950000 -3.957853 0.950000 2.018201  -1  -1  -1 
59359.158022 0.000000 0.000000 -4.083000 0.950000 -4.587117 3.262144 -1.324973 0.504117 0.950000 -2.758027 0.950000 2.018201  -1  -1  -1 
59359.159022 0.000000 0.000000 -5.217000 0.950000 -4.587117 3.262318 -1.324799 -0.629883 0.950000 -3.892201 0.950000 2.018201  -1  -1  -1 
