# time Tc_folded Tref_folded value value_err offset model full_model val_compare val_compare_err residuals residuals_err jitter jitter_flag offset_flag subset_flag 
59333.170022 0.000000 0.000000 0.709000 0.283000 7.914796 -5.621506 0.806828 -5.719335 0.283000 -0.097828 0.283000 1.780940  -1  -1  -1 
59333.173022 0.000000 0.000000 1.695000 0.282000 7.914796 -5.623415 0.816800 -4.745215 0.282000 0.878200 0.282000 1.780940  -1  -1  -1 
59333.174022 0.000000 0.000000 2.281000 0.282000 7.914796 -5.624051 0.820139 -4.163190 0.282000 1.460861 0.282000 1.780940  -1  -1  -1 
59334.195022 0.000000 0.000000 3.086000 0.287000 7.914796 -6.212245 3.808353 -6.934598 0.287000 -0.722353 0.287000 1.780940  -1  -1  -1 
59334.199022 0.000000 0.000000 4.264000 0.288000 7.914796 -6.214271 3.806777 -5.757048 0.288000 0.457223 0.288000 1.780940  -1  -1  -1 
59334.200022 0.000000 0.000000 4.215000 0.288000 7.914796 -6.214777 3.806361 -5.806138 0.288000 0.408639 0.288000 1.780940  -1  -1  -1 
59335.191022 0.000000 0.000000 1.212000 0.286000 7.914796 -6.635319 0.272330 -5.695649 0.286000 0.939670 0.286000 1.780940  -1  -1  -1 
59335.193022 0.000000 0.000000 1.663000 0.287000 7.914796 -6.635994 0.263053 -5.236047 0.287000 1.399947 0.287000 1.780940  -1  -1  -1 
59335.194022 0.000000 0.000000 1.510000 0.287000 7.914796 -6.636331 0.258419 -5.384751 0.287000 1.251581 0.287000 1.780940  -1  -1  -1 
59336.256022 0.000000 0.000000 -0.495000 0.279000 7.914796 -6.888998 0.412888 -7.796886 0.279000 -0.907888 0.279000 1.780940  -1  -1  -1 
59336.258022 0.000000 0.000000 -3.726000 0.281000 7.914796 -6.889273 0.422395 -11.037669 0.281000 -4.148395 0.281000 1.780940  -1  -1  -1 
59336.260022 0.000000 0.000000 -2.396000 0.280000 7.914796 -6.889549 0.431912 -9.717460 0.280000 -2.827912 0.280000 1.780940  -1  -1  -1 
59337.143022 0.000000 0.000000 3.258000 0.278000 7.914796 -6.940105 3.073891 -6.755996 0.278000 0.184109 0.278000 1.780940  -1  -1  -1 
59337.145022 0.000000 0.000000 3.317000 0.278000 7.914796 -6.940065 3.073182 -6.696247 0.278000 0.243818 0.278000 1.780940  -1  -1  -1 
59337.146022 0.000000 0.000000 3.531000 0.279000 7.914796 -6.940045 3.072815 -6.481860 0.279000 0.458185 0.279000 1.780940  -1  -1  -1 
59338.236022 0.000000 0.000000 -2.499000 0.278000 7.914796 -6.827081 -0.522423 -8.803659 0.278000 -1.976577 0.278000 1.780940  -1  -1  -1 
59338.238022 0.000000 0.000000 -2.433000 0.278000 7.914796 -6.826724 -0.529047 -8.730677 0.278000 -1.903953 0.278000 1.780940  -1  -1  -1 
59338.240022 0.000000 0.000000 -2.325000 0.277000 7.914796 -6.826367 -0.535643 -8.615724 0.277000 -1.789357 0.277000 1.780940  -1  -1  -1 
59339.159022 0.000000 0.000000 0.880000 0.279000 7.914796 -6.619043 0.736012 -6.475055 0.279000 0.143988 0.279000 1.780940  -1  -1  -1 
59339.160022 0.000000 0.000000 3.202000 0.279000 7.914796 -6.618779 0.741188 -4.157966 0.279000 2.460812 0.279000 1.780940  -1  -1  -1 
59339.161022 0.000000 0.000000 3.749000 0.279000 7.914796 -6.618514 0.746366 -3.615880 0.279000 3.002634 0.279000 1.780940  -1  -1  -1 
59340.160022 0.000000 0.000000 6.836000 0.276000 7.914796 -6.331124 3.569891 -3.065015 0.276000 3.266109 0.276000 1.780940  -1  -1  -1 
59340.162022 0.000000 0.000000 3.335000 0.275000 7.914796 -6.330523 3.567611 -6.563134 0.275000 -0.232611 0.275000 1.780940  -1  -1  -1 
59340.165022 0.000000 0.000000 5.784000 0.275000 7.914796 -6.329621 3.564129 -4.109750 0.275000 2.219871 0.275000 1.780940  -1  -1  -1 
59341.153022 0.000000 0.000000 0.511000 0.270000 7.914796 -6.039001 0.180954 -5.708955 0.270000 0.330046 0.270000 1.780940  -1  -1  -1 
59341.154022 0.000000 0.000000 2.216000 0.272000 7.914796 -6.038723 0.177919 -4.000642 0.272000 2.038081 0.272000 1.780940  -1  -1  -1 
59341.155022 0.000000 0.000000 -0.466000 0.272000 7.914796 -6.038444 0.174892 -6.679336 0.272000 -0.640892 0.272000 1.780940  -1  -1  -1 
59343.263022 0.000000 0.000000 2.930000 0.272000 7.914796 -5.619721 3.807046 -6.496768 0.272000 -0.877046 0.272000 1.780940  -1  -1  -1 
59343.268022 0.000000 0.000000 3.136000 0.270000 7.914796 -5.619237 3.792416 -6.275653 0.270000 -0.656416 0.270000 1.780940  -1  -1  -1 
59343.271022 0.000000 0.000000 3.825000 0.269000 7.914796 -5.618948 3.783558 -5.577505 0.269000 0.041442 0.269000 1.780940  -1  -1  -1 
59344.197022 0.000000 0.000000 2.570000 0.289000 7.914796 -5.576565 0.238118 -3.244683 0.289000 2.331882 0.289000 1.780940  -1  -1  -1 
59344.199022 0.000000 0.000000 1.134000 0.289000 7.914796 -5.576574 0.234234 -4.676808 0.289000 0.899766 0.289000 1.780940  -1  -1  -1 
59344.200022 0.000000 0.000000 2.434000 0.288000 7.914796 -5.576578 0.232308 -3.374886 0.288000 2.201692 0.288000 1.780940  -1  -1  -1 
59345.303022 0.000000 0.000000 2.932000 0.279000 7.914796 -5.640828 3.396102 -6.104930 0.279000 -0.464102 0.279000 1.780940  -1  -1  -1 
59345.305022 0.000000 0.000000 3.951000 0.279000 7.914796 -5.641042 3.403770 -5.093812 0.279000 0.547230 0.279000 1.780940  -1  -1  -1 
59345.309022 0.000000 0.000000 5.538000 0.278000 7.914796 -5.641471 3.419030 -3.522501 0.278000 2.118970 0.278000 1.780940  -1  -1  -1 
59346.243022 0.000000 0.000000 0.780000 0.281000 7.914796 -5.770362 3.368195 -8.358557 0.281000 -2.588195 0.281000 1.780940  -1  -1  -1 
59346.244022 0.000000 0.000000 0.494000 0.281000 7.914796 -5.770525 3.364489 -8.641014 0.281000 -2.870489 0.281000 1.780940  -1  -1  -1 
59346.247022 0.000000 0.000000 0.204000 0.281000 7.914796 -5.771013 3.353337 -8.920351 0.281000 -3.149337 0.281000 1.780940  -1  -1  -1 
59347.181022 0.000000 0.000000 0.070000 0.282000 7.914796 -5.933825 -0.252513 -5.611312 0.282000 0.322513 0.282000 1.780940  -1  -1  -1 
59347.182022 0.000000 0.000000 0.614000 0.282000 7.914796 -5.934003 -0.253624 -5.066379 0.282000 0.867624 0.282000 1.780940  -1  -1  -1 
59347.183022 0.000000 0.000000 -0.833000 0.283000 7.914796 -5.934182 -0.254724 -6.512458 0.283000 -0.578276 0.283000 1.780940  -1  -1  -1 
59348.175022 0.000000 0.000000 4.025000 0.280000 7.914796 -6.100912 2.855207 -4.931119 0.280000 1.169793 0.280000 1.780940  -1  -1  -1 
59348.176022 0.000000 0.000000 2.354000 0.281000 7.914796 -6.101061 2.859127 -6.606188 0.281000 -0.505127 0.281000 1.780940  -1  -1  -1 
59348.177022 0.000000 0.000000 3.492000 0.281000 7.914796 -6.101211 2.863041 -5.472251 0.281000 0.628959 0.281000 1.780940  -1  -1  -1 
59349.164022 0.000000 0.000000 3.401000 0.279000 7.914796 -6.215963 2.818178 -5.633140 0.279000 0.582822 0.279000 1.780940  -1  -1  -1 
59349.166022 0.000000 0.000000 4.625000 0.279000 7.914796 -6.216116 2.810621 -4.401737 0.279000 1.814379 0.279000 1.780940  -1  -1  -1 
59349.167022 0.000000 0.000000 4.996000 0.279000 7.914796 -6.216192 2.806835 -4.027028 0.279000 2.189165 0.279000 1.780940  -1  -1  -1 
59350.332022 0.000000 0.000000 -1.051000 0.260000 7.914796 -6.235002 -0.398037 -6.887965 0.260000 -0.652963 0.260000 1.780940  -1  -1  -1 
59350.334022 0.000000 0.000000 -0.159000 0.260000 7.914796 -6.234903 -0.393661 -6.000242 0.260000 0.234661 0.260000 1.780940  -1  -1  -1 
59350.335022 0.000000 0.000000 -1.098000 0.260000 7.914796 -6.234853 -0.391456 -6.941397 0.260000 -0.706544 0.260000 1.780940  -1  -1  -1 
59351.292022 0.000000 0.000000 2.287000 0.253000 7.914796 -6.131405 3.562746 -7.407151 0.253000 -1.275746 0.253000 1.780940  -1  -1  -1 
59351.293022 0.000000 0.000000 3.019000 0.253000 7.914796 -6.131238 3.565310 -6.677548 0.253000 -0.546310 0.253000 1.780940  -1  -1  -1 
59351.294022 0.000000 0.000000 1.036000 0.253000 7.914796 -6.131071 3.567865 -8.662936 0.253000 -2.531865 0.253000 1.780940  -1  -1  -1 
59352.321022 0.000000 0.000000 -1.660000 0.244000 7.914796 -5.898008 2.017665 -9.575674 0.244000 -3.677665 0.244000 1.780940  -1  -1  -1 
59352.323022 0.000000 0.000000 0.440000 0.244000 7.914796 -5.897441 2.009097 -7.466538 0.244000 -1.569097 0.244000 1.780940  -1  -1  -1 
59352.325022 0.000000 0.000000 -1.710000 0.244000 7.914796 -5.896874 2.000525 -9.607399 0.244000 -3.710525 0.244000 1.780940  -1  -1  -1 
59353.239022 0.000000 0.000000 1.917000 0.240000 7.914796 -5.599415 0.270370 -3.952785 0.240000 1.646630 0.240000 1.780940  -1  -1  -1 
59353.241022 0.000000 0.000000 1.747000 0.243000 7.914796 -5.598692 0.275700 -4.127392 0.243000 1.471300 0.243000 1.780940  -1  -1  -1 
59353.242022 0.000000 0.000000 1.794000 0.243000 7.914796 -5.598330 0.278381 -4.082711 0.243000 1.515619 0.243000 1.780940  -1  -1  -1 
59355.273022 0.000000 0.000000 3.057000 0.248000 7.914796 -4.801974 2.839135 -4.584109 0.248000 0.217865 0.248000 1.780940  -1  -1  -1 
59355.277022 0.000000 0.000000 1.874000 0.247000 7.914796 -4.800444 2.822277 -5.748722 0.247000 -0.948277 0.247000 1.780940  -1  -1  -1 
59355.281022 0.000000 0.000000 -0.629000 0.248000 7.914796 -4.798916 2.805422 -8.233338 0.248000 -3.434422 0.248000 1.780940  -1  -1  -1 
59356.227022 0.000000 0.000000 1.749000 0.261000 7.914796 -4.469262 1.668494 -4.388757 0.261000 0.080506 0.261000 1.780940  -1  -1  -1 
59356.230022 0.000000 0.000000 1.336000 0.256000 7.914796 -4.468345 1.679270 -4.811616 0.256000 -0.343270 0.256000 1.780940  -1  -1  -1 
59356.232022 0.000000 0.000000 1.094000 0.257000 7.914796 -4.467735 1.686500 -5.060235 0.257000 -0.592500 0.257000 1.780940  -1  -1  -1 
59357.201022 0.000000 0.000000 6.275000 0.253000 7.914796 -4.231351 5.694801 -3.651152 0.253000 0.580199 0.253000 1.780940  -1  -1  -1 
59357.202022 0.000000 0.000000 3.421000 0.252000 7.914796 -4.231177 5.696280 -6.506457 0.252000 -2.275280 0.252000 1.780940  -1  -1  -1 
59357.205022 0.000000 0.000000 5.666000 0.254000 7.914796 -4.230654 5.700665 -4.265319 0.254000 -0.034665 0.254000 1.780940  -1  -1  -1 
59358.219022 0.000000 0.000000 4.652000 0.264000 7.914796 -4.142294 3.251918 -2.742212 0.264000 1.400082 0.264000 1.780940  -1  -1  -1 
59358.220022 0.000000 0.000000 4.878000 0.263000 7.914796 -4.142299 3.247351 -2.511650 0.263000 1.630649 0.263000 1.780940  -1  -1  -1 
59358.223022 0.000000 0.000000 6.813000 0.264000 7.914796 -4.142317 3.233653 -0.562970 0.264000 3.579347 0.264000 1.780940  -1  -1  -1 
59359.157022 0.000000 0.000000 3.636000 0.261000 7.914796 -4.233571 2.034540 -2.632111 0.261000 1.601460 0.261000 1.780940  -1  -1  -1 
59359.158022 0.000000 0.000000 2.027000 0.261000 7.914796 -4.233761 2.037964 -4.244725 0.261000 -0.010964 0.261000 1.780940  -1  -1  -1 
59359.159022 0.000000 0.000000 2.225000 0.262000 7.914796 -4.233952 2.041396 -4.050348 0.262000 0.183604 0.262000 1.780940  -1  -1  -1 
