# time Tc_folded Tref_folded model model_err 
59329.481866 0.000000 0.000000     4.752380     0.692666 
59329.519476 0.000000 0.000000     4.782838     0.689755 
59329.557086 0.000000 0.000000     4.813452     0.686831 
59329.594696 0.000000 0.000000     4.844215     0.683894 
59329.632306 0.000000 0.000000     4.875124     0.680945 
59329.669917 0.000000 0.000000     4.906175     0.677983 
59329.707527 0.000000 0.000000     4.937361     0.675008 
59329.745137 0.000000 0.000000     4.968680     0.672022 
59329.782747 0.000000 0.000000     5.000126     0.669024 
59329.820357 0.000000 0.000000     5.031694     0.666015 
59329.857967 0.000000 0.000000     5.063380     0.662995 
59329.895578 0.000000 0.000000     5.095179     0.659965 
59329.933188 0.000000 0.000000     5.127087     0.656924 
59329.970798 0.000000 0.000000     5.159098     0.653873 
59330.008408 0.000000 0.000000     5.191209     0.650813 
59330.046018 0.000000 0.000000     5.223413     0.647744 
59330.083628 0.000000 0.000000     5.255706     0.644666 
59330.121238 0.000000 0.000000     5.288084     0.641579 
59330.158849 0.000000 0.000000     5.320542     0.638485 
59330.196459 0.000000 0.000000     5.353074     0.635383 
59330.234069 0.000000 0.000000     5.385676     0.632273 
59330.271679 0.000000 0.000000     5.418343     0.629157 
59330.309289 0.000000 0.000000     5.451070     0.626035 
59330.346899 0.000000 0.000000     5.483853     0.622907 
59330.384510 0.000000 0.000000     5.516685     0.619773 
59330.422120 0.000000 0.000000     5.549563     0.616634 
59330.459730 0.000000 0.000000     5.582481     0.613491 
59330.497340 0.000000 0.000000     5.615435     0.610343 
59330.534950 0.000000 0.000000     5.648419     0.607192 
59330.572560 0.000000 0.000000     5.681429     0.604038 
59330.610170 0.000000 0.000000     5.714459     0.600882 
59330.647781 0.000000 0.000000     5.747505     0.597723 
59330.685391 0.000000 0.000000     5.780562     0.594563 
59330.723001 0.000000 0.000000     5.813625     0.591402 
59330.760611 0.000000 0.000000     5.846688     0.588240 
59330.798221 0.000000 0.000000     5.879747     0.585079 
59330.835831 0.000000 0.000000     5.912797     0.581918 
59330.873442 0.000000 0.000000     5.945832     0.578758 
59330.911052 0.000000 0.000000     5.978849     0.575601 
59330.948662 0.000000 0.000000     6.011842     0.572446 
59330.986272 0.000000 0.000000     6.044806     0.569293 
59331.023882 0.000000 0.000000     6.077736     0.566145 
59331.061492 0.000000 0.000000     6.110627     0.563001 
59331.099102 0.000000 0.000000     6.143475     0.559862 
59331.136713 0.000000 0.000000     6.176274     0.556729 
59331.174323 0.000000 0.000000     6.209020     0.553602 
59331.211933 0.000000 0.000000     6.241708     0.550482 
59331.249543 0.000000 0.000000     6.274332     0.547370 
59331.287153 0.000000 0.000000     6.306889     0.544267 
59331.324763 0.000000 0.000000     6.339372     0.541172 
59331.362374 0.000000 0.000000     6.371779     0.538088 
59331.399984 0.000000 0.000000     6.404103     0.535014 
59331.437594 0.000000 0.000000     6.436339     0.531951 
59331.475204 0.000000 0.000000     6.468484     0.528901 
59331.512814 0.000000 0.000000     6.500533     0.525864 
59331.550424 0.000000 0.000000     6.532480     0.522840 
59331.588035 0.000000 0.000000     6.564321     0.519831 
59331.625645 0.000000 0.000000     6.596051     0.516837 
59331.663255 0.000000 0.000000     6.627666     0.513860 
59331.700865 0.000000 0.000000     6.659162     0.510899 
59331.738475 0.000000 0.000000     6.690533     0.507957 
59331.776085 0.000000 0.000000     6.721775     0.505032 
59331.813695 0.000000 0.000000     6.752884     0.502128 
59331.851306 0.000000 0.000000     6.783854     0.499243 
59331.888916 0.000000 0.000000     6.814683     0.496380 
59331.926526 0.000000 0.000000     6.845364     0.493539 
59331.964136 0.000000 0.000000     6.875895     0.490721 
59332.001746 0.000000 0.000000     6.906269     0.487926 
59332.039356 0.000000 0.000000     6.936484     0.485157 
59332.076967 0.000000 0.000000     6.966535     0.482412 
59332.114577 0.000000 0.000000     6.996417     0.479694 
59332.152187 0.000000 0.000000     7.026127     0.477003 
59332.189797 0.000000 0.000000     7.055660     0.474340 
59332.227407 0.000000 0.000000     7.085011     0.471705 
59332.265017 0.000000 0.000000     7.114178     0.469101 
59332.302627 0.000000 0.000000     7.143156     0.466526 
59332.340238 0.000000 0.000000     7.171941     0.463983 
59332.377848 0.000000 0.000000     7.200529     0.461472 
59332.415458 0.000000 0.000000     7.228915     0.458994 
59332.453068 0.000000 0.000000     7.257097     0.456550 
59332.490678 0.000000 0.000000     7.285070     0.454139 
59332.528288 0.000000 0.000000     7.312831     0.451764 
59332.565899 0.000000 0.000000     7.340376     0.449424 
59332.603509 0.000000 0.000000     7.367700     0.447120 
59332.641119 0.000000 0.000000     7.394801     0.444854 
59332.678729 0.000000 0.000000     7.421675     0.442625 
59332.716339 0.000000 0.000000     7.448318     0.440434 
59332.753949 0.000000 0.000000     7.474727     0.438282 
59332.791559 0.000000 0.000000     7.500898     0.436168 
59332.829170 0.000000 0.000000     7.526829     0.434095 
59332.866780 0.000000 0.000000     7.552515     0.432061 
59332.904390 0.000000 0.000000     7.577953     0.430068 
59332.942000 0.000000 0.000000     7.603140     0.428115 
59332.979610 0.000000 0.000000     7.628073     0.426203 
59333.017220 0.000000 0.000000     7.652749     0.424333 
59333.054831 0.000000 0.000000     7.677165     0.422504 
59333.092441 0.000000 0.000000     7.701317     0.420716 
59333.130051 0.000000 0.000000     7.725203     0.418970 
59333.167661 0.000000 0.000000     7.748820     0.417265 
59333.205271 0.000000 0.000000     7.772165     0.415603 
59333.242881 0.000000 0.000000     7.795235     0.413981 
59333.280492 0.000000 0.000000     7.818028     0.412401 
59333.318102 0.000000 0.000000     7.840540     0.410862 
59333.355712 0.000000 0.000000     7.862770     0.409365 
59333.393322 0.000000 0.000000     7.884714     0.407908 
59333.430932 0.000000 0.000000     7.906371     0.406491 
59333.468542 0.000000 0.000000     7.927737     0.405114 
59333.506152 0.000000 0.000000     7.948811     0.403777 
59333.543763 0.000000 0.000000     7.969590     0.402479 
59333.581373 0.000000 0.000000     7.990072     0.401220 
59333.618983 0.000000 0.000000     8.010254     0.399999 
59333.656593 0.000000 0.000000     8.030135     0.398815 
59333.694203 0.000000 0.000000     8.049713     0.397667 
59333.731813 0.000000 0.000000     8.068985     0.396556 
59333.769424 0.000000 0.000000     8.087950     0.395480 
59333.807034 0.000000 0.000000     8.106605     0.394439 
59333.844644 0.000000 0.000000     8.124950     0.393432 
59333.882254 0.000000 0.000000     8.142982     0.392457 
59333.919864 0.000000 0.000000     8.160699     0.391514 
59333.957474 0.000000 0.000000     8.178101     0.390603 
59333.995084 0.000000 0.000000     8.195185     0.389722 
59334.032695 0.000000 0.000000     8.211951     0.388870 
59334.070305 0.000000 0.000000     8.228396     0.388047 
59334.107915 0.000000 0.000000     8.244519     0.387252 
59334.145525 0.000000 0.000000     8.260320     0.386482 
59334.183135 0.000000 0.000000     8.275797     0.385739 
59334.220745 0.000000 0.000000     8.290948     0.385020 
59334.258356 0.000000 0.000000     8.305774     0.384325 
59334.295966 0.000000 0.000000     8.320272     0.383652 
59334.333576 0.000000 0.000000     8.334442     0.383001 
59334.371186 0.000000 0.000000     8.348283     0.382371 
59334.408796 0.000000 0.000000     8.361795     0.381760 
59334.446406 0.000000 0.000000     8.374976     0.381168 
59334.484016 0.000000 0.000000     8.387826     0.380594 
59334.521627 0.000000 0.000000     8.400344     0.380037 
59334.559237 0.000000 0.000000     8.412531     0.379496 
59334.596847 0.000000 0.000000     8.424385     0.378970 
59334.634457 0.000000 0.000000     8.435906     0.378458 
59334.672067 0.000000 0.000000     8.447093     0.377959 
59334.709677 0.000000 0.000000     8.457948     0.377473 
59334.747288 0.000000 0.000000     8.468469     0.376999 
59334.784898 0.000000 0.000000     8.478656     0.376535 
59334.822508 0.000000 0.000000     8.488509     0.376081 
59334.860118 0.000000 0.000000     8.498029     0.375636 
59334.897728 0.000000 0.000000     8.507216     0.375200 
59334.935338 0.000000 0.000000     8.516069     0.374772 
59334.972949 0.000000 0.000000     8.524589     0.374351 
59335.010559 0.000000 0.000000     8.532776     0.373936 
59335.048169 0.000000 0.000000     8.540631     0.373526 
59335.085779 0.000000 0.000000     8.548154     0.373123 
59335.123389 0.000000 0.000000     8.555346     0.372723 
59335.160999 0.000000 0.000000     8.562206     0.372328 
59335.198609 0.000000 0.000000     8.568737     0.371936 
59335.236220 0.000000 0.000000     8.574938     0.371547 
59335.273830 0.000000 0.000000     8.580811     0.371160 
59335.311440 0.000000 0.000000     8.586355     0.370776 
59335.349050 0.000000 0.000000     8.591573     0.370393 
59335.386660 0.000000 0.000000     8.596465     0.370011 
59335.424270 0.000000 0.000000     8.601033     0.369630 
59335.461881 0.000000 0.000000     8.605276     0.369250 
59335.499491 0.000000 0.000000     8.609197     0.368869 
59335.537101 0.000000 0.000000     8.612796     0.368489 
59335.574711 0.000000 0.000000     8.616076     0.368108 
59335.612321 0.000000 0.000000     8.619037     0.367727 
59335.649931 0.000000 0.000000     8.621680     0.367344 
59335.687541 0.000000 0.000000     8.624008     0.366961 
59335.725152 0.000000 0.000000     8.626022     0.366576 
59335.762762 0.000000 0.000000     8.627723     0.366189 
59335.800372 0.000000 0.000000     8.629113     0.365801 
59335.837982 0.000000 0.000000     8.630194     0.365412 
59335.875592 0.000000 0.000000     8.630967     0.365021 
59335.913202 0.000000 0.000000     8.631435     0.364627 
59335.950813 0.000000 0.000000     8.631600     0.364232 
59335.988423 0.000000 0.000000     8.631463     0.363835 
59336.026033 0.000000 0.000000     8.631026     0.363436 
59336.063643 0.000000 0.000000     8.630291     0.363035 
59336.101253 0.000000 0.000000     8.629261     0.362632 
59336.138863 0.000000 0.000000     8.627938     0.362227 
59336.176473 0.000000 0.000000     8.626324     0.361820 
59336.214084 0.000000 0.000000     8.624421     0.361411 
59336.251694 0.000000 0.000000     8.622231     0.361001 
59336.289304 0.000000 0.000000     8.619758     0.360589 
59336.326914 0.000000 0.000000     8.617003     0.360176 
59336.364524 0.000000 0.000000     8.613970     0.359761 
59336.402134 0.000000 0.000000     8.610660     0.359345 
59336.439745 0.000000 0.000000     8.607076     0.358928 
59336.477355 0.000000 0.000000     8.603221     0.358510 
59336.514965 0.000000 0.000000     8.599097     0.358091 
59336.552575 0.000000 0.000000     8.594708     0.357671 
59336.590185 0.000000 0.000000     8.590056     0.357251 
59336.627795 0.000000 0.000000     8.585144     0.356831 
59336.665406 0.000000 0.000000     8.579974     0.356411 
59336.703016 0.000000 0.000000     8.574551     0.355991 
59336.740626 0.000000 0.000000     8.568876     0.355572 
59336.778236 0.000000 0.000000     8.562954     0.355153 
59336.815846 0.000000 0.000000     8.556786     0.354735 
59336.853456 0.000000 0.000000     8.550376     0.354318 
59336.891066 0.000000 0.000000     8.543727     0.353903 
59336.928677 0.000000 0.000000     8.536843     0.353489 
59336.966287 0.000000 0.000000     8.529726     0.353077 
59337.003897 0.000000 0.000000     8.522380     0.352668 
59337.041507 0.000000 0.000000     8.514808     0.352260 
59337.079117 0.000000 0.000000     8.507014     0.351856 
59337.116727 0.000000 0.000000     8.499001     0.351454 
59337.154338 0.000000 0.000000     8.490772     0.351055 
59337.191948 0.000000 0.000000     8.482331     0.350660 
59337.229558 0.000000 0.000000     8.473681     0.350268 
59337.267168 0.000000 0.000000     8.464826     0.349881 
59337.304778 0.000000 0.000000     8.455769     0.349497 
59337.342388 0.000000 0.000000     8.446515     0.349118 
59337.379998 0.000000 0.000000     8.437065     0.348744 
59337.417609 0.000000 0.000000     8.427425     0.348375 
59337.455219 0.000000 0.000000     8.417598     0.348010 
59337.492829 0.000000 0.000000     8.407588     0.347652 
59337.530439 0.000000 0.000000     8.397397     0.347298 
59337.568049 0.000000 0.000000     8.387031     0.346951 
59337.605659 0.000000 0.000000     8.376492     0.346610 
59337.643270 0.000000 0.000000     8.365785     0.346275 
59337.680880 0.000000 0.000000     8.354914     0.345946 
59337.718490 0.000000 0.000000     8.343881     0.345625 
59337.756100 0.000000 0.000000     8.332692     0.345310 
59337.793710 0.000000 0.000000     8.321350     0.345002 
59337.831320 0.000000 0.000000     8.309858     0.344702 
59337.868930 0.000000 0.000000     8.298221     0.344409 
59337.906541 0.000000 0.000000     8.286444     0.344123 
59337.944151 0.000000 0.000000     8.274528     0.343846 
59337.981761 0.000000 0.000000     8.262479     0.343576 
59338.019371 0.000000 0.000000     8.250301     0.343315 
59338.056981 0.000000 0.000000     8.237998     0.343061 
59338.094591 0.000000 0.000000     8.225573     0.342816 
59338.132202 0.000000 0.000000     8.213030     0.342579 
59338.169812 0.000000 0.000000     8.200375     0.342351 
59338.207422 0.000000 0.000000     8.187610     0.342131 
59338.245032 0.000000 0.000000     8.174739     0.341920 
59338.282642 0.000000 0.000000     8.161767     0.341718 
59338.320252 0.000000 0.000000     8.148698     0.341525 
59338.357863 0.000000 0.000000     8.135536     0.341340 
59338.395473 0.000000 0.000000     8.122285     0.341165 
59338.433083 0.000000 0.000000     8.108948     0.340998 
59338.470693 0.000000 0.000000     8.095531     0.340840 
59338.508303 0.000000 0.000000     8.082037     0.340691 
59338.545913 0.000000 0.000000     8.068470     0.340551 
59338.583523 0.000000 0.000000     8.054834     0.340421 
59338.621134 0.000000 0.000000     8.041133     0.340299 
59338.658744 0.000000 0.000000     8.027371     0.340186 
59338.696354 0.000000 0.000000     8.013553     0.340082 
59338.733964 0.000000 0.000000     7.999683     0.339986 
59338.771574 0.000000 0.000000     7.985763     0.339900 
59338.809184 0.000000 0.000000     7.971800     0.339822 
59338.846795 0.000000 0.000000     7.957795     0.339754 
59338.884405 0.000000 0.000000     7.943755     0.339693 
59338.922015 0.000000 0.000000     7.929682     0.339642 
59338.959625 0.000000 0.000000     7.915580     0.339599 
59338.997235 0.000000 0.000000     7.901454     0.339564 
59339.034845 0.000000 0.000000     7.887308     0.339537 
59339.072455 0.000000 0.000000     7.873145     0.339519 
59339.110066 0.000000 0.000000     7.858969     0.339509 
59339.147676 0.000000 0.000000     7.844785     0.339507 
59339.185286 0.000000 0.000000     7.830596     0.339513 
59339.222896 0.000000 0.000000     7.816406     0.339527 
59339.260506 0.000000 0.000000     7.802220     0.339549 
59339.298116 0.000000 0.000000     7.788040     0.339578 
59339.335727 0.000000 0.000000     7.773871     0.339615 
59339.373337 0.000000 0.000000     7.759717     0.339659 
59339.410947 0.000000 0.000000     7.745581     0.339710 
59339.448557 0.000000 0.000000     7.731467     0.339768 
59339.486167 0.000000 0.000000     7.717379     0.339834 
59339.523777 0.000000 0.000000     7.703321     0.339906 
59339.561387 0.000000 0.000000     7.689297     0.339985 
59339.598998 0.000000 0.000000     7.675309     0.340071 
59339.636608 0.000000 0.000000     7.661362     0.340164 
59339.674218 0.000000 0.000000     7.647460     0.340263 
59339.711828 0.000000 0.000000     7.633606     0.340368 
59339.749438 0.000000 0.000000     7.619803     0.340479 
59339.787048 0.000000 0.000000     7.606055     0.340597 
59339.824659 0.000000 0.000000     7.592366     0.340720 
59339.862269 0.000000 0.000000     7.578739     0.340849 
59339.899879 0.000000 0.000000     7.565177     0.340984 
59339.937489 0.000000 0.000000     7.551685     0.341125 
59339.975099 0.000000 0.000000     7.538265     0.341272 
59340.012709 0.000000 0.000000     7.524920     0.341423 
59340.050320 0.000000 0.000000     7.511655     0.341581 
59340.087930 0.000000 0.000000     7.498472     0.341743 
59340.125540 0.000000 0.000000     7.485375     0.341911 
59340.163150 0.000000 0.000000     7.472366     0.342084 
59340.200760 0.000000 0.000000     7.459449     0.342262 
59340.238370 0.000000 0.000000     7.446627     0.342444 
59340.275980 0.000000 0.000000     7.433904     0.342632 
59340.313591 0.000000 0.000000     7.421281     0.342825 
59340.351201 0.000000 0.000000     7.408763     0.343022 
59340.388811 0.000000 0.000000     7.396352     0.343224 
59340.426421 0.000000 0.000000     7.384052     0.343431 
59340.464031 0.000000 0.000000     7.371864     0.343642 
59340.501641 0.000000 0.000000     7.359792     0.343858 
59340.539252 0.000000 0.000000     7.347839     0.344078 
59340.576862 0.000000 0.000000     7.336007     0.344303 
59340.614472 0.000000 0.000000     7.324299     0.344533 
59340.652082 0.000000 0.000000     7.312718     0.344766 
59340.689692 0.000000 0.000000     7.301267     0.345004 
59340.727302 0.000000 0.000000     7.289947     0.345247 
59340.764912 0.000000 0.000000     7.278763     0.345494 
59340.802523 0.000000 0.000000     7.267715     0.345745 
59340.840133 0.000000 0.000000     7.256806     0.346000 
59340.877743 0.000000 0.000000     7.246040     0.346260 
59340.915353 0.000000 0.000000     7.235417     0.346524 
59340.952963 0.000000 0.000000     7.224941     0.346792 
59340.990573 0.000000 0.000000     7.214614     0.347065 
59341.028184 0.000000 0.000000     7.204438     0.347342 
59341.065794 0.000000 0.000000     7.194414     0.347623 
59341.103404 0.000000 0.000000     7.184546     0.347908 
59341.141014 0.000000 0.000000     7.174835     0.348198 
59341.178624 0.000000 0.000000     7.165283     0.348492 
59341.216234 0.000000 0.000000     7.155893     0.348790 
59341.253844 0.000000 0.000000     7.146665     0.349093 
59341.291455 0.000000 0.000000     7.137602     0.349400 
59341.329065 0.000000 0.000000     7.128705     0.349711 
59341.366675 0.000000 0.000000     7.119977     0.350027 
59341.404285 0.000000 0.000000     7.111419     0.350347 
59341.441895 0.000000 0.000000     7.103033     0.350671 
59341.479505 0.000000 0.000000     7.094819     0.351000 
59341.517116 0.000000 0.000000     7.086780     0.351333 
59341.554726 0.000000 0.000000     7.078918     0.351671 
59341.592336 0.000000 0.000000     7.071233     0.352013 
59341.629946 0.000000 0.000000     7.063726     0.352359 
59341.667556 0.000000 0.000000     7.056400     0.352710 
59341.705166 0.000000 0.000000     7.049255     0.353065 
59341.742777 0.000000 0.000000     7.042293     0.353425 
59341.780387 0.000000 0.000000     7.035515     0.353789 
59341.817997 0.000000 0.000000     7.028921     0.354157 
59341.855607 0.000000 0.000000     7.022513     0.354530 
59341.893217 0.000000 0.000000     7.016292     0.354908 
59341.930827 0.000000 0.000000     7.010258     0.355290 
59341.968437 0.000000 0.000000     7.004413     0.355676 
59342.006048 0.000000 0.000000     6.998756     0.356067 
59342.043658 0.000000 0.000000     6.993290     0.356462 
59342.081268 0.000000 0.000000     6.988015     0.356861 
59342.118878 0.000000 0.000000     6.982931     0.357265 
59342.156488 0.000000 0.000000     6.978038     0.357673 
59342.194098 0.000000 0.000000     6.973338     0.358085 
59342.231709 0.000000 0.000000     6.968831     0.358502 
59342.269319 0.000000 0.000000     6.964517     0.358923 
59342.306929 0.000000 0.000000     6.960396     0.359348 
59342.344539 0.000000 0.000000     6.956469     0.359777 
59342.382149 0.000000 0.000000     6.952736     0.360210 
59342.419759 0.000000 0.000000     6.949197     0.360648 
59342.457369 0.000000 0.000000     6.945853     0.361089 
59342.494980 0.000000 0.000000     6.942703     0.361534 
59342.532590 0.000000 0.000000     6.939747     0.361983 
59342.570200 0.000000 0.000000     6.936985     0.362436 
59342.607810 0.000000 0.000000     6.934417     0.362892 
59342.645420 0.000000 0.000000     6.932044     0.363352 
59342.683030 0.000000 0.000000     6.929864     0.363816 
59342.720641 0.000000 0.000000     6.927877     0.364283 
59342.758251 0.000000 0.000000     6.926084     0.364754 
59342.795861 0.000000 0.000000     6.924483     0.365227 
59342.833471 0.000000 0.000000     6.923075     0.365704 
59342.871081 0.000000 0.000000     6.921858     0.366184 
59342.908691 0.000000 0.000000     6.920832     0.366667 
59342.946301 0.000000 0.000000     6.919998     0.367152 
59342.983912 0.000000 0.000000     6.919353     0.367640 
59343.021522 0.000000 0.000000     6.918897     0.368131 
59343.059132 0.000000 0.000000     6.918630     0.368625 
59343.096742 0.000000 0.000000     6.918550     0.369120 
59343.134352 0.000000 0.000000     6.918657     0.369618 
59343.171962 0.000000 0.000000     6.918950     0.370118 
59343.209573 0.000000 0.000000     6.919428     0.370620 
59343.247183 0.000000 0.000000     6.920089     0.371123 
59343.284793 0.000000 0.000000     6.920933     0.371628 
59343.322403 0.000000 0.000000     6.921959     0.372135 
59343.360013 0.000000 0.000000     6.923165     0.372643 
59343.397623 0.000000 0.000000     6.924551     0.373152 
59343.435234 0.000000 0.000000     6.926114     0.373662 
59343.472844 0.000000 0.000000     6.927854     0.374173 
59343.510454 0.000000 0.000000     6.929768     0.374684 
59343.548064 0.000000 0.000000     6.931857     0.375196 
59343.585674 0.000000 0.000000     6.934118     0.375708 
59343.623284 0.000000 0.000000     6.936550     0.376221 
59343.660894 0.000000 0.000000     6.939150     0.376733 
59343.698505 0.000000 0.000000     6.941919     0.377245 
59343.736115 0.000000 0.000000     6.944853     0.377757 
59343.773725 0.000000 0.000000     6.947951     0.378268 
59343.811335 0.000000 0.000000     6.951212     0.378779 
59343.848945 0.000000 0.000000     6.954633     0.379288 
59343.886555 0.000000 0.000000     6.958213     0.379797 
59343.924166 0.000000 0.000000     6.961950     0.380304 
59343.961776 0.000000 0.000000     6.965842     0.380810 
59343.999386 0.000000 0.000000     6.969887     0.381314 
59344.036996 0.000000 0.000000     6.974083     0.381816 
59344.074606 0.000000 0.000000     6.978427     0.382316 
59344.112216 0.000000 0.000000     6.982918     0.382814 
59344.149826 0.000000 0.000000     6.987554     0.383310 
59344.187437 0.000000 0.000000     6.992333     0.383803 
59344.225047 0.000000 0.000000     6.997252     0.384293 
59344.262657 0.000000 0.000000     7.002308     0.384780 
59344.300267 0.000000 0.000000     7.007501     0.385265 
59344.337877 0.000000 0.000000     7.012826     0.385745 
59344.375487 0.000000 0.000000     7.018283     0.386223 
59344.413098 0.000000 0.000000     7.023868     0.386697 
59344.450708 0.000000 0.000000     7.029580     0.387166 
59344.488318 0.000000 0.000000     7.035415     0.387632 
59344.525928 0.000000 0.000000     7.041371     0.388094 
59344.563538 0.000000 0.000000     7.047446     0.388551 
59344.601148 0.000000 0.000000     7.053637     0.389004 
59344.638758 0.000000 0.000000     7.059942     0.389452 
59344.676369 0.000000 0.000000     7.066357     0.389895 
59344.713979 0.000000 0.000000     7.072880     0.390333 
59344.751589 0.000000 0.000000     7.079509     0.390766 
59344.789199 0.000000 0.000000     7.086241     0.391193 
59344.826809 0.000000 0.000000     7.093072     0.391615 
59344.864419 0.000000 0.000000     7.100001     0.392032 
59344.902030 0.000000 0.000000     7.107024     0.392442 
59344.939640 0.000000 0.000000     7.114139     0.392846 
59344.977250 0.000000 0.000000     7.121342     0.393244 
59345.014860 0.000000 0.000000     7.128631     0.393636 
59345.052470 0.000000 0.000000     7.136003     0.394022 
59345.090080 0.000000 0.000000     7.143455     0.394400 
59345.127691 0.000000 0.000000     7.150984     0.394772 
59345.165301 0.000000 0.000000     7.158587     0.395137 
59345.202911 0.000000 0.000000     7.166261     0.395496 
59345.240521 0.000000 0.000000     7.174003     0.395847 
59345.278131 0.000000 0.000000     7.181811     0.396190 
59345.315741 0.000000 0.000000     7.189680     0.396527 
59345.353351 0.000000 0.000000     7.197608     0.396855 
59345.390962 0.000000 0.000000     7.205591     0.397176 
59345.428572 0.000000 0.000000     7.213627     0.397490 
59345.466182 0.000000 0.000000     7.221713     0.397795 
59345.503792 0.000000 0.000000     7.229846     0.398093 
59345.541402 0.000000 0.000000     7.238021     0.398382 
59345.579012 0.000000 0.000000     7.246237     0.398664 
59345.616623 0.000000 0.000000     7.254489     0.398937 
59345.654233 0.000000 0.000000     7.262775     0.399201 
59345.691843 0.000000 0.000000     7.271092     0.399457 
59345.729453 0.000000 0.000000     7.279436     0.399705 
59345.767063 0.000000 0.000000     7.287804     0.399944 
59345.804673 0.000000 0.000000     7.296193     0.400174 
59345.842283 0.000000 0.000000     7.304600     0.400396 
59345.879894 0.000000 0.000000     7.313021     0.400608 
59345.917504 0.000000 0.000000     7.321453     0.400812 
59345.955114 0.000000 0.000000     7.329893     0.401007 
59345.992724 0.000000 0.000000     7.338338     0.401192 
59346.030334 0.000000 0.000000     7.346784     0.401369 
59346.067944 0.000000 0.000000     7.355228     0.401536 
59346.105555 0.000000 0.000000     7.363667     0.401694 
59346.143165 0.000000 0.000000     7.372098     0.401843 
59346.180775 0.000000 0.000000     7.380517     0.401983 
59346.218385 0.000000 0.000000     7.388921     0.402113 
59346.255995 0.000000 0.000000     7.397307     0.402234 
59346.293605 0.000000 0.000000     7.405671     0.402346 
59346.331215 0.000000 0.000000     7.414010     0.402448 
59346.368826 0.000000 0.000000     7.422322     0.402540 
59346.406436 0.000000 0.000000     7.430602     0.402624 
59346.444046 0.000000 0.000000     7.438848     0.402697 
59346.481656 0.000000 0.000000     7.447056     0.402762 
59346.519266 0.000000 0.000000     7.455223     0.402816 
59346.556876 0.000000 0.000000     7.463346     0.402862 
59346.594487 0.000000 0.000000     7.471422     0.402897 
59346.632097 0.000000 0.000000     7.479446     0.402924 
59346.669707 0.000000 0.000000     7.487418     0.402941 
59346.707317 0.000000 0.000000     7.495332     0.402948 
59346.744927 0.000000 0.000000     7.503185     0.402946 
59346.782537 0.000000 0.000000     7.510976     0.402935 
59346.820148 0.000000 0.000000     7.518700     0.402914 
59346.857758 0.000000 0.000000     7.526354     0.402884 
59346.895368 0.000000 0.000000     7.533936     0.402845 
59346.932978 0.000000 0.000000     7.541442     0.402796 
59346.970588 0.000000 0.000000     7.548868     0.402738 
59347.008198 0.000000 0.000000     7.556213     0.402671 
59347.045808 0.000000 0.000000     7.563473     0.402595 
59347.083419 0.000000 0.000000     7.570644     0.402510 
59347.121029 0.000000 0.000000     7.577725     0.402416 
59347.158639 0.000000 0.000000     7.584711     0.402313 
59347.196249 0.000000 0.000000     7.591600     0.402202 
59347.233859 0.000000 0.000000     7.598389     0.402081 
59347.271469 0.000000 0.000000     7.605075     0.401952 
59347.309080 0.000000 0.000000     7.611655     0.401814 
59347.346690 0.000000 0.000000     7.618126     0.401668 
59347.384300 0.000000 0.000000     7.624486     0.401513 
59347.421910 0.000000 0.000000     7.630731     0.401350 
59347.459520 0.000000 0.000000     7.636859     0.401179 
59347.497130 0.000000 0.000000     7.642866     0.401000 
59347.534740 0.000000 0.000000     7.648751     0.400813 
59347.572351 0.000000 0.000000     7.654510     0.400618 
59347.609961 0.000000 0.000000     7.660141     0.400415 
59347.647571 0.000000 0.000000     7.665641     0.400204 
59347.685181 0.000000 0.000000     7.671007     0.399987 
59347.722791 0.000000 0.000000     7.676237     0.399761 
59347.760401 0.000000 0.000000     7.681328     0.399529 
59347.798012 0.000000 0.000000     7.686277     0.399289 
59347.835622 0.000000 0.000000     7.691083     0.399043 
59347.873232 0.000000 0.000000     7.695743     0.398790 
59347.910842 0.000000 0.000000     7.700253     0.398530 
59347.948452 0.000000 0.000000     7.704612     0.398264 
59347.986062 0.000000 0.000000     7.708818     0.397992 
59348.023672 0.000000 0.000000     7.712867     0.397713 
59348.061283 0.000000 0.000000     7.716759     0.397429 
59348.098893 0.000000 0.000000     7.720489     0.397139 
59348.136503 0.000000 0.000000     7.724057     0.396843 
59348.174113 0.000000 0.000000     7.727460     0.396542 
59348.211723 0.000000 0.000000     7.730696     0.396236 
59348.249333 0.000000 0.000000     7.733762     0.395925 
59348.286944 0.000000 0.000000     7.736657     0.395610 
59348.324554 0.000000 0.000000     7.739378     0.395289 
59348.362164 0.000000 0.000000     7.741924     0.394965 
59348.399774 0.000000 0.000000     7.744293     0.394636 
59348.437384 0.000000 0.000000     7.746482     0.394303 
59348.474994 0.000000 0.000000     7.748490     0.393967 
59348.512605 0.000000 0.000000     7.750315     0.393628 
59348.550215 0.000000 0.000000     7.751955     0.393285 
59348.587825 0.000000 0.000000     7.753408     0.392939 
59348.625435 0.000000 0.000000     7.754673     0.392591 
59348.663045 0.000000 0.000000     7.755749     0.392240 
59348.700655 0.000000 0.000000     7.756632     0.391887 
59348.738265 0.000000 0.000000     7.757322     0.391532 
59348.775876 0.000000 0.000000     7.757818     0.391175 
59348.813486 0.000000 0.000000     7.758118     0.390817 
59348.851096 0.000000 0.000000     7.758220     0.390458 
59348.888706 0.000000 0.000000     7.758123     0.390098 
59348.926316 0.000000 0.000000     7.757825     0.389737 
59348.963926 0.000000 0.000000     7.757326     0.389376 
59349.001537 0.000000 0.000000     7.756624     0.389015 
59349.039147 0.000000 0.000000     7.755718     0.388654 
59349.076757 0.000000 0.000000     7.754607     0.388294 
59349.114367 0.000000 0.000000     7.753290     0.387935 
59349.151977 0.000000 0.000000     7.751765     0.387576 
59349.189587 0.000000 0.000000     7.750032     0.387219 
59349.227197 0.000000 0.000000     7.748089     0.386864 
59349.264808 0.000000 0.000000     7.745936     0.386511 
59349.302418 0.000000 0.000000     7.743573     0.386160 
59349.340028 0.000000 0.000000     7.740997     0.385811 
59349.377638 0.000000 0.000000     7.738209     0.385466 
59349.415248 0.000000 0.000000     7.735207     0.385124 
59349.452858 0.000000 0.000000     7.731992     0.384785 
59349.490469 0.000000 0.000000     7.728562     0.384450 
59349.528079 0.000000 0.000000     7.724917     0.384119 
59349.565689 0.000000 0.000000     7.721057     0.383793 
59349.603299 0.000000 0.000000     7.716981     0.383471 
59349.640909 0.000000 0.000000     7.712688     0.383154 
59349.678519 0.000000 0.000000     7.708179     0.382843 
59349.716129 0.000000 0.000000     7.703452     0.382537 
59349.753740 0.000000 0.000000     7.698509     0.382238 
59349.791350 0.000000 0.000000     7.693348     0.381944 
59349.828960 0.000000 0.000000     7.687970     0.381657 
59349.866570 0.000000 0.000000     7.682374     0.381377 
59349.904180 0.000000 0.000000     7.676561     0.381103 
59349.941790 0.000000 0.000000     7.670531     0.380838 
59349.979401 0.000000 0.000000     7.664283     0.380580 
59350.017011 0.000000 0.000000     7.657818     0.380329 
59350.054621 0.000000 0.000000     7.651136     0.380087 
59350.092231 0.000000 0.000000     7.644238     0.379854 
59350.129841 0.000000 0.000000     7.637123     0.379629 
59350.167451 0.000000 0.000000     7.629792     0.379413 
59350.205062 0.000000 0.000000     7.622245     0.379207 
59350.242672 0.000000 0.000000     7.614484     0.379010 
59350.280282 0.000000 0.000000     7.606508     0.378822 
59350.317892 0.000000 0.000000     7.598318     0.378645 
59350.355502 0.000000 0.000000     7.589915     0.378478 
59350.393112 0.000000 0.000000     7.581299     0.378321 
59350.430722 0.000000 0.000000     7.572472     0.378175 
59350.468333 0.000000 0.000000     7.563433     0.378040 
59350.505943 0.000000 0.000000     7.554185     0.377915 
59350.543553 0.000000 0.000000     7.544727     0.377802 
59350.581163 0.000000 0.000000     7.535061     0.377700 
59350.618773 0.000000 0.000000     7.525188     0.377610 
59350.656383 0.000000 0.000000     7.515109     0.377531 
59350.693994 0.000000 0.000000     7.504825     0.377464 
59350.731604 0.000000 0.000000     7.494337     0.377409 
59350.769214 0.000000 0.000000     7.483646     0.377366 
59350.806824 0.000000 0.000000     7.472755     0.377335 
59350.844434 0.000000 0.000000     7.461663     0.377317 
59350.882044 0.000000 0.000000     7.450373     0.377310 
59350.919654 0.000000 0.000000     7.438886     0.377316 
59350.957265 0.000000 0.000000     7.427204     0.377335 
59350.994875 0.000000 0.000000     7.415328     0.377366 
59351.032485 0.000000 0.000000     7.403259     0.377409 
59351.070095 0.000000 0.000000     7.391000     0.377465 
59351.107705 0.000000 0.000000     7.378552     0.377534 
59351.145315 0.000000 0.000000     7.365917     0.377615 
59351.182926 0.000000 0.000000     7.353096     0.377708 
59351.220536 0.000000 0.000000     7.340092     0.377814 
59351.258146 0.000000 0.000000     7.326907     0.377933 
59351.295756 0.000000 0.000000     7.313542     0.378064 
59351.333366 0.000000 0.000000     7.299999     0.378207 
59351.370976 0.000000 0.000000     7.286281     0.378362 
59351.408586 0.000000 0.000000     7.272390     0.378530 
59351.446197 0.000000 0.000000     7.258328     0.378709 
59351.483807 0.000000 0.000000     7.244097     0.378900 
59351.521417 0.000000 0.000000     7.229699     0.379103 
59351.559027 0.000000 0.000000     7.215136     0.379318 
59351.596637 0.000000 0.000000     7.200412     0.379544 
59351.634247 0.000000 0.000000     7.185529     0.379782 
59351.671858 0.000000 0.000000     7.170488     0.380030 
59351.709468 0.000000 0.000000     7.155293     0.380290 
59351.747078 0.000000 0.000000     7.139945     0.380560 
59351.784688 0.000000 0.000000     7.124449     0.380840 
59351.822298 0.000000 0.000000     7.108805     0.381131 
59351.859908 0.000000 0.000000     7.093017     0.381432 
59351.897519 0.000000 0.000000     7.077088     0.381743 
59351.935129 0.000000 0.000000     7.061021     0.382063 
59351.972739 0.000000 0.000000     7.044818     0.382392 
59352.010349 0.000000 0.000000     7.028481     0.382730 
59352.047959 0.000000 0.000000     7.012015     0.383077 
59352.085569 0.000000 0.000000     6.995422     0.383433 
59352.123179 0.000000 0.000000     6.978704     0.383796 
59352.160790 0.000000 0.000000     6.961866     0.384168 
59352.198400 0.000000 0.000000     6.944910     0.384546 
59352.236010 0.000000 0.000000     6.927838     0.384932 
59352.273620 0.000000 0.000000     6.910655     0.385325 
59352.311230 0.000000 0.000000     6.893364     0.385724 
59352.348840 0.000000 0.000000     6.875967     0.386129 
59352.386451 0.000000 0.000000     6.858468     0.386541 
59352.424061 0.000000 0.000000     6.840870     0.386957 
59352.461671 0.000000 0.000000     6.823177     0.387379 
59352.499281 0.000000 0.000000     6.805391     0.387805 
59352.536891 0.000000 0.000000     6.787517     0.388236 
59352.574501 0.000000 0.000000     6.769558     0.388671 
59352.612111 0.000000 0.000000     6.751516     0.389109 
59352.649722 0.000000 0.000000     6.733397     0.389550 
59352.687332 0.000000 0.000000     6.715202     0.389995 
59352.724942 0.000000 0.000000     6.696937     0.390442 
59352.762552 0.000000 0.000000     6.678603     0.390891 
59352.800162 0.000000 0.000000     6.660206     0.391341 
59352.837772 0.000000 0.000000     6.641748     0.391793 
59352.875383 0.000000 0.000000     6.623234     0.392246 
59352.912993 0.000000 0.000000     6.604666     0.392700 
59352.950603 0.000000 0.000000     6.586049     0.393153 
59352.988213 0.000000 0.000000     6.567387     0.393606 
59353.025823 0.000000 0.000000     6.548683     0.394059 
59353.063433 0.000000 0.000000     6.529941     0.394511 
59353.101043 0.000000 0.000000     6.511165     0.394961 
59353.138654 0.000000 0.000000     6.492358     0.395409 
59353.176264 0.000000 0.000000     6.473525     0.395855 
59353.213874 0.000000 0.000000     6.454670     0.396299 
59353.251484 0.000000 0.000000     6.435796     0.396740 
59353.289094 0.000000 0.000000     6.416907     0.397177 
59353.326704 0.000000 0.000000     6.398007     0.397610 
59353.364315 0.000000 0.000000     6.379101     0.398039 
59353.401925 0.000000 0.000000     6.360192     0.398464 
59353.439535 0.000000 0.000000     6.341285     0.398884 
59353.477145 0.000000 0.000000     6.322382     0.399298 
59353.514755 0.000000 0.000000     6.303489     0.399707 
59353.552365 0.000000 0.000000     6.284610     0.400110 
59353.589976 0.000000 0.000000     6.265747     0.400506 
59353.627586 0.000000 0.000000     6.246906     0.400896 
59353.665196 0.000000 0.000000     6.228091     0.401278 
59353.702806 0.000000 0.000000     6.209306     0.401653 
59353.740416 0.000000 0.000000     6.190554     0.402020 
59353.778026 0.000000 0.000000     6.171840     0.402378 
59353.815636 0.000000 0.000000     6.153168     0.402728 
59353.853247 0.000000 0.000000     6.134543     0.403069 
59353.890857 0.000000 0.000000     6.115967     0.403401 
59353.928467 0.000000 0.000000     6.097446     0.403723 
59353.966077 0.000000 0.000000     6.078984     0.404034 
59354.003687 0.000000 0.000000     6.060585     0.404336 
59354.041297 0.000000 0.000000     6.042252     0.404627 
59354.078908 0.000000 0.000000     6.023991     0.404907 
59354.116518 0.000000 0.000000     6.005804     0.405175 
59354.154128 0.000000 0.000000     5.987697     0.405432 
59354.191738 0.000000 0.000000     5.969674     0.405677 
59354.229348 0.000000 0.000000     5.951738     0.405909 
59354.266958 0.000000 0.000000     5.933895     0.406129 
59354.304568 0.000000 0.000000     5.916147     0.406336 
59354.342179 0.000000 0.000000     5.898499     0.406529 
59354.379789 0.000000 0.000000     5.880956     0.406709 
59354.417399 0.000000 0.000000     5.863521     0.406875 
59354.455009 0.000000 0.000000     5.846199     0.407027 
59354.492619 0.000000 0.000000     5.828993     0.407165 
59354.530229 0.000000 0.000000     5.811908     0.407288 
59354.567840 0.000000 0.000000     5.794948     0.407396 
59354.605450 0.000000 0.000000     5.778118     0.407489 
59354.643060 0.000000 0.000000     5.761420     0.407566 
59354.680670 0.000000 0.000000     5.744859     0.407628 
59354.718280 0.000000 0.000000     5.728440     0.407673 
59354.755890 0.000000 0.000000     5.712166     0.407702 
59354.793500 0.000000 0.000000     5.696041     0.407715 
59354.831111 0.000000 0.000000     5.680069     0.407711 
59354.868721 0.000000 0.000000     5.664255     0.407691 
59354.906331 0.000000 0.000000     5.648602     0.407653 
59354.943941 0.000000 0.000000     5.633114     0.407597 
59354.981551 0.000000 0.000000     5.617796     0.407525 
59355.019161 0.000000 0.000000     5.602650     0.407434 
59355.056772 0.000000 0.000000     5.587682     0.407326 
59355.094382 0.000000 0.000000     5.572894     0.407199 
59355.131992 0.000000 0.000000     5.558291     0.407054 
59355.169602 0.000000 0.000000     5.543877     0.406891 
59355.207212 0.000000 0.000000     5.529655     0.406709 
59355.244822 0.000000 0.000000     5.515629     0.406509 
59355.282433 0.000000 0.000000     5.501803     0.406289 
59355.320043 0.000000 0.000000     5.488181     0.406051 
59355.357653 0.000000 0.000000     5.474766     0.405794 
59355.395263 0.000000 0.000000     5.461562     0.405517 
59355.432873 0.000000 0.000000     5.448573     0.405221 
59355.470483 0.000000 0.000000     5.435801     0.404906 
59355.508093 0.000000 0.000000     5.423252     0.404572 
59355.545704 0.000000 0.000000     5.410928     0.404218 
59355.583314 0.000000 0.000000     5.398833     0.403845 
59355.620924 0.000000 0.000000     5.386970     0.403453 
59355.658534 0.000000 0.000000     5.375343     0.403041 
59355.696144 0.000000 0.000000     5.363955     0.402610 
59355.733754 0.000000 0.000000     5.352810     0.402159 
59355.771365 0.000000 0.000000     5.341911     0.401689 
59355.808975 0.000000 0.000000     5.331260     0.401201 
59355.846585 0.000000 0.000000     5.320863     0.400693 
59355.884195 0.000000 0.000000     5.310721     0.400166 
59355.921805 0.000000 0.000000     5.300838     0.399620 
59355.959415 0.000000 0.000000     5.291216     0.399056 
59355.997025 0.000000 0.000000     5.281860     0.398473 
59356.034636 0.000000 0.000000     5.272772     0.397873 
59356.072246 0.000000 0.000000     5.263955     0.397254 
59356.109856 0.000000 0.000000     5.255413     0.396618 
59356.147466 0.000000 0.000000     5.247147     0.395964 
59356.185076 0.000000 0.000000     5.239161     0.395294 
59356.222686 0.000000 0.000000     5.231458     0.394607 
59356.260297 0.000000 0.000000     5.224040     0.393904 
59356.297907 0.000000 0.000000     5.216911     0.393186 
59356.335517 0.000000 0.000000     5.210073     0.392452 
59356.373127 0.000000 0.000000     5.203528     0.391704 
59356.410737 0.000000 0.000000     5.197279     0.390942 
59356.448347 0.000000 0.000000     5.191329     0.390167 
59356.485957 0.000000 0.000000     5.185680     0.389379 
59356.523568 0.000000 0.000000     5.180335     0.388579 
59356.561178 0.000000 0.000000     5.175296     0.387768 
59356.598788 0.000000 0.000000     5.170565     0.386947 
59356.636398 0.000000 0.000000     5.166145     0.386116 
59356.674008 0.000000 0.000000     5.162038     0.385277 
59356.711618 0.000000 0.000000     5.158245     0.384431 
59356.749229 0.000000 0.000000     5.154770     0.383579 
59356.786839 0.000000 0.000000     5.151614     0.382722 
59356.824449 0.000000 0.000000     5.148779     0.381861 
59356.862059 0.000000 0.000000     5.146267     0.380998 
59356.899669 0.000000 0.000000     5.144080     0.380133 
59356.937279 0.000000 0.000000     5.142220     0.379269 
59356.974890 0.000000 0.000000     5.140688     0.378407 
59357.012500 0.000000 0.000000     5.139487     0.377549 
59357.050110 0.000000 0.000000     5.138618     0.376695 
59357.087720 0.000000 0.000000     5.138082     0.375849 
59357.125330 0.000000 0.000000     5.137882     0.375012 
59357.162940 0.000000 0.000000     5.138018     0.374186 
59357.200550 0.000000 0.000000     5.138492     0.373374 
59357.238161 0.000000 0.000000     5.139305     0.372576 
59357.275771 0.000000 0.000000     5.140459     0.371796 
59357.313381 0.000000 0.000000     5.141955     0.371035 
59357.350991 0.000000 0.000000     5.143794     0.370297 
59357.388601 0.000000 0.000000     5.145977     0.369583 
59357.426211 0.000000 0.000000     5.148505     0.368897 
59357.463822 0.000000 0.000000     5.151379     0.368241 
59357.501432 0.000000 0.000000     5.154601     0.367617 
59357.539042 0.000000 0.000000     5.158170     0.367029 
59357.576652 0.000000 0.000000     5.162088     0.366479 
59357.614262 0.000000 0.000000     5.166355     0.365970 
59357.651872 0.000000 0.000000     5.170972     0.365505 
59357.689482 0.000000 0.000000     5.175940     0.365088 
59357.727093 0.000000 0.000000     5.181259     0.364720 
59357.764703 0.000000 0.000000     5.186930     0.364406 
59357.802313 0.000000 0.000000     5.192953     0.364147 
59357.839923 0.000000 0.000000     5.199328     0.363948 
59357.877533 0.000000 0.000000     5.206055     0.363810 
59357.915143 0.000000 0.000000     5.213135     0.363737 
59357.952754 0.000000 0.000000     5.220569     0.363732 
59357.990364 0.000000 0.000000     5.228355     0.363797 
59358.027974 0.000000 0.000000     5.236494     0.363935 
59358.065584 0.000000 0.000000     5.244986     0.364149 
59358.103194 0.000000 0.000000     5.253830     0.364440 
59358.140804 0.000000 0.000000     5.263028     0.364812 
59358.178414 0.000000 0.000000     5.272577     0.365265 
59358.216025 0.000000 0.000000     5.282478     0.365803 
59358.253635 0.000000 0.000000     5.292731     0.366426 
59358.291245 0.000000 0.000000     5.303335     0.367136 
59358.328855 0.000000 0.000000     5.314289     0.367935 
59358.366465 0.000000 0.000000     5.325593     0.368823 
59358.404075 0.000000 0.000000     5.337246     0.369802 
59358.441686 0.000000 0.000000     5.349248     0.370871 
59358.479296 0.000000 0.000000     5.361597     0.372032 
59358.516906 0.000000 0.000000     5.374293     0.373284 
59358.554516 0.000000 0.000000     5.387334     0.374628 
59358.592126 0.000000 0.000000     5.400720     0.376062 
59358.629736 0.000000 0.000000     5.414450     0.377587 
59358.667347 0.000000 0.000000     5.428523     0.379201 
59358.704957 0.000000 0.000000     5.442936     0.380904 
59358.742567 0.000000 0.000000     5.457690     0.382695 
59358.780177 0.000000 0.000000     5.472782     0.384571 
59358.817787 0.000000 0.000000     5.488211     0.386532 
59358.855397 0.000000 0.000000     5.503977     0.388575 
59358.893007 0.000000 0.000000     5.520076     0.390700 
59358.930618 0.000000 0.000000     5.536508     0.392903 
59358.968228 0.000000 0.000000     5.553270     0.395184 
59359.005838 0.000000 0.000000     5.570362     0.397539 
59359.043448 0.000000 0.000000     5.587781     0.399967 
59359.081058 0.000000 0.000000     5.605526     0.402465 
59359.118668 0.000000 0.000000     5.623594     0.405030 
59359.156279 0.000000 0.000000     5.641984     0.407661 
59359.193889 0.000000 0.000000     5.660693     0.410355 
59359.231499 0.000000 0.000000     5.679719     0.413110 
59359.269109 0.000000 0.000000     5.699061     0.415922 
59359.306719 0.000000 0.000000     5.718715     0.418790 
59359.344329 0.000000 0.000000     5.738680     0.421711 
59359.381939 0.000000 0.000000     5.758953     0.424682 
59359.419550 0.000000 0.000000     5.779532     0.427702 
59359.457160 0.000000 0.000000     5.800414     0.430768 
59359.494770 0.000000 0.000000     5.821597     0.433877 
59359.532380 0.000000 0.000000     5.843078     0.437027 
59359.569990 0.000000 0.000000     5.864854     0.440216 
59359.607600 0.000000 0.000000     5.886923     0.443442 
59359.645211 0.000000 0.000000     5.909281     0.446702 
59359.682821 0.000000 0.000000     5.931927     0.449995 
59359.720431 0.000000 0.000000     5.954857     0.453319 
59359.758041 0.000000 0.000000     5.978068     0.456671 
59359.795651 0.000000 0.000000     6.001557     0.460049 
59359.833261 0.000000 0.000000     6.025321     0.463453 
59359.870871 0.000000 0.000000     6.049357     0.466879 
59359.908482 0.000000 0.000000     6.073661     0.470327 
59359.946092 0.000000 0.000000     6.098231     0.473794 
59359.983702 0.000000 0.000000     6.123063     0.477279 
59360.021312 0.000000 0.000000     6.148154     0.480781 
59360.058922 0.000000 0.000000     6.173501     0.484298 
59360.096532 0.000000 0.000000     6.199099     0.487828 
59360.134143 0.000000 0.000000     6.224946     0.491370 
59360.171753 0.000000 0.000000     6.251038     0.494923 
59360.209363 0.000000 0.000000     6.277371     0.498486 
59360.246973 0.000000 0.000000     6.303942     0.502057 
59360.284583 0.000000 0.000000     6.330747     0.505635 
59360.322193 0.000000 0.000000     6.357782     0.509219 
59360.359804 0.000000 0.000000     6.385044     0.512808 
59360.397414 0.000000 0.000000     6.412528     0.516400 
59360.435024 0.000000 0.000000     6.440231     0.519996 
59360.472634 0.000000 0.000000     6.468149     0.523593 
59360.510244 0.000000 0.000000     6.496277     0.527191 
59360.547854 0.000000 0.000000     6.524613     0.530789 
59360.585464 0.000000 0.000000     6.553151     0.534387 
59360.623075 0.000000 0.000000     6.581888     0.537982 
59360.660685 0.000000 0.000000     6.610820     0.541576 
59360.698295 0.000000 0.000000     6.639942     0.545165 
59360.735905 0.000000 0.000000     6.669250     0.548751 
59360.773515 0.000000 0.000000     6.698741     0.552333 
59360.811125 0.000000 0.000000     6.728409     0.555908 
59360.848736 0.000000 0.000000     6.758250     0.559478 
59360.886346 0.000000 0.000000     6.788260     0.563041 
59360.923956 0.000000 0.000000     6.818436     0.566597 
59360.961566 0.000000 0.000000     6.848771     0.570145 
59360.999176 0.000000 0.000000     6.879262     0.573685 
59361.036786 0.000000 0.000000     6.909904     0.577215 
59361.074396 0.000000 0.000000     6.940694     0.580736 
59361.112007 0.000000 0.000000     6.971625     0.584247 
59361.149617 0.000000 0.000000     7.002695     0.587748 
59361.187227 0.000000 0.000000     7.033897     0.591238 
59361.224837 0.000000 0.000000     7.065228     0.594716 
59361.262447 0.000000 0.000000     7.096682     0.598182 
59361.300057 0.000000 0.000000     7.128256     0.601636 
59361.337668 0.000000 0.000000     7.159945     0.605078 
59361.375278 0.000000 0.000000     7.191743     0.608506 
59361.412888 0.000000 0.000000     7.223646     0.611921 
59361.450498 0.000000 0.000000     7.255650     0.615322 
59361.488108 0.000000 0.000000     7.287749     0.618709 
59361.525718 0.000000 0.000000     7.319938     0.622082 
59361.563328 0.000000 0.000000     7.352214     0.625440 
59361.600939 0.000000 0.000000     7.384570     0.628782 
59361.638549 0.000000 0.000000     7.417003     0.632109 
59361.676159 0.000000 0.000000     7.449508     0.635421 
59361.713769 0.000000 0.000000     7.482078     0.638716 
59361.751379 0.000000 0.000000     7.514711     0.641995 
59361.788989 0.000000 0.000000     7.547400     0.645257 
59361.826600 0.000000 0.000000     7.580141     0.648503 
59361.864210 0.000000 0.000000     7.612928     0.651731 
59361.901820 0.000000 0.000000     7.645758     0.654942 
59361.939430 0.000000 0.000000    -0.013756     0.004989 
