# time Tc_folded Tref_folded model model_err 
59318.211098 0.000000 0.000000    -7.330873     1.036449 
59318.265916 0.000000 0.000000    -7.326665     1.036198 
59318.320735 0.000000 0.000000    -7.321894     1.035954 
59318.375553 0.000000 0.000000    -7.316557     1.035715 
59318.430372 0.000000 0.000000    -7.310652     1.035483 
59318.485190 0.000000 0.000000    -7.304176     1.035256 
59318.540009 0.000000 0.000000    -7.297127     1.035036 
59318.594827 0.000000 0.000000    -7.289503     1.034822 
59318.649645 0.000000 0.000000    -7.281302     1.034615 
59318.704464 0.000000 0.000000    -7.272523     1.034416 
59318.759282 0.000000 0.000000    -7.263164     1.034223 
59318.814101 0.000000 0.000000    -7.253226     1.034037 
59318.868919 0.000000 0.000000    -7.242707     1.033859 
59318.923738 0.000000 0.000000    -7.231607     1.033689 
59318.978556 0.000000 0.000000    -7.219927     1.033526 
59319.033374 0.000000 0.000000    -7.207667     1.033371 
59319.088193 0.000000 0.000000    -7.194828     1.033225 
59319.143011 0.000000 0.000000    -7.181411     1.033086 
59319.197830 0.000000 0.000000    -7.167417     1.032956 
59319.252648 0.000000 0.000000    -7.152847     1.032834 
59319.307467 0.000000 0.000000    -7.137705     1.032720 
59319.362285 0.000000 0.000000    -7.121992     1.032616 
59319.417103 0.000000 0.000000    -7.105711     1.032520 
59319.471922 0.000000 0.000000    -7.088864     1.032432 
59319.526740 0.000000 0.000000    -7.071456     1.032354 
59319.581559 0.000000 0.000000    -7.053489     1.032285 
59319.636377 0.000000 0.000000    -7.034967     1.032224 
59319.691196 0.000000 0.000000    -7.015895     1.032172 
59319.746014 0.000000 0.000000    -6.996277     1.032130 
59319.800832 0.000000 0.000000    -6.976118     1.032097 
59319.855651 0.000000 0.000000    -6.955423     1.032072 
59319.910469 0.000000 0.000000    -6.934196     1.032057 
59319.965288 0.000000 0.000000    -6.912445     1.032051 
59320.020106 0.000000 0.000000    -6.890174     1.032054 
59320.074925 0.000000 0.000000    -6.867391     1.032066 
59320.129743 0.000000 0.000000    -6.844101     1.032087 
59320.184561 0.000000 0.000000    -6.820311     1.032116 
59320.239380 0.000000 0.000000    -6.796029     1.032155 
59320.294198 0.000000 0.000000    -6.771262     1.032202 
59320.349017 0.000000 0.000000    -6.746018     1.032258 
59320.403835 0.000000 0.000000    -6.720304     1.032323 
59320.458654 0.000000 0.000000    -6.694130     1.032395 
59320.513472 0.000000 0.000000    -6.667502     1.032477 
59320.568290 0.000000 0.000000    -6.640432     1.032566 
59320.623109 0.000000 0.000000    -6.612926     1.032663 
59320.677927 0.000000 0.000000    -6.584995     1.032768 
59320.732746 0.000000 0.000000    -6.556649     1.032881 
59320.787564 0.000000 0.000000    -6.527897     1.033001 
59320.842383 0.000000 0.000000    -6.498749     1.033128 
59320.897201 0.000000 0.000000    -6.469217     1.033262 
59320.952019 0.000000 0.000000    -6.439309     1.033403 
59321.006838 0.000000 0.000000    -6.409038     1.033550 
59321.061656 0.000000 0.000000    -6.378414     1.033704 
59321.116475 0.000000 0.000000    -6.347449     1.033863 
59321.171293 0.000000 0.000000    -6.316155     1.034028 
59321.226112 0.000000 0.000000    -6.284543     1.034199 
59321.280930 0.000000 0.000000    -6.252624     1.034374 
59321.335748 0.000000 0.000000    -6.220413     1.034554 
59321.390567 0.000000 0.000000    -6.187920     1.034739 
59321.445385 0.000000 0.000000    -6.155160     1.034927 
59321.500204 0.000000 0.000000    -6.122143     1.035119 
59321.555022 0.000000 0.000000    -6.088885     1.035314 
59321.609841 0.000000 0.000000    -6.055397     1.035512 
59321.664659 0.000000 0.000000    -6.021694     1.035712 
59321.719477 0.000000 0.000000    -5.987789     1.035915 
59321.774296 0.000000 0.000000    -5.953696     1.036119 
59321.829114 0.000000 0.000000    -5.919428     1.036324 
59321.883933 0.000000 0.000000    -5.885001     1.036529 
59321.938751 0.000000 0.000000    -5.850428     1.036735 
59321.993569 0.000000 0.000000    -5.815724     1.036941 
59322.048388 0.000000 0.000000    -5.780903     1.037146 
59322.103206 0.000000 0.000000    -5.745981     1.037349 
59322.158025 0.000000 0.000000    -5.710972     1.037551 
59322.212843 0.000000 0.000000    -5.675891     1.037751 
59322.267662 0.000000 0.000000    -5.640753     1.037948 
59322.322480 0.000000 0.000000    -5.605574     1.038141 
59322.377298 0.000000 0.000000    -5.570369     1.038331 
59322.432117 0.000000 0.000000    -5.535153     1.038516 
59322.486935 0.000000 0.000000    -5.499943     1.038696 
59322.541754 0.000000 0.000000    -5.464753     1.038871 
59322.596572 0.000000 0.000000    -5.429599     1.039040 
59322.651391 0.000000 0.000000    -5.394498     1.039202 
59322.706209 0.000000 0.000000    -5.359465     1.039357 
59322.761027 0.000000 0.000000    -5.324516     1.039504 
59322.815846 0.000000 0.000000    -5.289667     1.039642 
59322.870664 0.000000 0.000000    -5.254934     1.039772 
59322.925483 0.000000 0.000000    -5.220333     1.039891 
59322.980301 0.000000 0.000000    -5.185881     1.040001 
59323.035120 0.000000 0.000000    -5.151594     1.040100 
59323.089938 0.000000 0.000000    -5.117487     1.040187 
59323.144756 0.000000 0.000000    -5.083576     1.040262 
59323.199575 0.000000 0.000000    -5.049879     1.040324 
59323.254393 0.000000 0.000000    -5.016412     1.040373 
59323.309212 0.000000 0.000000    -4.983189     1.040407 
59323.364030 0.000000 0.000000    -4.950228     1.040428 
59323.418849 0.000000 0.000000    -4.917545     1.040432 
59323.473667 0.000000 0.000000    -4.885156     1.040421 
59323.528485 0.000000 0.000000    -4.853077     1.040393 
59323.583304 0.000000 0.000000    -4.821323     1.040348 
59323.638122 0.000000 0.000000    -4.789911     1.040285 
59323.692941 0.000000 0.000000    -4.758857     1.040204 
59323.747759 0.000000 0.000000    -4.728177     1.040103 
59323.802578 0.000000 0.000000    -4.697886     1.039983 
59323.857396 0.000000 0.000000    -4.667999     1.039842 
59323.912214 0.000000 0.000000    -4.638534     1.039680 
59323.967033 0.000000 0.000000    -4.609504     1.039496 
59324.021851 0.000000 0.000000    -4.580926     1.039289 
59324.076670 0.000000 0.000000    -4.552814     1.039060 
59324.131488 0.000000 0.000000    -4.525184     1.038806 
59324.186307 0.000000 0.000000    -4.498051     1.038529 
59324.241125 0.000000 0.000000    -4.471430     1.038226 
59324.295943 0.000000 0.000000    -4.445335     1.037898 
59324.350762 0.000000 0.000000    -4.419780     1.037544 
59324.405580 0.000000 0.000000    -4.394782     1.037162 
59324.460399 0.000000 0.000000    -4.370353     1.036753 
59324.515217 0.000000 0.000000    -4.346507     1.036316 
59324.570036 0.000000 0.000000    -4.323259     1.035851 
59324.624854 0.000000 0.000000    -4.300623     1.035356 
59324.679672 0.000000 0.000000    -4.278612     1.034830 
59324.734491 0.000000 0.000000    -4.257238     1.034275 
59324.789309 0.000000 0.000000    -4.236516     1.033688 
59324.844128 0.000000 0.000000    -4.216459     1.033069 
59324.898946 0.000000 0.000000    -4.197078     1.032418 
59324.953765 0.000000 0.000000    -4.178387     1.031734 
59325.008583 0.000000 0.000000    -4.160398     1.031017 
59325.063401 0.000000 0.000000    -4.143122     1.030266 
59325.118220 0.000000 0.000000    -4.126572     1.029480 
59325.173038 0.000000 0.000000    -4.110759     1.028658 
59325.227857 0.000000 0.000000    -4.095694     1.027801 
59325.282675 0.000000 0.000000    -4.081389     1.026908 
59325.337494 0.000000 0.000000    -4.067854     1.025978 
59325.392312 0.000000 0.000000    -4.055099     1.025011 
59325.447130 0.000000 0.000000    -4.043135     1.024006 
59325.501949 0.000000 0.000000    -4.031972     1.022962 
59325.556767 0.000000 0.000000    -4.021619     1.021880 
59325.611586 0.000000 0.000000    -4.012086     1.020759 
59325.666404 0.000000 0.000000    -4.003381     1.019597 
59325.721223 0.000000 0.000000    -3.995514     1.018396 
59325.776041 0.000000 0.000000    -3.988492     1.017153 
59325.830859 0.000000 0.000000    -3.982325     1.015870 
59325.885678 0.000000 0.000000    -3.977020     1.014545 
59325.940496 0.000000 0.000000    -3.972583     1.013178 
59325.995315 0.000000 0.000000    -3.969023     1.011768 
59326.050133 0.000000 0.000000    -3.966347     1.010316 
59326.104952 0.000000 0.000000    -3.964560     1.008820 
59326.159770 0.000000 0.000000    -3.963669     1.007281 
59326.214588 0.000000 0.000000    -3.963679     1.005697 
59326.269407 0.000000 0.000000    -3.964597     1.004070 
59326.324225 0.000000 0.000000    -3.966427     1.002397 
59326.379044 0.000000 0.000000    -3.969174     1.000680 
59326.433862 0.000000 0.000000    -3.972842     0.998917 
59326.488681 0.000000 0.000000    -3.977436     0.997108 
59326.543499 0.000000 0.000000    -3.982960     0.995253 
59326.598317 0.000000 0.000000    -3.989415     0.993352 
59326.653136 0.000000 0.000000    -3.996807     0.991405 
59326.707954 0.000000 0.000000    -4.005136     0.989410 
59326.762773 0.000000 0.000000    -4.014406     0.987368 
59326.817591 0.000000 0.000000    -4.024618     0.985279 
59326.872410 0.000000 0.000000    -4.035773     0.983143 
59326.927228 0.000000 0.000000    -4.047874     0.980958 
59326.982046 0.000000 0.000000    -4.060920     0.978726 
59327.036865 0.000000 0.000000    -4.074912     0.976445 
59327.091683 0.000000 0.000000    -4.089850     0.974116 
59327.146502 0.000000 0.000000    -4.105734     0.971738 
59327.201320 0.000000 0.000000    -4.122562     0.969311 
59327.256139 0.000000 0.000000    -4.140334     0.966836 
59327.310957 0.000000 0.000000    -4.159048     0.964312 
59327.365775 0.000000 0.000000    -4.178702     0.961739 
59327.420594 0.000000 0.000000    -4.199294     0.959116 
59327.475412 0.000000 0.000000    -4.220821     0.956444 
59327.530231 0.000000 0.000000    -4.243281     0.953723 
59327.585049 0.000000 0.000000    -4.266669     0.950953 
59327.639868 0.000000 0.000000    -4.290982     0.948133 
59327.694686 0.000000 0.000000    -4.316216     0.945264 
59327.749504 0.000000 0.000000    -4.342366     0.942345 
59327.804323 0.000000 0.000000    -4.369427     0.939377 
59327.859141 0.000000 0.000000    -4.397394     0.936360 
59327.913960 0.000000 0.000000    -4.426261     0.933293 
59327.968778 0.000000 0.000000    -4.456022     0.930177 
59328.023597 0.000000 0.000000    -4.486671     0.927012 
59328.078415 0.000000 0.000000    -4.518201     0.923798 
59328.133233 0.000000 0.000000    -4.550605     0.920535 
59328.188052 0.000000 0.000000    -4.583875     0.917223 
59328.242870 0.000000 0.000000    -4.618003     0.913862 
59328.297689 0.000000 0.000000    -4.652982     0.910453 
59328.352507 0.000000 0.000000    -4.688802     0.906996 
59328.407326 0.000000 0.000000    -4.725454     0.903491 
59328.462144 0.000000 0.000000    -4.762930     0.899937 
59328.516962 0.000000 0.000000    -4.801220     0.896336 
59328.571781 0.000000 0.000000    -4.840313     0.892688 
59328.626599 0.000000 0.000000    -4.880200     0.888992 
59328.681418 0.000000 0.000000    -4.920869     0.885250 
59328.736236 0.000000 0.000000    -4.962311     0.881461 
59328.791054 0.000000 0.000000    -5.004513     0.877625 
59328.845873 0.000000 0.000000    -5.047463     0.873744 
59328.900691 0.000000 0.000000    -5.091151     0.869818 
59328.955510 0.000000 0.000000    -5.135563     0.865847 
59329.010328 0.000000 0.000000    -5.180688     0.861830 
59329.065147 0.000000 0.000000    -5.226512     0.857770 
59329.119965 0.000000 0.000000    -5.273023     0.853666 
59329.174783 0.000000 0.000000    -5.320206     0.849519 
59329.229602 0.000000 0.000000    -5.368049     0.845329 
59329.284420 0.000000 0.000000    -5.416536     0.841096 
59329.339239 0.000000 0.000000    -5.465655     0.836822 
59329.394057 0.000000 0.000000    -5.515390     0.832507 
59329.448876 0.000000 0.000000    -5.565727     0.828151 
59329.503694 0.000000 0.000000    -5.616651     0.823755 
59329.558512 0.000000 0.000000    -5.668146     0.819321 
59329.613331 0.000000 0.000000    -5.720197     0.814847 
59329.668149 0.000000 0.000000    -5.772788     0.810336 
59329.722968 0.000000 0.000000    -5.825903     0.805787 
59329.777786 0.000000 0.000000    -5.879527     0.801202 
59329.832605 0.000000 0.000000    -5.933642     0.796581 
59329.887423 0.000000 0.000000    -5.988232     0.791926 
59329.942241 0.000000 0.000000    -6.043280     0.787236 
59329.997060 0.000000 0.000000    -6.098770     0.782513 
59330.051878 0.000000 0.000000    -6.154684     0.777758 
59330.106697 0.000000 0.000000    -6.211004     0.772972 
59330.161515 0.000000 0.000000    -6.267714     0.768155 
59330.216334 0.000000 0.000000    -6.324795     0.763309 
59330.271152 0.000000 0.000000    -6.382231     0.758435 
59330.325970 0.000000 0.000000    -6.440001     0.753533 
59330.380789 0.000000 0.000000    -6.498090     0.748605 
59330.435607 0.000000 0.000000    -6.556478     0.743651 
59330.490426 0.000000 0.000000    -6.615147     0.738674 
59330.545244 0.000000 0.000000    -6.674079     0.733674 
59330.600063 0.000000 0.000000    -6.733254     0.728653 
59330.654881 0.000000 0.000000    -6.792656     0.723611 
59330.709699 0.000000 0.000000    -6.852263     0.718550 
59330.764518 0.000000 0.000000    -6.912059     0.713472 
59330.819336 0.000000 0.000000    -6.972023     0.708378 
59330.874155 0.000000 0.000000    -7.032137     0.703269 
59330.928973 0.000000 0.000000    -7.092382     0.698146 
59330.983792 0.000000 0.000000    -7.152738     0.693012 
59331.038610 0.000000 0.000000    -7.213188     0.687868 
59331.093428 0.000000 0.000000    -7.273710     0.682715 
59331.148247 0.000000 0.000000    -7.334288     0.677556 
59331.203065 0.000000 0.000000    -7.394900     0.672391 
59331.257884 0.000000 0.000000    -7.455528     0.667224 
59331.312702 0.000000 0.000000    -7.516153     0.662054 
59331.367521 0.000000 0.000000    -7.576756     0.656885 
59331.422339 0.000000 0.000000    -7.637317     0.651718 
59331.477157 0.000000 0.000000    -7.697817     0.646556 
59331.531976 0.000000 0.000000    -7.758238     0.641400 
59331.586794 0.000000 0.000000    -7.818560     0.636253 
59331.641613 0.000000 0.000000    -7.878765     0.631116 
59331.696431 0.000000 0.000000    -7.938832     0.625992 
59331.751250 0.000000 0.000000    -7.998745     0.620883 
59331.806068 0.000000 0.000000    -8.058483     0.615792 
59331.860886 0.000000 0.000000    -8.118029     0.610720 
59331.915705 0.000000 0.000000    -8.177363     0.605671 
59331.970523 0.000000 0.000000    -8.236467     0.600646 
59332.025342 0.000000 0.000000    -8.295323     0.595649 
59332.080160 0.000000 0.000000    -8.353913     0.590681 
59332.134979 0.000000 0.000000    -8.412218     0.585746 
59332.189797 0.000000 0.000000    -8.470221     0.580846 
59332.244615 0.000000 0.000000    -8.527904     0.575985 
59332.299434 0.000000 0.000000    -8.585249     0.571163 
59332.354252 0.000000 0.000000    -8.642238     0.566385 
59332.409071 0.000000 0.000000    -8.698855     0.561654 
59332.463889 0.000000 0.000000    -8.755082     0.556971 
59332.518708 0.000000 0.000000    -8.810903     0.552341 
59332.573526 0.000000 0.000000    -8.866300     0.547765 
59332.628344 0.000000 0.000000    -8.921257     0.543247 
59332.683163 0.000000 0.000000    -8.975757     0.538790 
59332.737981 0.000000 0.000000    -9.029785     0.534395 
59332.792800 0.000000 0.000000    -9.083325     0.530067 
59332.847618 0.000000 0.000000    -9.136361     0.525808 
59332.902437 0.000000 0.000000    -9.188877     0.521621 
59332.957255 0.000000 0.000000    -9.240859     0.517508 
59333.012073 0.000000 0.000000    -9.292291     0.513471 
59333.066892 0.000000 0.000000    -9.343159     0.509514 
59333.121710 0.000000 0.000000    -9.393448     0.505639 
59333.176529 0.000000 0.000000    -9.443144     0.501847 
59333.231347 0.000000 0.000000    -9.492233     0.498142 
59333.286166 0.000000 0.000000    -9.540702     0.494525 
59333.340984 0.000000 0.000000    -9.588537     0.490997 
59333.395802 0.000000 0.000000    -9.635726     0.487562 
59333.450621 0.000000 0.000000    -9.682255     0.484219 
59333.505439 0.000000 0.000000    -9.728112     0.480970 
59333.560258 0.000000 0.000000    -9.773285     0.477816 
59333.615076 0.000000 0.000000    -9.817763     0.474759 
59333.669895 0.000000 0.000000    -9.861533     0.471798 
59333.724713 0.000000 0.000000    -9.904585     0.468934 
59333.779531 0.000000 0.000000    -9.946908     0.466167 
59333.834350 0.000000 0.000000    -9.988491     0.463497 
59333.889168 0.000000 0.000000   -10.029324     0.460923 
59333.943987 0.000000 0.000000   -10.069397     0.458445 
59333.998805 0.000000 0.000000   -10.108701     0.456063 
59334.053624 0.000000 0.000000   -10.147227     0.453774 
59334.108442 0.000000 0.000000   -10.184966     0.451577 
59334.163260 0.000000 0.000000   -10.221910     0.449471 
59334.218079 0.000000 0.000000   -10.258049     0.447454 
59334.272897 0.000000 0.000000   -10.293378     0.445524 
59334.327716 0.000000 0.000000   -10.327888     0.443679 
59334.382534 0.000000 0.000000   -10.361573     0.441916 
59334.437353 0.000000 0.000000   -10.394425     0.440232 
59334.492171 0.000000 0.000000   -10.426439     0.438626 
59334.546989 0.000000 0.000000   -10.457609     0.437093 
59334.601808 0.000000 0.000000   -10.487929     0.435632 
59334.656626 0.000000 0.000000   -10.517394     0.434239 
59334.711445 0.000000 0.000000   -10.546000     0.432910 
59334.766263 0.000000 0.000000   -10.573743     0.431643 
59334.821082 0.000000 0.000000   -10.600617     0.430435 
59334.875900 0.000000 0.000000   -10.626620     0.429282 
59334.930718 0.000000 0.000000   -10.651749     0.428181 
59334.985537 0.000000 0.000000   -10.676000     0.427128 
59335.040355 0.000000 0.000000   -10.699372     0.426121 
59335.095174 0.000000 0.000000   -10.721862     0.425157 
59335.149992 0.000000 0.000000   -10.743469     0.424232 
59335.204811 0.000000 0.000000   -10.764191     0.423342 
59335.259629 0.000000 0.000000   -10.784027     0.422487 
59335.314447 0.000000 0.000000   -10.802978     0.421661 
59335.369266 0.000000 0.000000   -10.821042     0.420864 
59335.424084 0.000000 0.000000   -10.838221     0.420091 
59335.478903 0.000000 0.000000   -10.854515     0.419341 
59335.533721 0.000000 0.000000   -10.869924     0.418610 
59335.588540 0.000000 0.000000   -10.884451     0.417897 
59335.643358 0.000000 0.000000   -10.898097     0.417200 
59335.698176 0.000000 0.000000   -10.910865     0.416516 
59335.752995 0.000000 0.000000   -10.922756     0.415844 
59335.807813 0.000000 0.000000   -10.933774     0.415181 
59335.862632 0.000000 0.000000   -10.943922     0.414527 
59335.917450 0.000000 0.000000   -10.953204     0.413878 
59335.972268 0.000000 0.000000   -10.961624     0.413235 
59336.027087 0.000000 0.000000   -10.969186     0.412595 
59336.081905 0.000000 0.000000   -10.975895     0.411958 
59336.136724 0.000000 0.000000   -10.981755     0.411323 
59336.191542 0.000000 0.000000   -10.986774     0.410688 
59336.246361 0.000000 0.000000   -10.990955     0.410053 
59336.301179 0.000000 0.000000   -10.994306     0.409417 
59336.355997 0.000000 0.000000   -10.996833     0.408779 
59336.410816 0.000000 0.000000   -10.998542     0.408140 
59336.465634 0.000000 0.000000   -10.999441     0.407498 
59336.520453 0.000000 0.000000   -10.999538     0.406853 
59336.575271 0.000000 0.000000   -10.998840     0.406206 
59336.630090 0.000000 0.000000   -10.997354     0.405556 
59336.684908 0.000000 0.000000   -10.995091     0.404903 
59336.739726 0.000000 0.000000   -10.992057     0.404247 
59336.794545 0.000000 0.000000   -10.988263     0.403588 
59336.849363 0.000000 0.000000   -10.983718     0.402927 
59336.904182 0.000000 0.000000   -10.978431     0.402264 
59336.959000 0.000000 0.000000   -10.972413     0.401599 
59337.013819 0.000000 0.000000   -10.965672     0.400933 
59337.068637 0.000000 0.000000   -10.958221     0.400266 
59337.123455 0.000000 0.000000   -10.950069     0.399598 
59337.178274 0.000000 0.000000   -10.941228     0.398931 
59337.233092 0.000000 0.000000   -10.931709     0.398265 
59337.287911 0.000000 0.000000   -10.921523     0.397600 
59337.342729 0.000000 0.000000   -10.910682     0.396938 
59337.397548 0.000000 0.000000   -10.899199     0.396279 
59337.452366 0.000000 0.000000   -10.887084     0.395623 
59337.507184 0.000000 0.000000   -10.874351     0.394973 
59337.562003 0.000000 0.000000   -10.861013     0.394327 
59337.616821 0.000000 0.000000   -10.847082     0.393688 
59337.671640 0.000000 0.000000   -10.832572     0.393055 
59337.726458 0.000000 0.000000   -10.817494     0.392430 
59337.781277 0.000000 0.000000   -10.801864     0.391814 
59337.836095 0.000000 0.000000   -10.785695     0.391208 
59337.890913 0.000000 0.000000   -10.769000     0.390611 
59337.945732 0.000000 0.000000   -10.751793     0.390026 
59338.000550 0.000000 0.000000   -10.734089     0.389453 
59338.055369 0.000000 0.000000   -10.715902     0.388892 
59338.110187 0.000000 0.000000   -10.697246     0.388345 
59338.165006 0.000000 0.000000   -10.678136     0.387811 
59338.219824 0.000000 0.000000   -10.658587     0.387293 
59338.274642 0.000000 0.000000   -10.638612     0.386789 
59338.329461 0.000000 0.000000   -10.618228     0.386302 
59338.384279 0.000000 0.000000   -10.597450     0.385832 
59338.439098 0.000000 0.000000   -10.576291     0.385379 
59338.493916 0.000000 0.000000   -10.554769     0.384943 
59338.548735 0.000000 0.000000   -10.532897     0.384526 
59338.603553 0.000000 0.000000   -10.510691     0.384128 
59338.658371 0.000000 0.000000   -10.488167     0.383749 
59338.713190 0.000000 0.000000   -10.465341     0.383389 
59338.768008 0.000000 0.000000   -10.442227     0.383049 
59338.822827 0.000000 0.000000   -10.418841     0.382728 
59338.877645 0.000000 0.000000   -10.395199     0.382429 
59338.932464 0.000000 0.000000   -10.371317     0.382149 
59338.987282 0.000000 0.000000   -10.347210     0.381890 
59339.042100 0.000000 0.000000   -10.322894     0.381652 
59339.096919 0.000000 0.000000   -10.298384     0.381435 
59339.151737 0.000000 0.000000   -10.273697     0.381238 
59339.206556 0.000000 0.000000   -10.248847     0.381062 
59339.261374 0.000000 0.000000   -10.223851     0.380906 
59339.316193 0.000000 0.000000   -10.198724     0.380772 
59339.371011 0.000000 0.000000   -10.173482     0.380657 
59339.425829 0.000000 0.000000   -10.148139     0.380563 
59339.480648 0.000000 0.000000   -10.122713     0.380488 
59339.535466 0.000000 0.000000   -10.097217     0.380434 
59339.590285 0.000000 0.000000   -10.071667     0.380399 
59339.645103 0.000000 0.000000   -10.046079     0.380383 
59339.699922 0.000000 0.000000   -10.020468     0.380386 
59339.754740 0.000000 0.000000    -9.994849     0.380408 
59339.809558 0.000000 0.000000    -9.969236     0.380448 
59339.864377 0.000000 0.000000    -9.943645     0.380506 
59339.919195 0.000000 0.000000    -9.918091     0.380582 
59339.974014 0.000000 0.000000    -9.892587     0.380675 
59340.028832 0.000000 0.000000    -9.867149     0.380784 
59340.083651 0.000000 0.000000    -9.841791     0.380911 
59340.138469 0.000000 0.000000    -9.816528     0.381053 
59340.193287 0.000000 0.000000    -9.791372     0.381211 
59340.248106 0.000000 0.000000    -9.766339     0.381385 
59340.302924 0.000000 0.000000    -9.741441     0.381574 
59340.357743 0.000000 0.000000    -9.716694     0.381777 
59340.412561 0.000000 0.000000    -9.692109     0.381995 
59340.467380 0.000000 0.000000    -9.667700     0.382227 
59340.522198 0.000000 0.000000    -9.643481     0.382472 
59340.577016 0.000000 0.000000    -9.619464     0.382731 
59340.631835 0.000000 0.000000    -9.595662     0.383003 
59340.686653 0.000000 0.000000    -9.572087     0.383288 
59340.741472 0.000000 0.000000    -9.548752     0.383586 
59340.796290 0.000000 0.000000    -9.525669     0.383895 
59340.851109 0.000000 0.000000    -9.502849     0.384217 
59340.905927 0.000000 0.000000    -9.480304     0.384551 
59340.960745 0.000000 0.000000    -9.458046     0.384897 
59341.015564 0.000000 0.000000    -9.436085     0.385254 
59341.070382 0.000000 0.000000    -9.414432     0.385622 
59341.125201 0.000000 0.000000    -9.393099     0.386002 
59341.180019 0.000000 0.000000    -9.372096     0.386393 
59341.234838 0.000000 0.000000    -9.351432     0.386795 
59341.289656 0.000000 0.000000    -9.331117     0.387208 
59341.344474 0.000000 0.000000    -9.311162     0.387631 
59341.399293 0.000000 0.000000    -9.291575     0.388066 
59341.454111 0.000000 0.000000    -9.272366     0.388511 
59341.508930 0.000000 0.000000    -9.253543     0.388967 
59341.563748 0.000000 0.000000    -9.235115     0.389433 
59341.618567 0.000000 0.000000    -9.217091     0.389910 
59341.673385 0.000000 0.000000    -9.199477     0.390398 
59341.728203 0.000000 0.000000    -9.182283     0.390897 
59341.783022 0.000000 0.000000    -9.165514     0.391406 
59341.837840 0.000000 0.000000    -9.149179     0.391925 
59341.892659 0.000000 0.000000    -9.133283     0.392455 
59341.947477 0.000000 0.000000    -9.117835     0.392996 
59342.002296 0.000000 0.000000    -9.102839     0.393548 
59342.057114 0.000000 0.000000    -9.088301     0.394110 
59342.111932 0.000000 0.000000    -9.074228     0.394683 
59342.166751 0.000000 0.000000    -9.060624     0.395266 
59342.221569 0.000000 0.000000    -9.047495     0.395860 
59342.276388 0.000000 0.000000    -9.034844     0.396465 
59342.331206 0.000000 0.000000    -9.022677     0.397080 
59342.386025 0.000000 0.000000    -9.010997     0.397705 
59342.440843 0.000000 0.000000    -8.999808     0.398342 
59342.495661 0.000000 0.000000    -8.989114     0.398988 
59342.550480 0.000000 0.000000    -8.978917     0.399645 
59342.605298 0.000000 0.000000    -8.969221     0.400312 
59342.660117 0.000000 0.000000    -8.960027     0.400990 
59342.714935 0.000000 0.000000    -8.951338     0.401677 
59342.769753 0.000000 0.000000    -8.943156     0.402374 
59342.824572 0.000000 0.000000    -8.935482     0.403081 
59342.879390 0.000000 0.000000    -8.928317     0.403797 
59342.934209 0.000000 0.000000    -8.921662     0.404523 
59342.989027 0.000000 0.000000    -8.915518     0.405258 
59343.043846 0.000000 0.000000    -8.909885     0.406001 
59343.098664 0.000000 0.000000    -8.904763     0.406753 
59343.153482 0.000000 0.000000    -8.900151     0.407514 
59343.208301 0.000000 0.000000    -8.896048     0.408282 
59343.263119 0.000000 0.000000    -8.892454     0.409058 
59343.317938 0.000000 0.000000    -8.889368     0.409842 
59343.372756 0.000000 0.000000    -8.886787     0.410632 
59343.427575 0.000000 0.000000    -8.884709     0.411429 
59343.482393 0.000000 0.000000    -8.883133     0.412232 
59343.537211 0.000000 0.000000    -8.882056     0.413041 
59343.592030 0.000000 0.000000    -8.881475     0.413856 
59343.646848 0.000000 0.000000    -8.881386     0.414675 
59343.701667 0.000000 0.000000    -8.881787     0.415498 
59343.756485 0.000000 0.000000    -8.882674     0.416325 
59343.811304 0.000000 0.000000    -8.884041     0.417156 
59343.866122 0.000000 0.000000    -8.885886     0.417990 
59343.920940 0.000000 0.000000    -8.888204     0.418825 
59343.975759 0.000000 0.000000    -8.890989     0.419663 
59344.030577 0.000000 0.000000    -8.894237     0.420502 
59344.085396 0.000000 0.000000    -8.897942     0.421341 
59344.140214 0.000000 0.000000    -8.902098     0.422181 
59344.195033 0.000000 0.000000    -8.906699     0.423019 
59344.249851 0.000000 0.000000    -8.911740     0.423857 
59344.304669 0.000000 0.000000    -8.917213     0.424693 
59344.359488 0.000000 0.000000    -8.923112     0.425527 
59344.414306 0.000000 0.000000    -8.929430     0.426358 
59344.469125 0.000000 0.000000    -8.936159     0.427185 
59344.523943 0.000000 0.000000    -8.943293     0.428007 
59344.578762 0.000000 0.000000    -8.950822     0.428825 
59344.633580 0.000000 0.000000    -8.958741     0.429638 
59344.688398 0.000000 0.000000    -8.967039     0.430444 
59344.743217 0.000000 0.000000    -8.975709     0.431244 
59344.798035 0.000000 0.000000    -8.984742     0.432037 
59344.852854 0.000000 0.000000    -8.994130     0.432821 
59344.907672 0.000000 0.000000    -9.003863     0.433597 
59344.962491 0.000000 0.000000    -9.013932     0.434364 
59345.017309 0.000000 0.000000    -9.024327     0.435121 
59345.072127 0.000000 0.000000    -9.035039     0.435867 
59345.126946 0.000000 0.000000    -9.046059     0.436603 
59345.181764 0.000000 0.000000    -9.057375     0.437327 
59345.236583 0.000000 0.000000    -9.068978     0.438039 
59345.291401 0.000000 0.000000    -9.080858     0.438739 
59345.346220 0.000000 0.000000    -9.093004     0.439425 
59345.401038 0.000000 0.000000    -9.105405     0.440098 
59345.455856 0.000000 0.000000    -9.118050     0.440756 
59345.510675 0.000000 0.000000    -9.130929     0.441399 
59345.565493 0.000000 0.000000    -9.144031     0.442028 
59345.620312 0.000000 0.000000    -9.157343     0.442640 
59345.675130 0.000000 0.000000    -9.170855     0.443237 
59345.729949 0.000000 0.000000    -9.184556     0.443816 
59345.784767 0.000000 0.000000    -9.198433     0.444379 
59345.839585 0.000000 0.000000    -9.212475     0.444924 
59345.894404 0.000000 0.000000    -9.226670     0.445451 
59345.949222 0.000000 0.000000    -9.241006     0.445960 
59346.004041 0.000000 0.000000    -9.255472     0.446450 
59346.058859 0.000000 0.000000    -9.270054     0.446921 
59346.113678 0.000000 0.000000    -9.284742     0.447373 
59346.168496 0.000000 0.000000    -9.299522     0.447805 
59346.223314 0.000000 0.000000    -9.314382     0.448217 
59346.278133 0.000000 0.000000    -9.329310     0.448609 
59346.332951 0.000000 0.000000    -9.344294     0.448980 
59346.387770 0.000000 0.000000    -9.359321     0.449330 
59346.442588 0.000000 0.000000    -9.374379     0.449659 
59346.497407 0.000000 0.000000    -9.389455     0.449967 
59346.552225 0.000000 0.000000    -9.404536     0.450253 
59346.607043 0.000000 0.000000    -9.419610     0.450518 
59346.661862 0.000000 0.000000    -9.434665     0.450760 
59346.716680 0.000000 0.000000    -9.449687     0.450981 
59346.771499 0.000000 0.000000    -9.464665     0.451180 
59346.826317 0.000000 0.000000    -9.479585     0.451357 
59346.881136 0.000000 0.000000    -9.494435     0.451511 
59346.935954 0.000000 0.000000    -9.509203     0.451643 
59346.990772 0.000000 0.000000    -9.523876     0.451752 
59347.045591 0.000000 0.000000    -9.538442     0.451840 
59347.100409 0.000000 0.000000    -9.552888     0.451905 
59347.155228 0.000000 0.000000    -9.567201     0.451947 
59347.210046 0.000000 0.000000    -9.581370     0.451967 
59347.264865 0.000000 0.000000    -9.595382     0.451965 
59347.319683 0.000000 0.000000    -9.609225     0.451941 
59347.374501 0.000000 0.000000    -9.622887     0.451895 
59347.429320 0.000000 0.000000    -9.636356     0.451827 
59347.484138 0.000000 0.000000    -9.649619     0.451737 
59347.538957 0.000000 0.000000    -9.662666     0.451626 
59347.593775 0.000000 0.000000    -9.675484     0.451493 
59347.648594 0.000000 0.000000    -9.688061     0.451339 
59347.703412 0.000000 0.000000    -9.700386     0.451164 
59347.758230 0.000000 0.000000    -9.712448     0.450969 
59347.813049 0.000000 0.000000    -9.724235     0.450753 
59347.867867 0.000000 0.000000    -9.735736     0.450517 
59347.922686 0.000000 0.000000    -9.746940     0.450261 
59347.977504 0.000000 0.000000    -9.757836     0.449986 
59348.032323 0.000000 0.000000    -9.768414     0.449691 
59348.087141 0.000000 0.000000    -9.778662     0.449378 
59348.141959 0.000000 0.000000    -9.788571     0.449047 
59348.196778 0.000000 0.000000    -9.798129     0.448698 
59348.251596 0.000000 0.000000    -9.807328     0.448332 
59348.306415 0.000000 0.000000    -9.816156     0.447949 
59348.361233 0.000000 0.000000    -9.824605     0.447550 
59348.416052 0.000000 0.000000    -9.832664     0.447134 
59348.470870 0.000000 0.000000    -9.840324     0.446704 
59348.525688 0.000000 0.000000    -9.847576     0.446259 
59348.580507 0.000000 0.000000    -9.854412     0.445800 
59348.635325 0.000000 0.000000    -9.860821     0.445327 
59348.690144 0.000000 0.000000    -9.866796     0.444842 
59348.744962 0.000000 0.000000    -9.872329     0.444345 
59348.799781 0.000000 0.000000    -9.877410     0.443836 
59348.854599 0.000000 0.000000    -9.882033     0.443316 
59348.909417 0.000000 0.000000    -9.886190     0.442787 
59348.964236 0.000000 0.000000    -9.889872     0.442248 
59349.019054 0.000000 0.000000    -9.893073     0.441701 
59349.073873 0.000000 0.000000    -9.895786     0.441147 
59349.128691 0.000000 0.000000    -9.898004     0.440585 
59349.183510 0.000000 0.000000    -9.899721     0.440018 
59349.238328 0.000000 0.000000    -9.900930     0.439446 
59349.293146 0.000000 0.000000    -9.901625     0.438869 
59349.347965 0.000000 0.000000    -9.901801     0.438290 
59349.402783 0.000000 0.000000    -9.901452     0.437708 
59349.457602 0.000000 0.000000    -9.900574     0.437124 
59349.512420 0.000000 0.000000    -9.899160     0.436540 
59349.567239 0.000000 0.000000    -9.897206     0.435957 
59349.622057 0.000000 0.000000    -9.894709     0.435375 
59349.676875 0.000000 0.000000    -9.891664     0.434796 
59349.731694 0.000000 0.000000    -9.888066     0.434220 
59349.786512 0.000000 0.000000    -9.883913     0.433649 
59349.841331 0.000000 0.000000    -9.879202     0.433084 
59349.896149 0.000000 0.000000    -9.873929     0.432525 
59349.950967 0.000000 0.000000    -9.868091     0.431974 
59350.005786 0.000000 0.000000    -9.861687     0.431431 
59350.060604 0.000000 0.000000    -9.854714     0.430898 
59350.115423 0.000000 0.000000    -9.847170     0.430376 
59350.170241 0.000000 0.000000    -9.839054     0.429866 
59350.225060 0.000000 0.000000    -9.830365     0.429369 
59350.279878 0.000000 0.000000    -9.821102     0.428886 
59350.334696 0.000000 0.000000    -9.811264     0.428417 
59350.389515 0.000000 0.000000    -9.800851     0.427965 
59350.444333 0.000000 0.000000    -9.789863     0.427529 
59350.499152 0.000000 0.000000    -9.778300     0.427111 
59350.553970 0.000000 0.000000    -9.766163     0.426712 
59350.608789 0.000000 0.000000    -9.753453     0.426333 
59350.663607 0.000000 0.000000    -9.740171     0.425975 
59350.718425 0.000000 0.000000    -9.726319     0.425638 
59350.773244 0.000000 0.000000    -9.711898     0.425323 
59350.828062 0.000000 0.000000    -9.696911     0.425032 
59350.882881 0.000000 0.000000    -9.681360     0.424765 
59350.937699 0.000000 0.000000    -9.665248     0.424522 
59350.992518 0.000000 0.000000    -9.648578     0.424305 
59351.047336 0.000000 0.000000    -9.631353     0.424114 
59351.102154 0.000000 0.000000    -9.613578     0.423949 
59351.156973 0.000000 0.000000    -9.595256     0.423812 
59351.211791 0.000000 0.000000    -9.576391     0.423702 
59351.266610 0.000000 0.000000    -9.556988     0.423620 
59351.321428 0.000000 0.000000    -9.537052     0.423567 
59351.376247 0.000000 0.000000    -9.516589     0.423542 
59351.431065 0.000000 0.000000    -9.495603     0.423547 
59351.485883 0.000000 0.000000    -9.474100     0.423581 
59351.540702 0.000000 0.000000    -9.452088     0.423644 
59351.595520 0.000000 0.000000    -9.429571     0.423736 
59351.650339 0.000000 0.000000    -9.406557     0.423858 
59351.705157 0.000000 0.000000    -9.383053     0.424010 
59351.759976 0.000000 0.000000    -9.359066     0.424191 
59351.814794 0.000000 0.000000    -9.334603     0.424401 
59351.869612 0.000000 0.000000    -9.309673     0.424639 
59351.924431 0.000000 0.000000    -9.284284     0.424907 
59351.979249 0.000000 0.000000    -9.258443     0.425202 
59352.034068 0.000000 0.000000    -9.232160     0.425525 
59352.088886 0.000000 0.000000    -9.205444     0.425876 
59352.143705 0.000000 0.000000    -9.178303     0.426253 
59352.198523 0.000000 0.000000    -9.150748     0.426656 
59352.253341 0.000000 0.000000    -9.122787     0.427084 
59352.308160 0.000000 0.000000    -9.094432     0.427537 
59352.362978 0.000000 0.000000    -9.065692     0.428014 
59352.417797 0.000000 0.000000    -9.036578     0.428514 
59352.472615 0.000000 0.000000    -9.007100     0.429035 
59352.527434 0.000000 0.000000    -8.977269     0.429578 
59352.582252 0.000000 0.000000    -8.947098     0.430142 
59352.637070 0.000000 0.000000    -8.916596     0.430724 
59352.691889 0.000000 0.000000    -8.885777     0.431324 
59352.746707 0.000000 0.000000    -8.854651     0.431942 
59352.801526 0.000000 0.000000    -8.823231     0.432575 
59352.856344 0.000000 0.000000    -8.791529     0.433223 
59352.911163 0.000000 0.000000    -8.759558     0.433884 
59352.965981 0.000000 0.000000    -8.727331     0.434558 
59353.020799 0.000000 0.000000    -8.694860     0.435242 
59353.075618 0.000000 0.000000    -8.662159     0.435936 
59353.130436 0.000000 0.000000    -8.629241     0.436639 
59353.185255 0.000000 0.000000    -8.596119     0.437349 
59353.240073 0.000000 0.000000    -8.562808     0.438065 
59353.294892 0.000000 0.000000    -8.529320     0.438785 
59353.349710 0.000000 0.000000    -8.495671     0.439508 
59353.404528 0.000000 0.000000    -8.461874     0.440234 
59353.459347 0.000000 0.000000    -8.427944     0.440959 
59353.514165 0.000000 0.000000    -8.393895     0.441684 
59353.568984 0.000000 0.000000    -8.359742     0.442407 
59353.623802 0.000000 0.000000    -8.325500     0.443125 
59353.678621 0.000000 0.000000    -8.291183     0.443839 
59353.733439 0.000000 0.000000    -8.256806     0.444547 
59353.788257 0.000000 0.000000    -8.222386     0.445247 
59353.843076 0.000000 0.000000    -8.187936     0.445938 
59353.897894 0.000000 0.000000    -8.153473     0.446618 
59353.952713 0.000000 0.000000    -8.119011     0.447287 
59354.007531 0.000000 0.000000    -8.084567     0.447943 
59354.062350 0.000000 0.000000    -8.050156     0.448584 
59354.117168 0.000000 0.000000    -8.015794     0.449210 
59354.171986 0.000000 0.000000    -7.981496     0.449819 
59354.226805 0.000000 0.000000    -7.947278     0.450410 
59354.281623 0.000000 0.000000    -7.913157     0.450981 
59354.336442 0.000000 0.000000    -7.879148     0.451532 
59354.391260 0.000000 0.000000    -7.845267     0.452061 
59354.446079 0.000000 0.000000    -7.811530     0.452567 
59354.500897 0.000000 0.000000    -7.777954     0.453048 
59354.555715 0.000000 0.000000    -7.744554     0.453504 
59354.610534 0.000000 0.000000    -7.711346     0.453933 
59354.665352 0.000000 0.000000    -7.678347     0.454335 
59354.720171 0.000000 0.000000    -7.645573     0.454708 
59354.774989 0.000000 0.000000    -7.613039     0.455051 
59354.829808 0.000000 0.000000    -7.580762     0.455363 
59354.884626 0.000000 0.000000    -7.548758     0.455643 
59354.939444 0.000000 0.000000    -7.517043     0.455891 
59354.994263 0.000000 0.000000    -7.485633     0.456104 
59355.049081 0.000000 0.000000    -7.454544     0.456282 
59355.103900 0.000000 0.000000    -7.423791     0.456424 
59355.158718 0.000000 0.000000    -7.393391     0.456530 
59355.213537 0.000000 0.000000    -7.363359     0.456598 
59355.268355 0.000000 0.000000    -7.333710     0.456627 
59355.323173 0.000000 0.000000    -7.304462     0.456617 
59355.377992 0.000000 0.000000    -7.275628     0.456567 
59355.432810 0.000000 0.000000    -7.247225     0.456477 
59355.487629 0.000000 0.000000    -7.219268     0.456345 
59355.542447 0.000000 0.000000    -7.191771     0.456170 
59355.597266 0.000000 0.000000    -7.164750     0.455954 
59355.652084 0.000000 0.000000    -7.138221     0.455693 
59355.706902 0.000000 0.000000    -7.112197     0.455390 
59355.761721 0.000000 0.000000    -7.086694     0.455041 
59355.816539 0.000000 0.000000    -7.061725     0.454649 
59355.871358 0.000000 0.000000    -7.037306     0.454211 
59355.926176 0.000000 0.000000    -7.013450     0.453728 
59355.980995 0.000000 0.000000    -6.990172     0.453200 
59356.035813 0.000000 0.000000    -6.967486     0.452626 
59356.090631 0.000000 0.000000    -6.945404     0.452006 
59356.145450 0.000000 0.000000    -6.923941     0.451341 
59356.200268 0.000000 0.000000    -6.903110     0.450630 
59356.255087 0.000000 0.000000    -6.882924     0.449874 
59356.309905 0.000000 0.000000    -6.863396     0.449074 
59356.364724 0.000000 0.000000    -6.844539     0.448228 
59356.419542 0.000000 0.000000    -6.826365     0.447339 
59356.474360 0.000000 0.000000    -6.808885     0.446406 
59356.529179 0.000000 0.000000    -6.792114     0.445431 
59356.583997 0.000000 0.000000    -6.776061     0.444414 
59356.638816 0.000000 0.000000    -6.760738     0.443356 
59356.693634 0.000000 0.000000    -6.746158     0.442260 
59356.748452 0.000000 0.000000    -6.732330     0.441125 
59356.803271 0.000000 0.000000    -6.719265     0.439955 
59356.858089 0.000000 0.000000    -6.706974     0.438750 
59356.912908 0.000000 0.000000    -6.695468     0.437513 
59356.967726 0.000000 0.000000    -6.684755     0.436247 
59357.022545 0.000000 0.000000    -6.674846     0.434953 
59357.077363 0.000000 0.000000    -6.665751     0.433634 
59357.132181 0.000000 0.000000    -6.657477     0.432295 
59357.187000 0.000000 0.000000    -6.650033     0.430937 
59357.241818 0.000000 0.000000    -6.643429     0.429566 
59357.296637 0.000000 0.000000    -6.637672     0.428185 
59357.351455 0.000000 0.000000    -6.632770     0.426798 
59357.406274 0.000000 0.000000    -6.628731     0.425410 
59357.461092 0.000000 0.000000    -6.625561     0.424028 
59357.515910 0.000000 0.000000    -6.623267     0.422655 
59357.570729 0.000000 0.000000    -6.621857     0.421299 
59357.625547 0.000000 0.000000    -6.621336     0.419966 
59357.680366 0.000000 0.000000    -6.621709     0.418663 
59357.735184 0.000000 0.000000    -6.622983     0.417396 
59357.790003 0.000000 0.000000    -6.625163     0.416175 
59357.844821 0.000000 0.000000    -6.628253     0.415008 
59357.899639 0.000000 0.000000    -6.632257     0.413902 
59357.954458 0.000000 0.000000    -6.637181     0.412867 
59358.009276 0.000000 0.000000    -6.643027     0.411912 
59358.064095 0.000000 0.000000    -6.649799     0.411048 
59358.118913 0.000000 0.000000    -6.657499     0.410283 
59358.173732 0.000000 0.000000    -6.666131     0.409629 
59358.228550 0.000000 0.000000    -6.675697     0.409094 
59358.283368 0.000000 0.000000    -6.686199     0.408690 
59358.338187 0.000000 0.000000    -6.697637     0.408427 
59358.393005 0.000000 0.000000    -6.710014     0.408314 
59358.447824 0.000000 0.000000    -6.723330     0.408361 
59358.502642 0.000000 0.000000    -6.737586     0.408578 
59358.557461 0.000000 0.000000    -6.752780     0.408972 
59358.612279 0.000000 0.000000    -6.768914     0.409553 
59358.667097 0.000000 0.000000    -6.785986     0.410326 
59358.721916 0.000000 0.000000    -6.803996     0.411300 
59358.776734 0.000000 0.000000    -6.822941     0.412478 
59358.831553 0.000000 0.000000    -6.842819     0.413865 
59358.886371 0.000000 0.000000    -6.863630     0.415465 
59358.941190 0.000000 0.000000    -6.885369     0.417280 
59358.996008 0.000000 0.000000    -6.908034     0.419310 
59359.050826 0.000000 0.000000    -6.931622     0.421555 
59359.105645 0.000000 0.000000    -6.956128     0.424014 
59359.160463 0.000000 0.000000    -6.981549     0.426684 
59359.215282 0.000000 0.000000    -7.007880     0.429563 
59359.270100 0.000000 0.000000    -7.035116     0.432645 
59359.324919 0.000000 0.000000    -7.063251     0.435925 
59359.379737 0.000000 0.000000    -7.092281     0.439397 
59359.434555 0.000000 0.000000    -7.122199     0.443054 
59359.489374 0.000000 0.000000    -7.152999     0.446890 
59359.544192 0.000000 0.000000    -7.184674     0.450896 
59359.599011 0.000000 0.000000    -7.217216     0.455065 
59359.653829 0.000000 0.000000    -7.250619     0.459389 
59359.708648 0.000000 0.000000    -7.284875     0.463858 
59359.763466 0.000000 0.000000    -7.319975     0.468465 
59359.818284 0.000000 0.000000    -7.355910     0.473200 
59359.873103 0.000000 0.000000    -7.392673     0.478057 
59359.927921 0.000000 0.000000    -7.430253     0.483026 
59359.982740 0.000000 0.000000    -7.468641     0.488099 
59360.037558 0.000000 0.000000    -7.507827     0.493269 
59360.092377 0.000000 0.000000    -7.547801     0.498528 
59360.147195 0.000000 0.000000    -7.588553     0.503869 
59360.202013 0.000000 0.000000    -7.630071     0.509284 
59360.256832 0.000000 0.000000    -7.672343     0.514768 
59360.311650 0.000000 0.000000    -7.715360     0.520312 
59360.366469 0.000000 0.000000    -7.759107     0.525912 
59360.421287 0.000000 0.000000    -7.803575     0.531561 
59360.476106 0.000000 0.000000    -7.848749     0.537253 
59360.530924 0.000000 0.000000    -7.894618     0.542984 
59360.585742 0.000000 0.000000    -7.941167     0.548749 
59360.640561 0.000000 0.000000    -7.988384     0.554542 
59360.695379 0.000000 0.000000    -8.036256     0.560359 
59360.750198 0.000000 0.000000    -8.084767     0.566196 
59360.805016 0.000000 0.000000    -8.133904     0.572049 
59360.859835 0.000000 0.000000    -8.183653     0.577914 
59360.914653 0.000000 0.000000    -8.233999     0.583788 
59360.969471 0.000000 0.000000    -8.284926     0.589666 
59361.024290 0.000000 0.000000    -8.336420     0.595547 
59361.079108 0.000000 0.000000    -8.388464     0.601426 
59361.133927 0.000000 0.000000    -8.441044     0.607301 
59361.188745 0.000000 0.000000    -8.494144     0.613170 
59361.243564 0.000000 0.000000    -8.547747     0.619029 
59361.298382 0.000000 0.000000    -8.601836     0.624877 
59361.353200 0.000000 0.000000    -8.656397     0.630711 
59361.408019 0.000000 0.000000    -8.711410     0.636529 
59361.462837 0.000000 0.000000    -8.766860     0.642329 
59361.517656 0.000000 0.000000    -8.822730     0.648109 
59361.572474 0.000000 0.000000    -8.879002     0.653867 
59361.627293 0.000000 0.000000    -8.935659     0.659602 
59361.682111 0.000000 0.000000    -8.992683     0.665311 
59361.736929 0.000000 0.000000    -9.050055     0.670994 
59361.791748 0.000000 0.000000    -9.107760     0.676649 
59361.846566 0.000000 0.000000    -9.165777     0.682274 
59361.901385 0.000000 0.000000    -9.224090     0.687868 
59361.956203 0.000000 0.000000    -9.282679     0.693429 
59362.011022 0.000000 0.000000    -9.341526     0.698958 
59362.065840 0.000000 0.000000    -9.400613     0.704452 
59362.120658 0.000000 0.000000    -9.459922     0.709910 
59362.175477 0.000000 0.000000    -9.519432     0.715331 
59362.230295 0.000000 0.000000    -9.579126     0.720715 
59362.285114 0.000000 0.000000    -9.638984     0.726060 
59362.339932 0.000000 0.000000    -9.698988     0.731365 
59362.394751 0.000000 0.000000    -9.759119     0.736630 
59362.449569 0.000000 0.000000    -9.819358     0.741854 
59362.504387 0.000000 0.000000    -9.879684     0.747036 
59362.559206 0.000000 0.000000    -9.940080     0.752175 
59362.614024 0.000000 0.000000   -10.000527     0.757270 
59362.668843 0.000000 0.000000   -10.061004     0.762321 
59362.723661 0.000000 0.000000   -10.121493     0.767328 
59362.778480 0.000000 0.000000   -10.181975     0.772289 
59362.833298 0.000000 0.000000   -10.242430     0.777203 
59362.888116 0.000000 0.000000   -10.302840     0.782072 
59362.942935 0.000000 0.000000   -10.363185     0.786893 
59362.997753 0.000000 0.000000   -10.423447     0.791666 
59363.052572 0.000000 0.000000   -10.483606     0.796391 
59363.107390 0.000000 0.000000   -10.543642     0.801067 
59363.162209 0.000000 0.000000   -10.603539     0.805695 
59363.217027 0.000000 0.000000   -10.663276     0.810273 
59363.271845 0.000000 0.000000   -10.722835     0.814801 
59363.326664 0.000000 0.000000   -10.782197     0.819278 
59363.381482 0.000000 0.000000   -10.841343     0.823705 
59363.436301 0.000000 0.000000   -10.900256     0.828082 
59363.491119 0.000000 0.000000   -10.958917     0.832406 
59363.545938 0.000000 0.000000   -11.017307     0.836680 
59363.600756 0.000000 0.000000   -11.075409     0.840901 
59363.655574 0.000000 0.000000   -11.133204     0.845070 
59363.710393 0.000000 0.000000   -11.190675     0.849187 
59363.765211 0.000000 0.000000   -11.247805     0.853252 
59363.820030 0.000000 0.000000   -11.304575     0.857264 
59363.874848 0.000000 0.000000   -11.360969     0.861222 
59363.929666 0.000000 0.000000   -11.416968     0.865128 
59363.984485 0.000000 0.000000   -11.472557     0.868981 
59364.039303 0.000000 0.000000   -11.527719     0.872780 
59364.094122 0.000000 0.000000   -11.582437     0.876526 
59364.148940 0.000000 0.000000   -11.636694     0.880218 
59364.203759 0.000000 0.000000   -11.690475     0.883856 
59364.258577 0.000000 0.000000   -11.743763     0.887441 
59364.313395 0.000000 0.000000   -11.796543     0.890972 
59364.368214 0.000000 0.000000   -11.848800     0.894449 
59364.423032 0.000000 0.000000   -11.900518     0.897873 
59364.477851 0.000000 0.000000   -11.951683     0.901242 
59364.532669 0.000000 0.000000   -12.002279     0.904558 
59364.587488 0.000000 0.000000   -12.052292     0.907820 
59364.642306 0.000000 0.000000   -12.101708     0.911029 
59364.697124 0.000000 0.000000   -12.150513     0.914184 
59364.751943 0.000000 0.000000   -12.198694     0.917285 
59364.806761 0.000000 0.000000   -12.246237     0.920333 
59364.861580 0.000000 0.000000   -12.293129     0.923328 
59364.916398 0.000000 0.000000   -12.339358     0.926269 
59364.971217 0.000000 0.000000   -12.384910     0.929158 
59365.026035 0.000000 0.000000   -12.429774     0.931993 
59365.080853 0.000000 0.000000   -12.473939     0.934776 
59365.135672 0.000000 0.000000   -12.517392     0.937506 
59365.190490 0.000000 0.000000   -12.560122     0.940184 
59365.245309 0.000000 0.000000   -12.602119     0.942810 
59365.300127 0.000000 0.000000   -12.643372     0.945384 
59365.354946 0.000000 0.000000   -12.683870     0.947906 
59365.409764 0.000000 0.000000   -12.723605     0.950377 
59365.464582 0.000000 0.000000   -12.762566     0.952796 
59365.519401 0.000000 0.000000   -12.800745     0.955165 
59365.574219 0.000000 0.000000   -12.838132     0.957484 
59365.629038 0.000000 0.000000   -12.874719     0.959752 
59365.683856 0.000000 0.000000   -12.910498     0.961970 
59365.738675 0.000000 0.000000   -12.945462     0.964138 
59365.793493 0.000000 0.000000   -12.979603     0.966258 
59365.848311 0.000000 0.000000   -13.012914     0.968328 
59365.903130 0.000000 0.000000   -13.045388     0.970350 
59365.957948 0.000000 0.000000   -13.077019     0.972324 
59366.012767 0.000000 0.000000   -13.107802     0.974250 
59366.067585 0.000000 0.000000   -13.137731     0.976129 
59366.122404 0.000000 0.000000   -13.166800     0.977961 
59366.177222 0.000000 0.000000   -13.195006     0.979747 
59366.232040 0.000000 0.000000   -13.222343     0.981486 
59366.286859 0.000000 0.000000   -13.248807     0.983181 
59366.341677 0.000000 0.000000   -13.274396     0.984830 
59366.396496 0.000000 0.000000   -13.299106     0.986434 
59366.451314 0.000000 0.000000   -13.322934     0.987994 
59366.506133 0.000000 0.000000   -13.345878     0.989511 
59366.560951 0.000000 0.000000   -13.367935     0.990985 
59366.615769 0.000000 0.000000   -13.389104     0.992416 
59366.670588 0.000000 0.000000   -13.409384     0.993805 
59366.725406 0.000000 0.000000   -13.428774     0.995153 
59366.780225 0.000000 0.000000   -13.447274     0.996460 
59366.835043 0.000000 0.000000   -13.464882     0.997726 
59366.889862 0.000000 0.000000   -13.481601     0.998953 
59366.944680 0.000000 0.000000   -13.497429     1.000140 
59366.999498 0.000000 0.000000   -13.512369     1.001289 
59367.054317 0.000000 0.000000   -13.526421     1.002399 
59367.109135 0.000000 0.000000   -13.539588     1.003472 
59367.163954 0.000000 0.000000   -13.551871     1.004508 
59367.218772 0.000000 0.000000   -13.563274     1.005508 
59367.273591 0.000000 0.000000   -13.573798     1.006473 
59367.328409 0.000000 0.000000   -13.583448     1.007402 
59367.383227 0.000000 0.000000   -13.592227     1.008297 
59367.438046 0.000000 0.000000   -13.600139     1.009158 
59367.492864 0.000000 0.000000   -13.607189     1.009987 
59367.547683 0.000000 0.000000   -13.613381     1.010782 
59367.602501 0.000000 0.000000   -13.618720     1.011546 
59367.657320 0.000000 0.000000   -13.623212     1.012279 
59367.712138 0.000000 0.000000   -13.626862     1.012981 
59367.766956 0.000000 0.000000   -13.629677     1.013654 
59367.821775 0.000000 0.000000   -13.631663     1.014297 
59367.876593 0.000000 0.000000   -13.632828     1.014911 
59367.931412 0.000000 0.000000   -13.633177     1.015498 
59367.986230 0.000000 0.000000   -13.632719     1.016058 
59368.041049 0.000000 0.000000   -13.631461     1.016591 
59368.095867 0.000000 0.000000   -13.629412     1.017099 
59368.150685 0.000000 0.000000   -13.626580     1.017581 
59368.205504 0.000000 0.000000   -13.622974     1.018039 
59368.260322 0.000000 0.000000   -13.618603     1.018473 
59368.315141 0.000000 0.000000   -13.613475     1.018884 
59368.369959 0.000000 0.000000   -13.607602     1.019272 
59368.424778 0.000000 0.000000   -13.600992     1.019639 
59368.479596 0.000000 0.000000   -13.593656     1.019985 
59368.534414 0.000000 0.000000   -13.585605     1.020310 
59368.589233 0.000000 0.000000   -13.576848     1.020616 
59368.644051 0.000000 0.000000   -13.567398     1.020902 
59368.698870 0.000000 0.000000   -13.557266     1.021170 
59368.753688 0.000000 0.000000   -13.546462     1.021420 
59368.808507 0.000000 0.000000   -13.534999     1.021653 
59368.863325 0.000000 0.000000   -13.522890     1.021870 
59368.918143 0.000000 0.000000   -13.510145     1.022071 
59368.972962 0.000000 0.000000   -13.496777     1.022256 
59369.027780 0.000000 0.000000   -13.482800     1.022427 
59369.082599 0.000000 0.000000   -13.468226     1.022585 
59369.137417 0.000000 0.000000   -13.453069     1.022729 
59369.192236 0.000000 0.000000   -13.437341     1.022860 
59369.247054 0.000000 0.000000   -13.421056     1.022979 
59369.301872 0.000000 0.000000   -13.404227     1.023087 
59369.356691 0.000000 0.000000   -13.386869     1.023184 
59369.411509 0.000000 0.000000   -13.368996     1.023271 
59369.466328 0.000000 0.000000   -13.350622     1.023348 
59369.521146 0.000000 0.000000   -13.331761     1.023416 
59369.575965 0.000000 0.000000   -13.312427     1.023476 
59369.630783 0.000000 0.000000   -13.292635     1.023527 
59369.685601 0.000000 0.000000   -13.272401     1.023572 
59369.740420 0.000000 0.000000   -13.251738     1.023609 
59369.795238 0.000000 0.000000   -13.230662     1.023641 
59369.850057 0.000000 0.000000   -13.209188     1.023666 
59369.904875 0.000000 0.000000   -13.187331     1.023686 
59369.959694 0.000000 0.000000   -13.165107     1.023702 
59370.014512 0.000000 0.000000   -13.142530     1.023713 
59370.069330 0.000000 0.000000   -13.119617     1.023720 
59370.124149 0.000000 0.000000   -13.096382     1.023725 
59370.178967 0.000000 0.000000   -13.072841     1.023726 
59370.233786 0.000000 0.000000   -13.049010     1.023725 
59370.288604 0.000000 0.000000   -13.024905     1.023723 
59370.343423 0.000000 0.000000   -13.000541     1.023718 
59370.398241 0.000000 0.000000   -12.975934     1.023713 
59370.453059 0.000000 0.000000   -12.951100     1.023707 
59370.507878 0.000000 0.000000   -12.926054     1.023701 
59370.562696 0.000000 0.000000   -12.900812     1.023695 
59370.617515 0.000000 0.000000   -12.875390     1.023690 
59370.672333 0.000000 0.000000   -12.849804     1.023686 
59370.727151 0.000000 0.000000   -12.824069     1.023683 
59370.781970 0.000000 0.000000   -12.798201     1.023682 
59370.836788 0.000000 0.000000   -12.772216     1.023682 
59370.891607 0.000000 0.000000   -12.746129     1.023685 
59370.946425 0.000000 0.000000   -12.719956     1.023691 
59371.001244 0.000000 0.000000   -12.693712     1.023699 
59371.056062 0.000000 0.000000   -12.667414     1.023711 
59371.110880 0.000000 0.000000   -12.641075     1.023727 
59371.165699 0.000000 0.000000   -12.614712     1.023746 
59371.220517 0.000000 0.000000   -12.588339     1.023769 
59371.275336 0.000000 0.000000   -12.561972     1.023797 
59371.330154 0.000000 0.000000   -12.535626     1.023829 
59371.384973 0.000000 0.000000   -12.509315     1.023866 
59371.439791 0.000000 0.000000   -12.483055     1.023908 
59371.494609 0.000000 0.000000   -12.456859     1.023955 
59371.549428 0.000000 0.000000   -12.430743     1.024007 
59371.604246 0.000000 0.000000   -12.404721     1.024065 
59371.659065 0.000000 0.000000   -12.378806     1.024129 
59371.713883 0.000000 0.000000   -12.353014     1.024199 
59371.768702 0.000000 0.000000   -12.327357     1.024275 
59371.823520 0.000000 0.000000   -12.301850     1.024357 
59371.878338 0.000000 0.000000   -12.276506     1.024445 
59371.933157 0.000000 0.000000   -12.251339     1.024540 
59371.987975 0.000000 0.000000   -12.226361     1.024642 
59372.042794 0.000000 0.000000   -12.201586     1.024750 
59372.097612 0.000000 0.000000   -12.177027     1.024866 
59372.152431 0.000000 0.000000   -12.152696     1.024988 
59372.207249 0.000000 0.000000   -12.128605     1.025117 
59372.262067 0.000000 0.000000   -12.104767     1.025253 
59372.316886 0.000000 0.000000   -12.081194     1.025396 
59372.371704 0.000000 0.000000   -12.057897     1.025546 
59372.426523 0.000000 0.000000   -12.034888     1.025704 
59372.481341 0.000000 0.000000   -12.012177     1.025869 
59372.536160 0.000000 0.000000   -11.989778     1.026041 
59372.590978 0.000000 0.000000   -11.967699     1.026220 
59372.645796 0.000000 0.000000   -11.945951     1.026407 
59372.700615 0.000000 0.000000   -11.924545     1.026601 
59372.755433 0.000000 0.000000   -11.903491     1.026802 
59372.810252 0.000000 0.000000   -11.882798     1.027011 
59372.865070 0.000000 0.000000   -11.862477     1.027227 
59372.919889 0.000000 0.000000   -11.842535     1.027450 
59372.974707 0.000000 0.000000   -11.822983     1.027680 
59373.029525 0.000000 0.000000   -11.803828     1.027918 
59373.084344 0.000000 0.000000   -11.785080     1.028162 
59373.139162 0.000000 0.000000   -11.766745     1.028414 
59373.193981 0.000000 0.000000   -11.748833     1.028673 
59373.248799 0.000000 0.000000   -11.731351     1.028938 
59373.303618 0.000000 0.000000   -11.714305     1.029211 
59373.358436 0.000000 0.000000   -11.697702     1.029490 
59373.413254 0.000000 0.000000   -11.681551     1.029776 
59373.468073 0.000000 0.000000   -11.665855     1.030069 
59373.522891 0.000000 0.000000   -11.650623     1.030368 
59373.577710 0.000000 0.000000   -11.635858     1.030673 
59373.632528 0.000000 0.000000   -11.621568     1.030985 
59373.687347 0.000000 0.000000   -11.607756     1.031303 
59373.742165 0.000000 0.000000   -11.594428     1.031628 
59373.796983 0.000000 0.000000   -11.581588     1.031958 
59373.851802 0.000000 0.000000   -11.569240     1.032294 
59373.906620 0.000000 0.000000   -11.557388     1.032635 
59373.961439 0.000000 0.000000   -11.546036     1.032983 
59374.016257 0.000000 0.000000   -11.535186     1.033335 
59374.071076 0.000000 0.000000   -11.524843     1.033693 
59374.125894 0.000000 0.000000     0.008825     2.674917 
