# time Tc_folded Tref_folded model model_err 
59318.211098 0.000000 0.000000    -1.493329     0.467978 
59318.265916 0.000000 0.000000    -1.491446     0.467888 
59318.320735 0.000000 0.000000    -1.489442     0.467800 
59318.375553 0.000000 0.000000    -1.487317     0.467717 
59318.430372 0.000000 0.000000    -1.485070     0.467637 
59318.485190 0.000000 0.000000    -1.482701     0.467560 
59318.540009 0.000000 0.000000    -1.480211     0.467487 
59318.594827 0.000000 0.000000    -1.477599     0.467418 
59318.649645 0.000000 0.000000    -1.474866     0.467352 
59318.704464 0.000000 0.000000    -1.472012     0.467291 
59318.759282 0.000000 0.000000    -1.469037     0.467233 
59318.814101 0.000000 0.000000    -1.465942     0.467180 
59318.868919 0.000000 0.000000    -1.462728     0.467130 
59318.923738 0.000000 0.000000    -1.459394     0.467084 
59318.978556 0.000000 0.000000    -1.455941     0.467043 
59319.033374 0.000000 0.000000    -1.452371     0.467005 
59319.088193 0.000000 0.000000    -1.448683     0.466972 
59319.143011 0.000000 0.000000    -1.444878     0.466943 
59319.197830 0.000000 0.000000    -1.440958     0.466919 
59319.252648 0.000000 0.000000    -1.436923     0.466898 
59319.307467 0.000000 0.000000    -1.432774     0.466882 
59319.362285 0.000000 0.000000    -1.428513     0.466870 
59319.417103 0.000000 0.000000    -1.424140     0.466862 
59319.471922 0.000000 0.000000    -1.419657     0.466859 
59319.526740 0.000000 0.000000    -1.415064     0.466860 
59319.581559 0.000000 0.000000    -1.410363     0.466865 
59319.636377 0.000000 0.000000    -1.405556     0.466874 
59319.691196 0.000000 0.000000    -1.400643     0.466888 
59319.746014 0.000000 0.000000    -1.395627     0.466906 
59319.800832 0.000000 0.000000    -1.390508     0.466928 
59319.855651 0.000000 0.000000    -1.385289     0.466954 
59319.910469 0.000000 0.000000    -1.379971     0.466984 
59319.965288 0.000000 0.000000    -1.374555     0.467018 
59320.020106 0.000000 0.000000    -1.369044     0.467056 
59320.074925 0.000000 0.000000    -1.363440     0.467098 
59320.129743 0.000000 0.000000    -1.357743     0.467144 
59320.184561 0.000000 0.000000    -1.351957     0.467193 
59320.239380 0.000000 0.000000    -1.346083     0.467247 
59320.294198 0.000000 0.000000    -1.340123     0.467304 
59320.349017 0.000000 0.000000    -1.334079     0.467364 
59320.403835 0.000000 0.000000    -1.327954     0.467428 
59320.458654 0.000000 0.000000    -1.321749     0.467495 
59320.513472 0.000000 0.000000    -1.315468     0.467565 
59320.568290 0.000000 0.000000    -1.309111     0.467638 
59320.623109 0.000000 0.000000    -1.302682     0.467714 
59320.677927 0.000000 0.000000    -1.296183     0.467793 
59320.732746 0.000000 0.000000    -1.289616     0.467875 
59320.787564 0.000000 0.000000    -1.282985     0.467959 
59320.842383 0.000000 0.000000    -1.276291     0.468045 
59320.897201 0.000000 0.000000    -1.269536     0.468134 
59320.952019 0.000000 0.000000    -1.262725     0.468224 
59321.006838 0.000000 0.000000    -1.255859     0.468317 
59321.061656 0.000000 0.000000    -1.248941     0.468411 
59321.116475 0.000000 0.000000    -1.241974     0.468507 
59321.171293 0.000000 0.000000    -1.234960     0.468604 
59321.226112 0.000000 0.000000    -1.227903     0.468702 
59321.280930 0.000000 0.000000    -1.220805     0.468802 
59321.335748 0.000000 0.000000    -1.213670     0.468902 
59321.390567 0.000000 0.000000    -1.206500     0.469002 
59321.445385 0.000000 0.000000    -1.199298     0.469103 
59321.500204 0.000000 0.000000    -1.192067     0.469204 
59321.555022 0.000000 0.000000    -1.184811     0.469305 
59321.609841 0.000000 0.000000    -1.177532     0.469405 
59321.664659 0.000000 0.000000    -1.170233     0.469505 
59321.719477 0.000000 0.000000    -1.162918     0.469605 
59321.774296 0.000000 0.000000    -1.155589     0.469703 
59321.829114 0.000000 0.000000    -1.148251     0.469800 
59321.883933 0.000000 0.000000    -1.140906     0.469895 
59321.938751 0.000000 0.000000    -1.133557     0.469989 
59321.993569 0.000000 0.000000    -1.126207     0.470080 
59322.048388 0.000000 0.000000    -1.118861     0.470169 
59322.103206 0.000000 0.000000    -1.111520     0.470256 
59322.158025 0.000000 0.000000    -1.104189     0.470340 
59322.212843 0.000000 0.000000    -1.096871     0.470421 
59322.267662 0.000000 0.000000    -1.089569     0.470498 
59322.322480 0.000000 0.000000    -1.082286     0.470572 
59322.377298 0.000000 0.000000    -1.075026     0.470642 
59322.432117 0.000000 0.000000    -1.067792     0.470708 
59322.486935 0.000000 0.000000    -1.060587     0.470769 
59322.541754 0.000000 0.000000    -1.053416     0.470825 
59322.596572 0.000000 0.000000    -1.046280     0.470877 
59322.651391 0.000000 0.000000    -1.039185     0.470923 
59322.706209 0.000000 0.000000    -1.032132     0.470963 
59322.761027 0.000000 0.000000    -1.025126     0.470998 
59322.815846 0.000000 0.000000    -1.018169     0.471026 
59322.870664 0.000000 0.000000    -1.011266     0.471048 
59322.925483 0.000000 0.000000    -1.004419     0.471063 
59322.980301 0.000000 0.000000    -0.997632     0.471071 
59323.035120 0.000000 0.000000    -0.990908     0.471072 
59323.089938 0.000000 0.000000    -0.984250     0.471064 
59323.144756 0.000000 0.000000    -0.977663     0.471049 
59323.199575 0.000000 0.000000    -0.971149     0.471026 
59323.254393 0.000000 0.000000    -0.964711     0.470994 
59323.309212 0.000000 0.000000    -0.958353     0.470953 
59323.364030 0.000000 0.000000    -0.952079     0.470902 
59323.418849 0.000000 0.000000    -0.945891     0.470843 
59323.473667 0.000000 0.000000    -0.939792     0.470773 
59323.528485 0.000000 0.000000    -0.933786     0.470693 
59323.583304 0.000000 0.000000    -0.927876     0.470603 
59323.638122 0.000000 0.000000    -0.922066     0.470503 
59323.692941 0.000000 0.000000    -0.916357     0.470391 
59323.747759 0.000000 0.000000    -0.910754     0.470268 
59323.802578 0.000000 0.000000    -0.905260     0.470133 
59323.857396 0.000000 0.000000    -0.899877     0.469987 
59323.912214 0.000000 0.000000    -0.894609     0.469828 
59323.967033 0.000000 0.000000    -0.889459     0.469657 
59324.021851 0.000000 0.000000    -0.884429     0.469473 
59324.076670 0.000000 0.000000    -0.879522     0.469276 
59324.131488 0.000000 0.000000    -0.874742     0.469066 
59324.186307 0.000000 0.000000    -0.870091     0.468842 
59324.241125 0.000000 0.000000    -0.865572     0.468604 
59324.295943 0.000000 0.000000    -0.861188     0.468352 
59324.350762 0.000000 0.000000    -0.856942     0.468086 
59324.405580 0.000000 0.000000    -0.852835     0.467805 
59324.460399 0.000000 0.000000    -0.848871     0.467509 
59324.515217 0.000000 0.000000    -0.845053     0.467198 
59324.570036 0.000000 0.000000    -0.841382     0.466871 
59324.624854 0.000000 0.000000    -0.837862     0.466529 
59324.679672 0.000000 0.000000    -0.834494     0.466170 
59324.734491 0.000000 0.000000    -0.831282     0.465795 
59324.789309 0.000000 0.000000    -0.828227     0.465404 
59324.844128 0.000000 0.000000    -0.825332     0.464996 
59324.898946 0.000000 0.000000    -0.822599     0.464570 
59324.953765 0.000000 0.000000    -0.820029     0.464128 
59325.008583 0.000000 0.000000    -0.817626     0.463668 
59325.063401 0.000000 0.000000    -0.815391     0.463190 
59325.118220 0.000000 0.000000    -0.813327     0.462695 
59325.173038 0.000000 0.000000    -0.811434     0.462181 
59325.227857 0.000000 0.000000    -0.809715     0.461649 
59325.282675 0.000000 0.000000    -0.808172     0.461098 
59325.337494 0.000000 0.000000    -0.806806     0.460528 
59325.392312 0.000000 0.000000    -0.805620     0.459940 
59325.447130 0.000000 0.000000    -0.804614     0.459332 
59325.501949 0.000000 0.000000    -0.803790     0.458705 
59325.556767 0.000000 0.000000    -0.803150     0.458058 
59325.611586 0.000000 0.000000    -0.802695     0.457391 
59325.666404 0.000000 0.000000    -0.802426     0.456704 
59325.721223 0.000000 0.000000    -0.802344     0.455997 
59325.776041 0.000000 0.000000    -0.802451     0.455270 
59325.830859 0.000000 0.000000    -0.802748     0.454523 
59325.885678 0.000000 0.000000    -0.803236     0.453754 
59325.940496 0.000000 0.000000    -0.803916     0.452965 
59325.995315 0.000000 0.000000    -0.804788     0.452155 
59326.050133 0.000000 0.000000    -0.805853     0.451324 
59326.104952 0.000000 0.000000    -0.807113     0.450471 
59326.159770 0.000000 0.000000    -0.808567     0.449597 
59326.214588 0.000000 0.000000    -0.810217     0.448702 
59326.269407 0.000000 0.000000    -0.812063     0.447785 
59326.324225 0.000000 0.000000    -0.814105     0.446846 
59326.379044 0.000000 0.000000    -0.816343     0.445885 
59326.433862 0.000000 0.000000    -0.818778     0.444903 
59326.488681 0.000000 0.000000    -0.821411     0.443898 
59326.543499 0.000000 0.000000    -0.824240     0.442871 
59326.598317 0.000000 0.000000    -0.827266     0.441822 
59326.653136 0.000000 0.000000    -0.830490     0.440751 
59326.707954 0.000000 0.000000    -0.833910     0.439657 
59326.762773 0.000000 0.000000    -0.837528     0.438541 
59326.817591 0.000000 0.000000    -0.841341     0.437402 
59326.872410 0.000000 0.000000    -0.845351     0.436241 
59326.927228 0.000000 0.000000    -0.849556     0.435057 
59326.982046 0.000000 0.000000    -0.853956     0.433850 
59327.036865 0.000000 0.000000    -0.858551     0.432621 
59327.091683 0.000000 0.000000    -0.863340     0.431369 
59327.146502 0.000000 0.000000    -0.868321     0.430095 
59327.201320 0.000000 0.000000    -0.873495     0.428797 
59327.256139 0.000000 0.000000    -0.878859     0.427477 
59327.310957 0.000000 0.000000    -0.884414     0.426134 
59327.365775 0.000000 0.000000    -0.890158     0.424769 
59327.420594 0.000000 0.000000    -0.896090     0.423380 
59327.475412 0.000000 0.000000    -0.902209     0.421969 
59327.530231 0.000000 0.000000    -0.908513     0.420536 
59327.585049 0.000000 0.000000    -0.915001     0.419080 
59327.639868 0.000000 0.000000    -0.921671     0.417601 
59327.694686 0.000000 0.000000    -0.928523     0.416100 
59327.749504 0.000000 0.000000    -0.935553     0.414576 
59327.804323 0.000000 0.000000    -0.942761     0.413030 
59327.859141 0.000000 0.000000    -0.950146     0.411462 
59327.913960 0.000000 0.000000    -0.957704     0.409871 
59327.968778 0.000000 0.000000    -0.965434     0.408259 
59328.023597 0.000000 0.000000    -0.973334     0.406624 
59328.078415 0.000000 0.000000    -0.981402     0.404968 
59328.133233 0.000000 0.000000    -0.989636     0.403290 
59328.188052 0.000000 0.000000    -0.998034     0.401590 
59328.242870 0.000000 0.000000    -1.006593     0.399869 
59328.297689 0.000000 0.000000    -1.015312     0.398127 
59328.352507 0.000000 0.000000    -1.024187     0.396363 
59328.407326 0.000000 0.000000    -1.033216     0.394579 
59328.462144 0.000000 0.000000    -1.042396     0.392773 
59328.516962 0.000000 0.000000    -1.051726     0.390948 
59328.571781 0.000000 0.000000    -1.061202     0.389101 
59328.626599 0.000000 0.000000    -1.070822     0.387235 
59328.681418 0.000000 0.000000    -1.080583     0.385348 
59328.736236 0.000000 0.000000    -1.090482     0.383442 
59328.791054 0.000000 0.000000    -1.100516     0.381516 
59328.845873 0.000000 0.000000    -1.110682     0.379572 
59328.900691 0.000000 0.000000    -1.120977     0.377608 
59328.955510 0.000000 0.000000    -1.131398     0.375625 
59329.010328 0.000000 0.000000    -1.141942     0.373624 
59329.065147 0.000000 0.000000    -1.152606     0.371605 
59329.119965 0.000000 0.000000    -1.163387     0.369568 
59329.174783 0.000000 0.000000    -1.174281     0.367513 
59329.229602 0.000000 0.000000    -1.185285     0.365442 
59329.284420 0.000000 0.000000    -1.196395     0.363353 
59329.339239 0.000000 0.000000    -1.207609     0.361249 
59329.394057 0.000000 0.000000    -1.218922     0.359128 
59329.448876 0.000000 0.000000    -1.230332     0.356991 
59329.503694 0.000000 0.000000    -1.241834     0.354839 
59329.558512 0.000000 0.000000    -1.253425     0.352672 
59329.613331 0.000000 0.000000    -1.265102     0.350491 
59329.668149 0.000000 0.000000    -1.276861     0.348296 
59329.722968 0.000000 0.000000    -1.288698     0.346087 
59329.777786 0.000000 0.000000    -1.300609     0.343865 
59329.832605 0.000000 0.000000    -1.312591     0.341631 
59329.887423 0.000000 0.000000    -1.324640     0.339385 
59329.942241 0.000000 0.000000    -1.336752     0.337127 
59329.997060 0.000000 0.000000    -1.348923     0.334858 
59330.051878 0.000000 0.000000    -1.361150     0.332578 
59330.106697 0.000000 0.000000    -1.373428     0.330289 
59330.161515 0.000000 0.000000    -1.385754     0.327990 
59330.216334 0.000000 0.000000    -1.398124     0.325683 
59330.271152 0.000000 0.000000    -1.410533     0.323368 
59330.325970 0.000000 0.000000    -1.422979     0.321046 
59330.380789 0.000000 0.000000    -1.435456     0.318717 
59330.435607 0.000000 0.000000    -1.447961     0.316381 
59330.490426 0.000000 0.000000    -1.460490     0.314041 
59330.545244 0.000000 0.000000    -1.473040     0.311696 
59330.600063 0.000000 0.000000    -1.485605     0.309348 
59330.654881 0.000000 0.000000    -1.498182     0.306996 
59330.709699 0.000000 0.000000    -1.510767     0.304642 
59330.764518 0.000000 0.000000    -1.523356     0.302287 
59330.819336 0.000000 0.000000    -1.535945     0.299932 
59330.874155 0.000000 0.000000    -1.548530     0.297577 
59330.928973 0.000000 0.000000    -1.561106     0.295224 
59330.983792 0.000000 0.000000    -1.573671     0.292872 
59331.038610 0.000000 0.000000    -1.586220     0.290524 
59331.093428 0.000000 0.000000    -1.598749     0.288181 
59331.148247 0.000000 0.000000    -1.611253     0.285842 
59331.203065 0.000000 0.000000    -1.623730     0.283511 
59331.257884 0.000000 0.000000    -1.636175     0.281186 
59331.312702 0.000000 0.000000    -1.648584     0.278870 
59331.367521 0.000000 0.000000    -1.660954     0.276564 
59331.422339 0.000000 0.000000    -1.673280     0.274268 
59331.477157 0.000000 0.000000    -1.685558     0.271985 
59331.531976 0.000000 0.000000    -1.697785     0.269714 
59331.586794 0.000000 0.000000    -1.709957     0.267458 
59331.641613 0.000000 0.000000    -1.722071     0.265218 
59331.696431 0.000000 0.000000    -1.734121     0.262995 
59331.751250 0.000000 0.000000    -1.746106     0.260790 
59331.806068 0.000000 0.000000    -1.758020     0.258604 
59331.860886 0.000000 0.000000    -1.769861     0.256440 
59331.915705 0.000000 0.000000    -1.781624     0.254297 
59331.970523 0.000000 0.000000    -1.793307     0.252178 
59332.025342 0.000000 0.000000    -1.804905     0.250084 
59332.080160 0.000000 0.000000    -1.816415     0.248016 
59332.134979 0.000000 0.000000    -1.827833     0.245976 
59332.189797 0.000000 0.000000    -1.839157     0.243964 
59332.244615 0.000000 0.000000    -1.850383     0.241983 
59332.299434 0.000000 0.000000    -1.861507     0.240033 
59332.354252 0.000000 0.000000    -1.872526     0.238116 
59332.409071 0.000000 0.000000    -1.883438     0.236233 
59332.463889 0.000000 0.000000    -1.894238     0.234386 
59332.518708 0.000000 0.000000    -1.904923     0.232575 
59332.573526 0.000000 0.000000    -1.915492     0.230801 
59332.628344 0.000000 0.000000    -1.925939     0.229066 
59332.683163 0.000000 0.000000    -1.936264     0.227371 
59332.737981 0.000000 0.000000    -1.946462     0.225717 
59332.792800 0.000000 0.000000    -1.956531     0.224104 
59332.847618 0.000000 0.000000    -1.966467     0.222533 
59332.902437 0.000000 0.000000    -1.976270     0.221005 
59332.957255 0.000000 0.000000    -1.985934     0.219521 
59333.012073 0.000000 0.000000    -1.995459     0.218081 
59333.066892 0.000000 0.000000    -2.004841     0.216686 
59333.121710 0.000000 0.000000    -2.014079     0.215335 
59333.176529 0.000000 0.000000    -2.023168     0.214030 
59333.231347 0.000000 0.000000    -2.032109     0.212769 
59333.286166 0.000000 0.000000    -2.040897     0.211554 
59333.340984 0.000000 0.000000    -2.049531     0.210383 
59333.395802 0.000000 0.000000    -2.058008     0.209257 
59333.450621 0.000000 0.000000    -2.066327     0.208174 
59333.505439 0.000000 0.000000    -2.074486     0.207136 
59333.560258 0.000000 0.000000    -2.082482     0.206140 
59333.615076 0.000000 0.000000    -2.090315     0.205187 
59333.669895 0.000000 0.000000    -2.097981     0.204275 
59333.724713 0.000000 0.000000    -2.105480     0.203403 
59333.779531 0.000000 0.000000    -2.112809     0.202571 
59333.834350 0.000000 0.000000    -2.119968     0.201776 
59333.889168 0.000000 0.000000    -2.126954     0.201019 
59333.943987 0.000000 0.000000    -2.133767     0.200297 
59333.998805 0.000000 0.000000    -2.140405     0.199610 
59334.053624 0.000000 0.000000    -2.146867     0.198956 
59334.108442 0.000000 0.000000    -2.153151     0.198333 
59334.163260 0.000000 0.000000    -2.159257     0.197739 
59334.218079 0.000000 0.000000    -2.165184     0.197175 
59334.272897 0.000000 0.000000    -2.170930     0.196637 
59334.327716 0.000000 0.000000    -2.176495     0.196125 
59334.382534 0.000000 0.000000    -2.181879     0.195636 
59334.437353 0.000000 0.000000    -2.187079     0.195170 
59334.492171 0.000000 0.000000    -2.192097     0.194725 
59334.546989 0.000000 0.000000    -2.196931     0.194299 
59334.601808 0.000000 0.000000    -2.201581     0.193890 
59334.656626 0.000000 0.000000    -2.206046     0.193498 
59334.711445 0.000000 0.000000    -2.210327     0.193122 
59334.766263 0.000000 0.000000    -2.214423     0.192758 
59334.821082 0.000000 0.000000    -2.218334     0.192407 
59334.875900 0.000000 0.000000    -2.222060     0.192068 
59334.930718 0.000000 0.000000    -2.225600     0.191738 
59334.985537 0.000000 0.000000    -2.228956     0.191416 
59335.040355 0.000000 0.000000    -2.232128     0.191103 
59335.095174 0.000000 0.000000    -2.235115     0.190796 
59335.149992 0.000000 0.000000    -2.237918     0.190494 
59335.204811 0.000000 0.000000    -2.240537     0.190197 
59335.259629 0.000000 0.000000    -2.242974     0.189904 
59335.314447 0.000000 0.000000    -2.245228     0.189615 
59335.369266 0.000000 0.000000    -2.247300     0.189327 
59335.424084 0.000000 0.000000    -2.249191     0.189041 
59335.478903 0.000000 0.000000    -2.250903     0.188756 
59335.533721 0.000000 0.000000    -2.252435     0.188472 
59335.588540 0.000000 0.000000    -2.253789     0.188188 
59335.643358 0.000000 0.000000    -2.254966     0.187903 
59335.698176 0.000000 0.000000    -2.255966     0.187618 
59335.752995 0.000000 0.000000    -2.256792     0.187331 
59335.807813 0.000000 0.000000    -2.257445     0.187043 
59335.862632 0.000000 0.000000    -2.257925     0.186753 
59335.917450 0.000000 0.000000    -2.258234     0.186462 
59335.972268 0.000000 0.000000    -2.258375     0.186168 
59336.027087 0.000000 0.000000    -2.258347     0.185873 
59336.081905 0.000000 0.000000    -2.258154     0.185576 
59336.136724 0.000000 0.000000    -2.257796     0.185276 
59336.191542 0.000000 0.000000    -2.257275     0.184975 
59336.246361 0.000000 0.000000    -2.256594     0.184672 
59336.301179 0.000000 0.000000    -2.255753     0.184367 
59336.355997 0.000000 0.000000    -2.254756     0.184060 
59336.410816 0.000000 0.000000    -2.253604     0.183752 
59336.465634 0.000000 0.000000    -2.252299     0.183442 
59336.520453 0.000000 0.000000    -2.250843     0.183132 
59336.575271 0.000000 0.000000    -2.249238     0.182821 
59336.630090 0.000000 0.000000    -2.247488     0.182509 
59336.684908 0.000000 0.000000    -2.245593     0.182197 
59336.739726 0.000000 0.000000    -2.243557     0.181886 
59336.794545 0.000000 0.000000    -2.241381     0.181575 
59336.849363 0.000000 0.000000    -2.239068     0.181265 
59336.904182 0.000000 0.000000    -2.236622     0.180956 
59336.959000 0.000000 0.000000    -2.234043     0.180648 
59337.013819 0.000000 0.000000    -2.231335     0.180343 
59337.068637 0.000000 0.000000    -2.228501     0.180040 
59337.123455 0.000000 0.000000    -2.225543     0.179740 
59337.178274 0.000000 0.000000    -2.222464     0.179443 
59337.233092 0.000000 0.000000    -2.219267     0.179150 
59337.287911 0.000000 0.000000    -2.215954     0.178860 
59337.342729 0.000000 0.000000    -2.212529     0.178575 
59337.397548 0.000000 0.000000    -2.208994     0.178295 
59337.452366 0.000000 0.000000    -2.205352     0.178021 
59337.507184 0.000000 0.000000    -2.201606     0.177751 
59337.562003 0.000000 0.000000    -2.197759     0.177488 
59337.616821 0.000000 0.000000    -2.193815     0.177231 
59337.671640 0.000000 0.000000    -2.189775     0.176981 
59337.726458 0.000000 0.000000    -2.185644     0.176737 
59337.781277 0.000000 0.000000    -2.181425     0.176501 
59337.836095 0.000000 0.000000    -2.177120     0.176273 
59337.890913 0.000000 0.000000    -2.172732     0.176052 
59337.945732 0.000000 0.000000    -2.168265     0.175840 
59338.000550 0.000000 0.000000    -2.163723     0.175636 
59338.055369 0.000000 0.000000    -2.159107     0.175440 
59338.110187 0.000000 0.000000    -2.154422     0.175254 
59338.165006 0.000000 0.000000    -2.149671     0.175076 
59338.219824 0.000000 0.000000    -2.144857     0.174908 
59338.274642 0.000000 0.000000    -2.139982     0.174749 
59338.329461 0.000000 0.000000    -2.135052     0.174599 
59338.384279 0.000000 0.000000    -2.130067     0.174459 
59338.439098 0.000000 0.000000    -2.125033     0.174329 
59338.493916 0.000000 0.000000    -2.119952     0.174208 
59338.548735 0.000000 0.000000    -2.114828     0.174097 
59338.603553 0.000000 0.000000    -2.109664     0.173995 
59338.658371 0.000000 0.000000    -2.104462     0.173904 
59338.713190 0.000000 0.000000    -2.099227     0.173822 
59338.768008 0.000000 0.000000    -2.093962     0.173749 
59338.822827 0.000000 0.000000    -2.088669     0.173686 
59338.877645 0.000000 0.000000    -2.083353     0.173633 
59338.932464 0.000000 0.000000    -2.078016     0.173589 
59338.987282 0.000000 0.000000    -2.072662     0.173554 
59339.042100 0.000000 0.000000    -2.067294     0.173528 
59339.096919 0.000000 0.000000    -2.061915     0.173512 
59339.151737 0.000000 0.000000    -2.056528     0.173504 
59339.206556 0.000000 0.000000    -2.051137     0.173505 
59339.261374 0.000000 0.000000    -2.045744     0.173514 
59339.316193 0.000000 0.000000    -2.040353     0.173532 
59339.371011 0.000000 0.000000    -2.034967     0.173558 
59339.425829 0.000000 0.000000    -2.029590     0.173592 
59339.480648 0.000000 0.000000    -2.024223     0.173634 
59339.535466 0.000000 0.000000    -2.018870     0.173684 
59339.590285 0.000000 0.000000    -2.013534     0.173741 
59339.645103 0.000000 0.000000    -2.008219     0.173805 
59339.699922 0.000000 0.000000    -2.002927     0.173876 
59339.754740 0.000000 0.000000    -1.997660     0.173954 
59339.809558 0.000000 0.000000    -1.992423     0.174039 
59339.864377 0.000000 0.000000    -1.987217     0.174131 
59339.919195 0.000000 0.000000    -1.982046     0.174229 
59339.974014 0.000000 0.000000    -1.976912     0.174333 
59340.028832 0.000000 0.000000    -1.971818     0.174443 
59340.083651 0.000000 0.000000    -1.966767     0.174559 
59340.138469 0.000000 0.000000    -1.961762     0.174681 
59340.193287 0.000000 0.000000    -1.956805     0.174809 
59340.248106 0.000000 0.000000    -1.951898     0.174942 
59340.302924 0.000000 0.000000    -1.947044     0.175081 
59340.357743 0.000000 0.000000    -1.942246     0.175224 
59340.412561 0.000000 0.000000    -1.937506     0.175373 
59340.467380 0.000000 0.000000    -1.932827     0.175527 
59340.522198 0.000000 0.000000    -1.928210     0.175687 
59340.577016 0.000000 0.000000    -1.923658     0.175851 
59340.631835 0.000000 0.000000    -1.919174     0.176020 
59340.686653 0.000000 0.000000    -1.914759     0.176193 
59340.741472 0.000000 0.000000    -1.910416     0.176372 
59340.796290 0.000000 0.000000    -1.906146     0.176555 
59340.851109 0.000000 0.000000    -1.901953     0.176743 
59340.905927 0.000000 0.000000    -1.897837     0.176936 
59340.960745 0.000000 0.000000    -1.893800     0.177134 
59341.015564 0.000000 0.000000    -1.889845     0.177336 
59341.070382 0.000000 0.000000    -1.885973     0.177543 
59341.125201 0.000000 0.000000    -1.882186     0.177754 
59341.180019 0.000000 0.000000    -1.878486     0.177970 
59341.234838 0.000000 0.000000    -1.874874     0.178191 
59341.289656 0.000000 0.000000    -1.871352     0.178417 
59341.344474 0.000000 0.000000    -1.867921     0.178647 
59341.399293 0.000000 0.000000    -1.864583     0.178882 
59341.454111 0.000000 0.000000    -1.861338     0.179122 
59341.508930 0.000000 0.000000    -1.858189     0.179366 
59341.563748 0.000000 0.000000    -1.855137     0.179616 
59341.618567 0.000000 0.000000    -1.852183     0.179870 
59341.673385 0.000000 0.000000    -1.849327     0.180129 
59341.728203 0.000000 0.000000    -1.846571     0.180392 
59341.783022 0.000000 0.000000    -1.843917     0.180661 
59341.837840 0.000000 0.000000    -1.841364     0.180934 
59341.892659 0.000000 0.000000    -1.838913     0.181212 
59341.947477 0.000000 0.000000    -1.836566     0.181495 
59342.002296 0.000000 0.000000    -1.834324     0.181783 
59342.057114 0.000000 0.000000    -1.832186     0.182076 
59342.111932 0.000000 0.000000    -1.830153     0.182373 
59342.166751 0.000000 0.000000    -1.828226     0.182675 
59342.221569 0.000000 0.000000    -1.826406     0.182982 
59342.276388 0.000000 0.000000    -1.824692     0.183293 
59342.331206 0.000000 0.000000    -1.823086     0.183609 
59342.386025 0.000000 0.000000    -1.821586     0.183929 
59342.440843 0.000000 0.000000    -1.820194     0.184254 
59342.495661 0.000000 0.000000    -1.818910     0.184583 
59342.550480 0.000000 0.000000    -1.817733     0.184916 
59342.605298 0.000000 0.000000    -1.816664     0.185254 
59342.660117 0.000000 0.000000    -1.815703     0.185595 
59342.714935 0.000000 0.000000    -1.814848     0.185940 
59342.769753 0.000000 0.000000    -1.814101     0.186289 
59342.824572 0.000000 0.000000    -1.813461     0.186642 
59342.879390 0.000000 0.000000    -1.812927     0.186998 
59342.934209 0.000000 0.000000    -1.812500     0.187357 
59342.989027 0.000000 0.000000    -1.812178     0.187719 
59343.043846 0.000000 0.000000    -1.811961     0.188084 
59343.098664 0.000000 0.000000    -1.811849     0.188452 
59343.153482 0.000000 0.000000    -1.811841     0.188822 
59343.208301 0.000000 0.000000    -1.811936     0.189195 
59343.263119 0.000000 0.000000    -1.812133     0.189569 
59343.317938 0.000000 0.000000    -1.812431     0.189946 
59343.372756 0.000000 0.000000    -1.812831     0.190323 
59343.427575 0.000000 0.000000    -1.813329     0.190703 
59343.482393 0.000000 0.000000    -1.813927     0.191083 
59343.537211 0.000000 0.000000    -1.814622     0.191464 
59343.592030 0.000000 0.000000    -1.815413     0.191845 
59343.646848 0.000000 0.000000    -1.816300     0.192227 
59343.701667 0.000000 0.000000    -1.817281     0.192609 
59343.756485 0.000000 0.000000    -1.818354     0.192991 
59343.811304 0.000000 0.000000    -1.819519     0.193372 
59343.866122 0.000000 0.000000    -1.820773     0.193752 
59343.920940 0.000000 0.000000    -1.822116     0.194131 
59343.975759 0.000000 0.000000    -1.823546     0.194508 
59344.030577 0.000000 0.000000    -1.825061     0.194884 
59344.085396 0.000000 0.000000    -1.826660     0.195258 
59344.140214 0.000000 0.000000    -1.828341     0.195630 
59344.195033 0.000000 0.000000    -1.830102     0.195999 
59344.249851 0.000000 0.000000    -1.831941     0.196365 
59344.304669 0.000000 0.000000    -1.833858     0.196728 
59344.359488 0.000000 0.000000    -1.835849     0.197087 
59344.414306 0.000000 0.000000    -1.837914     0.197443 
59344.469125 0.000000 0.000000    -1.840049     0.197795 
59344.523943 0.000000 0.000000    -1.842254     0.198142 
59344.578762 0.000000 0.000000    -1.844526     0.198485 
59344.633580 0.000000 0.000000    -1.846862     0.198823 
59344.688398 0.000000 0.000000    -1.849262     0.199156 
59344.743217 0.000000 0.000000    -1.851722     0.199484 
59344.798035 0.000000 0.000000    -1.854242     0.199806 
59344.852854 0.000000 0.000000    -1.856817     0.200121 
59344.907672 0.000000 0.000000    -1.859447     0.200431 
59344.962491 0.000000 0.000000    -1.862128     0.200735 
59345.017309 0.000000 0.000000    -1.864859     0.201031 
59345.072127 0.000000 0.000000    -1.867638     0.201321 
59345.126946 0.000000 0.000000    -1.870461     0.201604 
59345.181764 0.000000 0.000000    -1.873327     0.201879 
59345.236583 0.000000 0.000000    -1.876233     0.202147 
59345.291401 0.000000 0.000000    -1.879177     0.202407 
59345.346220 0.000000 0.000000    -1.882156     0.202659 
59345.401038 0.000000 0.000000    -1.885168     0.202903 
59345.455856 0.000000 0.000000    -1.888210     0.203139 
59345.510675 0.000000 0.000000    -1.891280     0.203366 
59345.565493 0.000000 0.000000    -1.894375     0.203584 
59345.620312 0.000000 0.000000    -1.897493     0.203794 
59345.675130 0.000000 0.000000    -1.900631     0.203994 
59345.729949 0.000000 0.000000    -1.903786     0.204186 
59345.784767 0.000000 0.000000    -1.906957     0.204368 
59345.839585 0.000000 0.000000    -1.910140     0.204541 
59345.894404 0.000000 0.000000    -1.913332     0.204704 
59345.949222 0.000000 0.000000    -1.916532     0.204857 
59346.004041 0.000000 0.000000    -1.919736     0.205001 
59346.058859 0.000000 0.000000    -1.922942     0.205135 
59346.113678 0.000000 0.000000    -1.926147     0.205259 
59346.168496 0.000000 0.000000    -1.929348     0.205373 
59346.223314 0.000000 0.000000    -1.932544     0.205477 
59346.278133 0.000000 0.000000    -1.935731     0.205571 
59346.332951 0.000000 0.000000    -1.938906     0.205654 
59346.387770 0.000000 0.000000    -1.942068     0.205728 
59346.442588 0.000000 0.000000    -1.945213     0.205791 
59346.497407 0.000000 0.000000    -1.948339     0.205844 
59346.552225 0.000000 0.000000    -1.951443     0.205886 
59346.607043 0.000000 0.000000    -1.954522     0.205919 
59346.661862 0.000000 0.000000    -1.957575     0.205941 
59346.716680 0.000000 0.000000    -1.960598     0.205952 
59346.771499 0.000000 0.000000    -1.963588     0.205954 
59346.826317 0.000000 0.000000    -1.966544     0.205945 
59346.881136 0.000000 0.000000    -1.969463     0.205927 
59346.935954 0.000000 0.000000    -1.972341     0.205898 
59346.990772 0.000000 0.000000    -1.975178     0.205859 
59347.045591 0.000000 0.000000    -1.977969     0.205810 
59347.100409 0.000000 0.000000    -1.980713     0.205751 
59347.155228 0.000000 0.000000    -1.983408     0.205683 
59347.210046 0.000000 0.000000    -1.986050     0.205605 
59347.264865 0.000000 0.000000    -1.988638     0.205517 
59347.319683 0.000000 0.000000    -1.991168     0.205420 
59347.374501 0.000000 0.000000    -1.993640     0.205314 
59347.429320 0.000000 0.000000    -1.996049     0.205198 
59347.484138 0.000000 0.000000    -1.998395     0.205074 
59347.538957 0.000000 0.000000    -2.000675     0.204940 
59347.593775 0.000000 0.000000    -2.002886     0.204799 
59347.648594 0.000000 0.000000    -2.005026     0.204648 
59347.703412 0.000000 0.000000    -2.007094     0.204490 
59347.758230 0.000000 0.000000    -2.009087     0.204323 
59347.813049 0.000000 0.000000    -2.011003     0.204149 
59347.867867 0.000000 0.000000    -2.012839     0.203967 
59347.922686 0.000000 0.000000    -2.014595     0.203778 
59347.977504 0.000000 0.000000    -2.016268     0.203582 
59348.032323 0.000000 0.000000    -2.017855     0.203379 
59348.087141 0.000000 0.000000    -2.019356     0.203169 
59348.141959 0.000000 0.000000    -2.020768     0.202953 
59348.196778 0.000000 0.000000    -2.022089     0.202731 
59348.251596 0.000000 0.000000    -2.023318     0.202504 
59348.306415 0.000000 0.000000    -2.024453     0.202271 
59348.361233 0.000000 0.000000    -2.025493     0.202033 
59348.416052 0.000000 0.000000    -2.026435     0.201791 
59348.470870 0.000000 0.000000    -2.027278     0.201544 
59348.525688 0.000000 0.000000    -2.028020     0.201293 
59348.580507 0.000000 0.000000    -2.028661     0.201039 
59348.635325 0.000000 0.000000    -2.029198     0.200782 
59348.690144 0.000000 0.000000    -2.029631     0.200521 
59348.744962 0.000000 0.000000    -2.029958     0.200258 
59348.799781 0.000000 0.000000    -2.030177     0.199994 
59348.854599 0.000000 0.000000    -2.030288     0.199727 
59348.909417 0.000000 0.000000    -2.030289     0.199460 
59348.964236 0.000000 0.000000    -2.030179     0.199191 
59349.019054 0.000000 0.000000    -2.029958     0.198923 
59349.073873 0.000000 0.000000    -2.029623     0.198654 
59349.128691 0.000000 0.000000    -2.029175     0.198386 
59349.183510 0.000000 0.000000    -2.028613     0.198120 
59349.238328 0.000000 0.000000    -2.027934     0.197854 
59349.293146 0.000000 0.000000    -2.027140     0.197591 
59349.347965 0.000000 0.000000    -2.026229     0.197330 
59349.402783 0.000000 0.000000    -2.025200     0.197072 
59349.457602 0.000000 0.000000    -2.024053     0.196817 
59349.512420 0.000000 0.000000    -2.022787     0.196566 
59349.567239 0.000000 0.000000    -2.021402     0.196320 
59349.622057 0.000000 0.000000    -2.019898     0.196078 
59349.676875 0.000000 0.000000    -2.018274     0.195842 
59349.731694 0.000000 0.000000    -2.016530     0.195612 
59349.786512 0.000000 0.000000    -2.014666     0.195387 
59349.841331 0.000000 0.000000    -2.012681     0.195170 
59349.896149 0.000000 0.000000    -2.010575     0.194960 
59349.950967 0.000000 0.000000    -2.008349     0.194757 
59350.005786 0.000000 0.000000    -2.006003     0.194562 
59350.060604 0.000000 0.000000    -2.003536     0.194376 
59350.115423 0.000000 0.000000    -2.000949     0.194199 
59350.170241 0.000000 0.000000    -1.998242     0.194032 
59350.225060 0.000000 0.000000    -1.995415     0.193874 
59350.279878 0.000000 0.000000    -1.992469     0.193726 
59350.334696 0.000000 0.000000    -1.989404     0.193589 
59350.389515 0.000000 0.000000    -1.986221     0.193463 
59350.444333 0.000000 0.000000    -1.982920     0.193348 
59350.499152 0.000000 0.000000    -1.979501     0.193245 
59350.553970 0.000000 0.000000    -1.975967     0.193154 
59350.608789 0.000000 0.000000    -1.972316     0.193075 
59350.663607 0.000000 0.000000    -1.968551     0.193008 
59350.718425 0.000000 0.000000    -1.964671     0.192954 
59350.773244 0.000000 0.000000    -1.960679     0.192913 
59350.828062 0.000000 0.000000    -1.956574     0.192885 
59350.882881 0.000000 0.000000    -1.952358     0.192870 
59350.937699 0.000000 0.000000    -1.948033     0.192868 
59350.992518 0.000000 0.000000    -1.943599     0.192880 
59351.047336 0.000000 0.000000    -1.939057     0.192906 
59351.102154 0.000000 0.000000    -1.934409     0.192945 
59351.156973 0.000000 0.000000    -1.929657     0.192997 
59351.211791 0.000000 0.000000    -1.924801     0.193064 
59351.266610 0.000000 0.000000    -1.919843     0.193143 
59351.321428 0.000000 0.000000    -1.914785     0.193237 
59351.376247 0.000000 0.000000    -1.909629     0.193343 
59351.431065 0.000000 0.000000    -1.904375     0.193463 
59351.485883 0.000000 0.000000    -1.899027     0.193596 
59351.540702 0.000000 0.000000    -1.893585     0.193741 
59351.595520 0.000000 0.000000    -1.888051     0.193900 
59351.650339 0.000000 0.000000    -1.882428     0.194070 
59351.705157 0.000000 0.000000    -1.876717     0.194253 
59351.759976 0.000000 0.000000    -1.870920     0.194448 
59351.814794 0.000000 0.000000    -1.865040     0.194654 
59351.869612 0.000000 0.000000    -1.859078     0.194871 
59351.924431 0.000000 0.000000    -1.853037     0.195099 
59351.979249 0.000000 0.000000    -1.846919     0.195338 
59352.034068 0.000000 0.000000    -1.840726     0.195586 
59352.088886 0.000000 0.000000    -1.834461     0.195844 
59352.143705 0.000000 0.000000    -1.828126     0.196110 
59352.198523 0.000000 0.000000    -1.821723     0.196386 
59352.253341 0.000000 0.000000    -1.815254     0.196669 
59352.308160 0.000000 0.000000    -1.808723     0.196960 
59352.362978 0.000000 0.000000    -1.802132     0.197258 
59352.417797 0.000000 0.000000    -1.795484     0.197562 
59352.472615 0.000000 0.000000    -1.788780     0.197873 
59352.527434 0.000000 0.000000    -1.782025     0.198188 
59352.582252 0.000000 0.000000    -1.775220     0.198509 
59352.637070 0.000000 0.000000    -1.768368     0.198834 
59352.691889 0.000000 0.000000    -1.761473     0.199162 
59352.746707 0.000000 0.000000    -1.754536     0.199493 
59352.801526 0.000000 0.000000    -1.747562     0.199827 
59352.856344 0.000000 0.000000    -1.740552     0.200162 
59352.911163 0.000000 0.000000    -1.733510     0.200498 
59352.965981 0.000000 0.000000    -1.726439     0.200835 
59353.020799 0.000000 0.000000    -1.719342     0.201172 
59353.075618 0.000000 0.000000    -1.712221     0.201509 
59353.130436 0.000000 0.000000    -1.705081     0.201844 
59353.185255 0.000000 0.000000    -1.697923     0.202177 
59353.240073 0.000000 0.000000    -1.690752     0.202507 
59353.294892 0.000000 0.000000    -1.683570     0.202834 
59353.349710 0.000000 0.000000    -1.676380     0.203158 
59353.404528 0.000000 0.000000    -1.669186     0.203477 
59353.459347 0.000000 0.000000    -1.661991     0.203791 
59353.514165 0.000000 0.000000    -1.654798     0.204099 
59353.568984 0.000000 0.000000    -1.647611     0.204401 
59353.623802 0.000000 0.000000    -1.640432     0.204697 
59353.678621 0.000000 0.000000    -1.633265     0.204985 
59353.733439 0.000000 0.000000    -1.626114     0.205264 
59353.788257 0.000000 0.000000    -1.618981     0.205536 
59353.843076 0.000000 0.000000    -1.611870     0.205798 
59353.897894 0.000000 0.000000    -1.604785     0.206051 
59353.952713 0.000000 0.000000    -1.597728     0.206293 
59354.007531 0.000000 0.000000    -1.590703     0.206524 
59354.062350 0.000000 0.000000    -1.583713     0.206744 
59354.117168 0.000000 0.000000    -1.576762     0.206953 
59354.171986 0.000000 0.000000    -1.569853     0.207148 
59354.226805 0.000000 0.000000    -1.562990     0.207331 
59354.281623 0.000000 0.000000    -1.556175     0.207501 
59354.336442 0.000000 0.000000    -1.549412     0.207657 
59354.391260 0.000000 0.000000    -1.542705     0.207798 
59354.446079 0.000000 0.000000    -1.536057     0.207924 
59354.500897 0.000000 0.000000    -1.529471     0.208035 
59354.555715 0.000000 0.000000    -1.522950     0.208131 
59354.610534 0.000000 0.000000    -1.516499     0.208210 
59354.665352 0.000000 0.000000    -1.510119     0.208272 
59354.720171 0.000000 0.000000    -1.503815     0.208318 
59354.774989 0.000000 0.000000    -1.497590     0.208346 
59354.829808 0.000000 0.000000    -1.491446     0.208356 
59354.884626 0.000000 0.000000    -1.485388     0.208349 
59354.939444 0.000000 0.000000    -1.479418     0.208322 
59354.994263 0.000000 0.000000    -1.473540     0.208277 
59355.049081 0.000000 0.000000    -1.467757     0.208213 
59355.103900 0.000000 0.000000    -1.462072     0.208129 
59355.158718 0.000000 0.000000    -1.456488     0.208026 
59355.213537 0.000000 0.000000    -1.451008     0.207902 
59355.268355 0.000000 0.000000    -1.445635     0.207759 
59355.323173 0.000000 0.000000    -1.440373     0.207595 
59355.377992 0.000000 0.000000    -1.435224     0.207410 
59355.432810 0.000000 0.000000    -1.430192     0.207205 
59355.487629 0.000000 0.000000    -1.425278     0.206979 
59355.542447 0.000000 0.000000    -1.420487     0.206732 
59355.597266 0.000000 0.000000    -1.415821     0.206464 
59355.652084 0.000000 0.000000    -1.411283     0.206175 
59355.706902 0.000000 0.000000    -1.406876     0.205865 
59355.761721 0.000000 0.000000    -1.402602     0.205533 
59355.816539 0.000000 0.000000    -1.398464     0.205182 
59355.871358 0.000000 0.000000    -1.394465     0.204809 
59355.926176 0.000000 0.000000    -1.390607     0.204416 
59355.980995 0.000000 0.000000    -1.386894     0.204002 
59356.035813 0.000000 0.000000    -1.383327     0.203569 
59356.090631 0.000000 0.000000    -1.379908     0.203116 
59356.145450 0.000000 0.000000    -1.376642     0.202644 
59356.200268 0.000000 0.000000    -1.373529     0.202153 
59356.255087 0.000000 0.000000    -1.370572     0.201644 
59356.309905 0.000000 0.000000    -1.367773     0.201118 
59356.364724 0.000000 0.000000    -1.365135     0.200575 
59356.419542 0.000000 0.000000    -1.362660     0.200016 
59356.474360 0.000000 0.000000    -1.360349     0.199443 
59356.529179 0.000000 0.000000    -1.358206     0.198855 
59356.583997 0.000000 0.000000    -1.356231     0.198256 
59356.638816 0.000000 0.000000    -1.354426     0.197645 
59356.693634 0.000000 0.000000    -1.352794     0.197024 
59356.748452 0.000000 0.000000    -1.351337     0.196395 
59356.803271 0.000000 0.000000    -1.350055     0.195760 
59356.858089 0.000000 0.000000    -1.348951     0.195120 
59356.912908 0.000000 0.000000    -1.348027     0.194478 
59356.967726 0.000000 0.000000    -1.347283     0.193835 
59357.022545 0.000000 0.000000    -1.346721     0.193195 
59357.077363 0.000000 0.000000    -1.346343     0.192559 
59357.132181 0.000000 0.000000    -1.346150     0.191932 
59357.187000 0.000000 0.000000    -1.346143     0.191314 
59357.241818 0.000000 0.000000    -1.346323     0.190711 
59357.296637 0.000000 0.000000    -1.346692     0.190125 
59357.351455 0.000000 0.000000    -1.347250     0.189560 
59357.406274 0.000000 0.000000    -1.347998     0.189020 
59357.461092 0.000000 0.000000    -1.348937     0.188508 
59357.515910 0.000000 0.000000    -1.350069     0.188029 
59357.570729 0.000000 0.000000    -1.351393     0.187588 
59357.625547 0.000000 0.000000    -1.352911     0.187188 
59357.680366 0.000000 0.000000    -1.354623     0.186834 
59357.735184 0.000000 0.000000    -1.356529     0.186532 
59357.790003 0.000000 0.000000    -1.358630     0.186285 
59357.844821 0.000000 0.000000    -1.360926     0.186098 
59357.899639 0.000000 0.000000    -1.363418     0.185977 
59357.954458 0.000000 0.000000    -1.366105     0.185925 
59358.009276 0.000000 0.000000    -1.368988     0.185948 
59358.064095 0.000000 0.000000    -1.372067     0.186048 
59358.118913 0.000000 0.000000    -1.375342     0.186231 
59358.173732 0.000000 0.000000    -1.378812     0.186500 
59358.228550 0.000000 0.000000    -1.382478     0.186858 
59358.283368 0.000000 0.000000    -1.386338     0.187309 
59358.338187 0.000000 0.000000    -1.390394     0.187853 
59358.393005 0.000000 0.000000    -1.394644     0.188495 
59358.447824 0.000000 0.000000    -1.399087     0.189234 
59358.502642 0.000000 0.000000    -1.403724     0.190071 
59358.557461 0.000000 0.000000    -1.408553     0.191008 
59358.612279 0.000000 0.000000    -1.413574     0.192044 
59358.667097 0.000000 0.000000    -1.418785     0.193178 
59358.721916 0.000000 0.000000    -1.424187     0.194409 
59358.776734 0.000000 0.000000    -1.429777     0.195735 
59358.831553 0.000000 0.000000    -1.435555     0.197155 
59358.886371 0.000000 0.000000    -1.441520     0.198665 
59358.941190 0.000000 0.000000    -1.447671     0.200262 
59358.996008 0.000000 0.000000    -1.454005     0.201945 
59359.050826 0.000000 0.000000    -1.460523     0.203708 
59359.105645 0.000000 0.000000    -1.467221     0.205549 
59359.160463 0.000000 0.000000    -1.474099     0.207465 
59359.215282 0.000000 0.000000    -1.481156     0.209450 
59359.270100 0.000000 0.000000    -1.488389     0.211501 
59359.324919 0.000000 0.000000    -1.495796     0.213615 
59359.379737 0.000000 0.000000    -1.503376     0.215787 
59359.434555 0.000000 0.000000    -1.511127     0.218014 
59359.489374 0.000000 0.000000    -1.519047     0.220291 
59359.544192 0.000000 0.000000    -1.527134     0.222615 
59359.599011 0.000000 0.000000    -1.535386     0.224983 
59359.653829 0.000000 0.000000    -1.543800     0.227391 
59359.708648 0.000000 0.000000    -1.552375     0.229836 
59359.763466 0.000000 0.000000    -1.561107     0.232314 
59359.818284 0.000000 0.000000    -1.569995     0.234822 
59359.873103 0.000000 0.000000    -1.579036     0.237357 
59359.927921 0.000000 0.000000    -1.588228     0.239917 
59359.982740 0.000000 0.000000    -1.597568     0.242499 
59360.037558 0.000000 0.000000    -1.607053     0.245100 
59360.092377 0.000000 0.000000    -1.616680     0.247718 
59360.147195 0.000000 0.000000    -1.626447     0.250350 
59360.202013 0.000000 0.000000    -1.636352     0.252995 
59360.256832 0.000000 0.000000    -1.646390     0.255651 
59360.311650 0.000000 0.000000    -1.656560     0.258314 
59360.366469 0.000000 0.000000    -1.666857     0.260985 
59360.421287 0.000000 0.000000    -1.677280     0.263660 
59360.476106 0.000000 0.000000    -1.687825     0.266338 
59360.530924 0.000000 0.000000    -1.698488     0.269019 
59360.585742 0.000000 0.000000    -1.709267     0.271699 
59360.640561 0.000000 0.000000    -1.720158     0.274379 
59360.695379 0.000000 0.000000    -1.731159     0.277056 
59360.750198 0.000000 0.000000    -1.742265     0.279729 
59360.805016 0.000000 0.000000    -1.753473     0.282398 
59360.859835 0.000000 0.000000    -1.764780     0.285061 
59360.914653 0.000000 0.000000    -1.776182     0.287717 
59360.969471 0.000000 0.000000    -1.787676     0.290365 
59361.024290 0.000000 0.000000    -1.799258     0.293004 
59361.079108 0.000000 0.000000    -1.810924     0.295634 
59361.133927 0.000000 0.000000    -1.822672     0.298254 
59361.188745 0.000000 0.000000    -1.834497     0.300862 
59361.243564 0.000000 0.000000    -1.846395     0.303458 
59361.298382 0.000000 0.000000    -1.858363     0.306042 
59361.353200 0.000000 0.000000    -1.870397     0.308612 
59361.408019 0.000000 0.000000    -1.882493     0.311168 
59361.462837 0.000000 0.000000    -1.894648     0.313710 
59361.517656 0.000000 0.000000    -1.906857     0.316236 
59361.572474 0.000000 0.000000    -1.919117     0.318747 
59361.627293 0.000000 0.000000    -1.931424     0.321242 
59361.682111 0.000000 0.000000    -1.943774     0.323720 
59361.736929 0.000000 0.000000    -1.956162     0.326180 
59361.791748 0.000000 0.000000    -1.968586     0.328624 
59361.846566 0.000000 0.000000    -1.981040     0.331049 
59361.901385 0.000000 0.000000    -1.993522     0.333455 
59361.956203 0.000000 0.000000    -2.006027     0.335843 
59362.011022 0.000000 0.000000    -2.018551     0.338212 
59362.065840 0.000000 0.000000    -2.031090     0.340561 
59362.120658 0.000000 0.000000    -2.043640     0.342890 
59362.175477 0.000000 0.000000    -2.056197     0.345198 
59362.230295 0.000000 0.000000    -2.068757     0.347487 
59362.285114 0.000000 0.000000    -2.081317     0.349754 
59362.339932 0.000000 0.000000    -2.093872     0.352000 
59362.394751 0.000000 0.000000    -2.106417     0.354225 
59362.449569 0.000000 0.000000    -2.118950     0.356428 
59362.504387 0.000000 0.000000    -2.131466     0.358610 
59362.559206 0.000000 0.000000    -2.143961     0.360769 
59362.614024 0.000000 0.000000    -2.156432     0.362906 
59362.668843 0.000000 0.000000    -2.168873     0.365020 
59362.723661 0.000000 0.000000    -2.181282     0.367112 
59362.778480 0.000000 0.000000    -2.193655     0.369180 
59362.833298 0.000000 0.000000    -2.205987     0.371226 
59362.888116 0.000000 0.000000    -2.218274     0.373248 
59362.942935 0.000000 0.000000    -2.230513     0.375247 
59362.997753 0.000000 0.000000    -2.242700     0.377222 
59363.052572 0.000000 0.000000    -2.254832     0.379174 
59363.107390 0.000000 0.000000    -2.266903     0.381101 
59363.162209 0.000000 0.000000    -2.278912     0.383005 
59363.217027 0.000000 0.000000    -2.290853     0.384885 
59363.271845 0.000000 0.000000    -2.302723     0.386740 
59363.326664 0.000000 0.000000    -2.314519     0.388571 
59363.381482 0.000000 0.000000    -2.326237     0.390378 
59363.436301 0.000000 0.000000    -2.337872     0.392160 
59363.491119 0.000000 0.000000    -2.349423     0.393918 
59363.545938 0.000000 0.000000    -2.360885     0.395652 
59363.600756 0.000000 0.000000    -2.372255     0.397360 
59363.655574 0.000000 0.000000    -2.383529     0.399044 
59363.710393 0.000000 0.000000    -2.394704     0.400704 
59363.765211 0.000000 0.000000    -2.405777     0.402338 
59363.820030 0.000000 0.000000    -2.416744     0.403948 
59363.874848 0.000000 0.000000    -2.427602     0.405533 
59363.929666 0.000000 0.000000    -2.438349     0.407093 
59363.984485 0.000000 0.000000    -2.448980     0.408629 
59364.039303 0.000000 0.000000    -2.459492     0.410139 
59364.094122 0.000000 0.000000    -2.469884     0.411625 
59364.148940 0.000000 0.000000    -2.480151     0.413087 
59364.203759 0.000000 0.000000    -2.490291     0.414523 
59364.258577 0.000000 0.000000    -2.500301     0.415935 
59364.313395 0.000000 0.000000    -2.510178     0.417322 
59364.368214 0.000000 0.000000    -2.519920     0.418685 
59364.423032 0.000000 0.000000    -2.529523     0.420023 
59364.477851 0.000000 0.000000    -2.538986     0.421336 
59364.532669 0.000000 0.000000    -2.548305     0.422626 
59364.587488 0.000000 0.000000    -2.557478     0.423891 
59364.642306 0.000000 0.000000    -2.566504     0.425131 
59364.697124 0.000000 0.000000    -2.575378     0.426348 
59364.751943 0.000000 0.000000    -2.584100     0.427541 
59364.806761 0.000000 0.000000    -2.592666     0.428709 
59364.861580 0.000000 0.000000    -2.601076     0.429854 
59364.916398 0.000000 0.000000    -2.609326     0.430975 
59364.971217 0.000000 0.000000    -2.617414     0.432073 
59365.026035 0.000000 0.000000    -2.625340     0.433147 
59365.080853 0.000000 0.000000    -2.633100     0.434197 
59365.135672 0.000000 0.000000    -2.640694     0.435225 
59365.190490 0.000000 0.000000    -2.648119     0.436230 
59365.245309 0.000000 0.000000    -2.655374     0.437211 
59365.300127 0.000000 0.000000    -2.662458     0.438171 
59365.354946 0.000000 0.000000    -2.669368     0.439107 
59365.409764 0.000000 0.000000    -2.676103     0.440021 
59365.464582 0.000000 0.000000    -2.682663     0.440913 
59365.519401 0.000000 0.000000    -2.689046     0.441783 
59365.574219 0.000000 0.000000    -2.695251     0.442631 
59365.629038 0.000000 0.000000    -2.701276     0.443458 
59365.683856 0.000000 0.000000    -2.707121     0.444263 
59365.738675 0.000000 0.000000    -2.712784     0.445047 
59365.793493 0.000000 0.000000    -2.718266     0.445810 
59365.848311 0.000000 0.000000    -2.723565     0.446552 
59365.903130 0.000000 0.000000    -2.728680     0.447274 
59365.957948 0.000000 0.000000    -2.733611     0.447975 
59366.012767 0.000000 0.000000    -2.738358     0.448657 
59366.067585 0.000000 0.000000    -2.742919     0.449318 
59366.122404 0.000000 0.000000    -2.747295     0.449960 
59366.177222 0.000000 0.000000    -2.751486     0.450582 
59366.232040 0.000000 0.000000    -2.755491     0.451186 
59366.286859 0.000000 0.000000    -2.759309     0.451770 
59366.341677 0.000000 0.000000    -2.762942     0.452336 
59366.396496 0.000000 0.000000    -2.766389     0.452883 
59366.451314 0.000000 0.000000    -2.769650     0.453413 
59366.506133 0.000000 0.000000    -2.772725     0.453925 
59366.560951 0.000000 0.000000    -2.775615     0.454419 
59366.615769 0.000000 0.000000    -2.778320     0.454896 
59366.670588 0.000000 0.000000    -2.780841     0.455356 
59366.725406 0.000000 0.000000    -2.783177     0.455799 
59366.780225 0.000000 0.000000    -2.785331     0.456226 
59366.835043 0.000000 0.000000    -2.787301     0.456637 
59366.889862 0.000000 0.000000    -2.789090     0.457032 
59366.944680 0.000000 0.000000    -2.790697     0.457411 
59366.999498 0.000000 0.000000    -2.792125     0.457775 
59367.054317 0.000000 0.000000    -2.793373     0.458125 
59367.109135 0.000000 0.000000    -2.794443     0.458459 
59367.163954 0.000000 0.000000    -2.795336     0.458780 
59367.218772 0.000000 0.000000    -2.796054     0.459086 
59367.273591 0.000000 0.000000    -2.796596     0.459379 
59367.328409 0.000000 0.000000    -2.796966     0.459658 
59367.383227 0.000000 0.000000    -2.797164     0.459925 
59367.438046 0.000000 0.000000    -2.797192     0.460178 
59367.492864 0.000000 0.000000    -2.797051     0.460419 
59367.547683 0.000000 0.000000    -2.796743     0.460648 
59367.602501 0.000000 0.000000    -2.796270     0.460865 
59367.657320 0.000000 0.000000    -2.795633     0.461071 
59367.712138 0.000000 0.000000    -2.794834     0.461266 
59367.766956 0.000000 0.000000    -2.793876     0.461449 
59367.821775 0.000000 0.000000    -2.792759     0.461622 
59367.876593 0.000000 0.000000    -2.791487     0.461785 
59367.931412 0.000000 0.000000    -2.790061     0.461938 
59367.986230 0.000000 0.000000    -2.788483     0.462081 
59368.041049 0.000000 0.000000    -2.786756     0.462215 
59368.095867 0.000000 0.000000    -2.784881     0.462340 
59368.150685 0.000000 0.000000    -2.782862     0.462456 
59368.205504 0.000000 0.000000    -2.780700     0.462564 
59368.260322 0.000000 0.000000    -2.778397     0.462664 
59368.315141 0.000000 0.000000    -2.775957     0.462756 
59368.369959 0.000000 0.000000    -2.773382     0.462841 
59368.424778 0.000000 0.000000    -2.770675     0.462918 
59368.479596 0.000000 0.000000    -2.767837     0.462989 
59368.534414 0.000000 0.000000    -2.764872     0.463053 
59368.589233 0.000000 0.000000    -2.761782     0.463110 
59368.644051 0.000000 0.000000    -2.758570     0.463162 
59368.698870 0.000000 0.000000    -2.755240     0.463208 
59368.753688 0.000000 0.000000    -2.751792     0.463249 
59368.808507 0.000000 0.000000    -2.748232     0.463285 
59368.863325 0.000000 0.000000    -2.744561     0.463316 
59368.918143 0.000000 0.000000    -2.740782     0.463342 
59368.972962 0.000000 0.000000    -2.736899     0.463364 
59369.027780 0.000000 0.000000    -2.732914     0.463382 
59369.082599 0.000000 0.000000    -2.728830     0.463396 
59369.137417 0.000000 0.000000    -2.724651     0.463407 
59369.192236 0.000000 0.000000    -2.720379     0.463414 
59369.247054 0.000000 0.000000    -2.716018     0.463419 
59369.301872 0.000000 0.000000    -2.711571     0.463421 
59369.356691 0.000000 0.000000    -2.707041     0.463420 
59369.411509 0.000000 0.000000    -2.702431     0.463417 
59369.466328 0.000000 0.000000    -2.697744     0.463413 
59369.521146 0.000000 0.000000    -2.692984     0.463406 
59369.575965 0.000000 0.000000    -2.688154     0.463398 
59369.630783 0.000000 0.000000    -2.683256     0.463388 
59369.685601 0.000000 0.000000    -2.678295     0.463378 
59369.740420 0.000000 0.000000    -2.673274     0.463366 
59369.795238 0.000000 0.000000    -2.668195     0.463354 
59369.850057 0.000000 0.000000    -2.663063     0.463342 
59369.904875 0.000000 0.000000    -2.657879     0.463329 
59369.959694 0.000000 0.000000    -2.652649     0.463316 
59370.014512 0.000000 0.000000    -2.647375     0.463303 
59370.069330 0.000000 0.000000    -2.642060     0.463291 
59370.124149 0.000000 0.000000    -2.636707     0.463278 
59370.178967 0.000000 0.000000    -2.631321     0.463267 
59370.233786 0.000000 0.000000    -2.625903     0.463256 
59370.288604 0.000000 0.000000    -2.620459     0.463247 
59370.343423 0.000000 0.000000    -2.614990     0.463238 
59370.398241 0.000000 0.000000    -2.609500     0.463231 
59370.453059 0.000000 0.000000    -2.603992     0.463225 
59370.507878 0.000000 0.000000    -2.598470     0.463221 
59370.562696 0.000000 0.000000    -2.592937     0.463218 
59370.617515 0.000000 0.000000    -2.587396     0.463217 
59370.672333 0.000000 0.000000    -2.581849     0.463218 
59370.727151 0.000000 0.000000    -2.576302     0.463221 
59370.781970 0.000000 0.000000    -2.570756     0.463227 
59370.836788 0.000000 0.000000    -2.565214     0.463234 
59370.891607 0.000000 0.000000    -2.559681     0.463244 
59370.946425 0.000000 0.000000    -2.554158     0.463257 
59371.001244 0.000000 0.000000    -2.548649     0.463272 
59371.056062 0.000000 0.000000    -2.543158     0.463290 
59371.110880 0.000000 0.000000    -2.537686     0.463310 
59371.165699 0.000000 0.000000    -2.532237     0.463334 
59371.220517 0.000000 0.000000    -2.526815     0.463360 
59371.275336 0.000000 0.000000    -2.521421     0.463389 
59371.330154 0.000000 0.000000    -2.516059     0.463421 
59371.384973 0.000000 0.000000    -2.510731     0.463457 
59371.439791 0.000000 0.000000    -2.505441     0.463495 
59371.494609 0.000000 0.000000    -2.500191     0.463537 
59371.549428 0.000000 0.000000    -2.494984     0.463582 
59371.604246 0.000000 0.000000    -2.489822     0.463631 
59371.659065 0.000000 0.000000    -2.484709     0.463682 
59371.713883 0.000000 0.000000    -2.479646     0.463737 
59371.768702 0.000000 0.000000    -2.474637     0.463796 
59371.823520 0.000000 0.000000    -2.469684     0.463858 
59371.878338 0.000000 0.000000    -2.464789     0.463923 
59371.933157 0.000000 0.000000    -2.459954     0.463992 
59371.987975 0.000000 0.000000    -2.455183     0.464064 
59372.042794 0.000000 0.000000    -2.450477     0.464140 
59372.097612 0.000000 0.000000    -2.445839     0.464219 
59372.152431 0.000000 0.000000    -2.441271     0.464302 
59372.207249 0.000000 0.000000    -2.436775     0.464388 
59372.262067 0.000000 0.000000    -2.432353     0.464478 
59372.316886 0.000000 0.000000    -2.428007     0.464571 
59372.371704 0.000000 0.000000    -2.423739     0.464668 
59372.426523 0.000000 0.000000    -2.419551     0.464768 
59372.481341 0.000000 0.000000    -2.415446     0.464872 
59372.536160 0.000000 0.000000    -2.411424     0.464979 
59372.590978 0.000000 0.000000    -2.407488     0.465089 
59372.645796 0.000000 0.000000    -2.403639     0.465203 
59372.700615 0.000000 0.000000    -2.399879     0.465320 
59372.755433 0.000000 0.000000    -2.396209     0.465440 
59372.810252 0.000000 0.000000    -2.392631     0.465564 
59372.865070 0.000000 0.000000    -2.389147     0.465691 
59372.919889 0.000000 0.000000    -2.385758     0.465821 
59372.974707 0.000000 0.000000    -2.382464     0.465954 
59373.029525 0.000000 0.000000    -2.379269     0.466091 
59373.084344 0.000000 0.000000    -2.376171     0.466230 
59373.139162 0.000000 0.000000    -2.373174     0.466372 
59373.193981 0.000000 0.000000    -2.370277     0.466518 
59373.248799 0.000000 0.000000    -2.367483     0.466666 
59373.303618 0.000000 0.000000    -2.364791     0.466817 
59373.358436 0.000000 0.000000    -2.362202     0.466971 
59373.413254 0.000000 0.000000    -2.359718     0.467127 
59373.468073 0.000000 0.000000    -2.357340     0.467286 
59373.522891 0.000000 0.000000    -2.355067     0.467448 
59373.577710 0.000000 0.000000    -2.352900     0.467612 
59373.632528 0.000000 0.000000    -2.350841     0.467779 
59373.687347 0.000000 0.000000    -2.348889     0.467948 
59373.742165 0.000000 0.000000    -2.347045     0.468119 
59373.796983 0.000000 0.000000    -2.345309     0.468292 
59373.851802 0.000000 0.000000    -2.343682     0.468468 
59373.906620 0.000000 0.000000    -2.342164     0.468646 
59373.961439 0.000000 0.000000    -2.340754     0.468825 
59374.016257 0.000000 0.000000    -2.339453     0.469007 
59374.071076 0.000000 0.000000    -2.338261     0.469190 
59374.125894 0.000000 0.000000     1.205949     0.000709 
