# time Tc_folded Tref_folded model 
59318.211098 0.000000 0.000000    -5.195887
59318.265916 0.000000 0.000000    -5.182063
59318.320735 0.000000 0.000000    -5.168254
59318.375553 0.000000 0.000000    -5.154460
59318.430372 0.000000 0.000000    -5.140681
59318.485190 0.000000 0.000000    -5.126916
59318.540009 0.000000 0.000000    -5.113166
59318.594827 0.000000 0.000000    -5.099430
59318.649645 0.000000 0.000000    -5.085709
59318.704464 0.000000 0.000000    -5.072003
59318.759282 0.000000 0.000000    -5.058311
59318.814101 0.000000 0.000000    -5.044634
59318.868919 0.000000 0.000000    -5.030972
59318.923738 0.000000 0.000000    -5.017325
59318.978556 0.000000 0.000000    -5.003692
59319.033374 0.000000 0.000000    -4.990074
59319.088193 0.000000 0.000000    -4.976470
59319.143011 0.000000 0.000000    -4.962881
59319.197830 0.000000 0.000000    -4.949307
59319.252648 0.000000 0.000000    -4.935747
59319.307467 0.000000 0.000000    -4.922203
59319.362285 0.000000 0.000000    -4.908672
59319.417103 0.000000 0.000000    -4.895157
59319.471922 0.000000 0.000000    -4.881656
59319.526740 0.000000 0.000000    -4.868170
59319.581559 0.000000 0.000000    -4.854698
59319.636377 0.000000 0.000000    -4.841241
59319.691196 0.000000 0.000000    -4.827799
59319.746014 0.000000 0.000000    -4.814372
59319.800832 0.000000 0.000000    -4.800959
59319.855651 0.000000 0.000000    -4.787560
59319.910469 0.000000 0.000000    -4.774177
59319.965288 0.000000 0.000000    -4.760808
59320.020106 0.000000 0.000000    -4.747454
59320.074925 0.000000 0.000000    -4.734114
59320.129743 0.000000 0.000000    -4.720789
59320.184561 0.000000 0.000000    -4.707479
59320.239380 0.000000 0.000000    -4.694184
59320.294198 0.000000 0.000000    -4.680903
59320.349017 0.000000 0.000000    -4.667637
59320.403835 0.000000 0.000000    -4.654385
59320.458654 0.000000 0.000000    -4.641148
59320.513472 0.000000 0.000000    -4.627926
59320.568290 0.000000 0.000000    -4.614718
59320.623109 0.000000 0.000000    -4.601525
59320.677927 0.000000 0.000000    -4.588347
59320.732746 0.000000 0.000000    -4.575184
59320.787564 0.000000 0.000000    -4.562035
59320.842383 0.000000 0.000000    -4.548901
59320.897201 0.000000 0.000000    -4.535781
59320.952019 0.000000 0.000000    -4.522676
59321.006838 0.000000 0.000000    -4.509586
59321.061656 0.000000 0.000000    -4.496510
59321.116475 0.000000 0.000000    -4.483450
59321.171293 0.000000 0.000000    -4.470403
59321.226112 0.000000 0.000000    -4.457372
59321.280930 0.000000 0.000000    -4.444355
59321.335748 0.000000 0.000000    -4.431353
59321.390567 0.000000 0.000000    -4.418365
59321.445385 0.000000 0.000000    -4.405392
59321.500204 0.000000 0.000000    -4.392434
59321.555022 0.000000 0.000000    -4.379491
59321.609841 0.000000 0.000000    -4.366562
59321.664659 0.000000 0.000000    -4.353647
59321.719477 0.000000 0.000000    -4.340748
59321.774296 0.000000 0.000000    -4.327863
59321.829114 0.000000 0.000000    -4.314993
59321.883933 0.000000 0.000000    -4.302137
59321.938751 0.000000 0.000000    -4.289296
59321.993569 0.000000 0.000000    -4.276470
59322.048388 0.000000 0.000000    -4.263659
59322.103206 0.000000 0.000000    -4.250862
59322.158025 0.000000 0.000000    -4.238080
59322.212843 0.000000 0.000000    -4.225312
59322.267662 0.000000 0.000000    -4.212559
59322.322480 0.000000 0.000000    -4.199821
59322.377298 0.000000 0.000000    -4.187097
59322.432117 0.000000 0.000000    -4.174388
59322.486935 0.000000 0.000000    -4.161694
59322.541754 0.000000 0.000000    -4.149015
59322.596572 0.000000 0.000000    -4.136350
59322.651391 0.000000 0.000000    -4.123700
59322.706209 0.000000 0.000000    -4.111064
59322.761027 0.000000 0.000000    -4.098443
59322.815846 0.000000 0.000000    -4.085837
59322.870664 0.000000 0.000000    -4.073245
59322.925483 0.000000 0.000000    -4.060669
59322.980301 0.000000 0.000000    -4.048106
59323.035120 0.000000 0.000000    -4.035559
59323.089938 0.000000 0.000000    -4.023026
59323.144756 0.000000 0.000000    -4.010508
59323.199575 0.000000 0.000000    -3.998004
59323.254393 0.000000 0.000000    -3.985515
59323.309212 0.000000 0.000000    -3.973041
59323.364030 0.000000 0.000000    -3.960582
59323.418849 0.000000 0.000000    -3.948137
59323.473667 0.000000 0.000000    -3.935706
59323.528485 0.000000 0.000000    -3.923291
59323.583304 0.000000 0.000000    -3.910890
59323.638122 0.000000 0.000000    -3.898504
59323.692941 0.000000 0.000000    -3.886132
59323.747759 0.000000 0.000000    -3.873775
59323.802578 0.000000 0.000000    -3.861433
59323.857396 0.000000 0.000000    -3.849106
59323.912214 0.000000 0.000000    -3.836793
59323.967033 0.000000 0.000000    -3.824495
59324.021851 0.000000 0.000000    -3.812211
59324.076670 0.000000 0.000000    -3.799942
59324.131488 0.000000 0.000000    -3.787688
59324.186307 0.000000 0.000000    -3.775448
59324.241125 0.000000 0.000000    -3.763224
59324.295943 0.000000 0.000000    -3.751013
59324.350762 0.000000 0.000000    -3.738818
59324.405580 0.000000 0.000000    -3.726637
59324.460399 0.000000 0.000000    -3.714471
59324.515217 0.000000 0.000000    -3.702319
59324.570036 0.000000 0.000000    -3.690182
59324.624854 0.000000 0.000000    -3.678060
59324.679672 0.000000 0.000000    -3.665952
59324.734491 0.000000 0.000000    -3.653860
59324.789309 0.000000 0.000000    -3.641781
59324.844128 0.000000 0.000000    -3.629718
59324.898946 0.000000 0.000000    -3.617669
59324.953765 0.000000 0.000000    -3.605635
59325.008583 0.000000 0.000000    -3.593615
59325.063401 0.000000 0.000000    -3.581610
59325.118220 0.000000 0.000000    -3.569620
59325.173038 0.000000 0.000000    -3.557645
59325.227857 0.000000 0.000000    -3.545684
59325.282675 0.000000 0.000000    -3.533738
59325.337494 0.000000 0.000000    -3.521806
59325.392312 0.000000 0.000000    -3.509889
59325.447130 0.000000 0.000000    -3.497987
59325.501949 0.000000 0.000000    -3.486099
59325.556767 0.000000 0.000000    -3.474226
59325.611586 0.000000 0.000000    -3.462368
59325.666404 0.000000 0.000000    -3.450525
59325.721223 0.000000 0.000000    -3.438696
59325.776041 0.000000 0.000000    -3.426882
59325.830859 0.000000 0.000000    -3.415082
59325.885678 0.000000 0.000000    -3.403297
59325.940496 0.000000 0.000000    -3.391527
59325.995315 0.000000 0.000000    -3.379771
59326.050133 0.000000 0.000000    -3.368031
59326.104952 0.000000 0.000000    -3.356304
59326.159770 0.000000 0.000000    -3.344593
59326.214588 0.000000 0.000000    -3.332896
59326.269407 0.000000 0.000000    -3.321214
59326.324225 0.000000 0.000000    -3.309546
59326.379044 0.000000 0.000000    -3.297893
59326.433862 0.000000 0.000000    -3.286255
59326.488681 0.000000 0.000000    -3.274632
59326.543499 0.000000 0.000000    -3.263023
59326.598317 0.000000 0.000000    -3.251429
59326.653136 0.000000 0.000000    -3.239849
59326.707954 0.000000 0.000000    -3.228284
59326.762773 0.000000 0.000000    -3.216734
59326.817591 0.000000 0.000000    -3.205198
59326.872410 0.000000 0.000000    -3.193678
59326.927228 0.000000 0.000000    -3.182171
59326.982046 0.000000 0.000000    -3.170680
59327.036865 0.000000 0.000000    -3.159203
59327.091683 0.000000 0.000000    -3.147741
59327.146502 0.000000 0.000000    -3.136293
59327.201320 0.000000 0.000000    -3.124860
59327.256139 0.000000 0.000000    -3.113442
59327.310957 0.000000 0.000000    -3.102039
59327.365775 0.000000 0.000000    -3.090650
59327.420594 0.000000 0.000000    -3.079275
59327.475412 0.000000 0.000000    -3.067916
59327.530231 0.000000 0.000000    -3.056571
59327.585049 0.000000 0.000000    -3.045241
59327.639868 0.000000 0.000000    -3.033925
59327.694686 0.000000 0.000000    -3.022624
59327.749504 0.000000 0.000000    -3.011338
59327.804323 0.000000 0.000000    -3.000067
59327.859141 0.000000 0.000000    -2.988810
59327.913960 0.000000 0.000000    -2.977568
59327.968778 0.000000 0.000000    -2.966340
59328.023597 0.000000 0.000000    -2.955127
59328.078415 0.000000 0.000000    -2.943929
59328.133233 0.000000 0.000000    -2.932745
59328.188052 0.000000 0.000000    -2.921577
59328.242870 0.000000 0.000000    -2.910422
59328.297689 0.000000 0.000000    -2.899283
59328.352507 0.000000 0.000000    -2.888158
59328.407326 0.000000 0.000000    -2.877048
59328.462144 0.000000 0.000000    -2.865952
59328.516962 0.000000 0.000000    -2.854871
59328.571781 0.000000 0.000000    -2.843805
59328.626599 0.000000 0.000000    -2.832754
59328.681418 0.000000 0.000000    -2.821717
59328.736236 0.000000 0.000000    -2.810694
59328.791054 0.000000 0.000000    -2.799687
59328.845873 0.000000 0.000000    -2.788694
59328.900691 0.000000 0.000000    -2.777716
59328.955510 0.000000 0.000000    -2.766752
59329.010328 0.000000 0.000000    -2.755803
59329.065147 0.000000 0.000000    -2.744869
59329.119965 0.000000 0.000000    -2.733950
59329.174783 0.000000 0.000000    -2.723045
59329.229602 0.000000 0.000000    -2.712155
59329.284420 0.000000 0.000000    -2.701279
59329.339239 0.000000 0.000000    -2.690418
59329.394057 0.000000 0.000000    -2.679572
59329.448876 0.000000 0.000000    -2.668740
59329.503694 0.000000 0.000000    -2.657924
59329.558512 0.000000 0.000000    -2.647121
59329.613331 0.000000 0.000000    -2.636334
59329.668149 0.000000 0.000000    -2.625561
59329.722968 0.000000 0.000000    -2.614803
59329.777786 0.000000 0.000000    -2.604059
59329.832605 0.000000 0.000000    -2.593330
59329.887423 0.000000 0.000000    -2.582616
59329.942241 0.000000 0.000000    -2.571917
59329.997060 0.000000 0.000000    -2.561232
59330.051878 0.000000 0.000000    -2.550562
59330.106697 0.000000 0.000000    -2.539906
59330.161515 0.000000 0.000000    -2.529265
59330.216334 0.000000 0.000000    -2.518639
59330.271152 0.000000 0.000000    -2.508027
59330.325970 0.000000 0.000000    -2.497431
59330.380789 0.000000 0.000000    -2.486848
59330.435607 0.000000 0.000000    -2.476281
59330.490426 0.000000 0.000000    -2.465728
59330.545244 0.000000 0.000000    -2.455190
59330.600063 0.000000 0.000000    -2.444666
59330.654881 0.000000 0.000000    -2.434157
59330.709699 0.000000 0.000000    -2.423663
59330.764518 0.000000 0.000000    -2.413184
59330.819336 0.000000 0.000000    -2.402719
59330.874155 0.000000 0.000000    -2.392268
59330.928973 0.000000 0.000000    -2.381833
59330.983792 0.000000 0.000000    -2.371412
59331.038610 0.000000 0.000000    -2.361006
59331.093428 0.000000 0.000000    -2.350614
59331.148247 0.000000 0.000000    -2.340237
59331.203065 0.000000 0.000000    -2.329875
59331.257884 0.000000 0.000000    -2.319528
59331.312702 0.000000 0.000000    -2.309195
59331.367521 0.000000 0.000000    -2.298877
59331.422339 0.000000 0.000000    -2.288573
59331.477157 0.000000 0.000000    -2.278284
59331.531976 0.000000 0.000000    -2.268010
59331.586794 0.000000 0.000000    -2.257751
59331.641613 0.000000 0.000000    -2.247506
59331.696431 0.000000 0.000000    -2.237275
59331.751250 0.000000 0.000000    -2.227060
59331.806068 0.000000 0.000000    -2.216859
59331.860886 0.000000 0.000000    -2.206673
59331.915705 0.000000 0.000000    -2.196501
59331.970523 0.000000 0.000000    -2.186344
59332.025342 0.000000 0.000000    -2.176202
59332.080160 0.000000 0.000000    -2.166075
59332.134979 0.000000 0.000000    -2.155962
59332.189797 0.000000 0.000000    -2.145864
59332.244615 0.000000 0.000000    -2.135780
59332.299434 0.000000 0.000000    -2.125711
59332.354252 0.000000 0.000000    -2.115657
59332.409071 0.000000 0.000000    -2.105617
59332.463889 0.000000 0.000000    -2.095593
59332.518708 0.000000 0.000000    -2.085582
59332.573526 0.000000 0.000000    -2.075587
59332.628344 0.000000 0.000000    -2.065606
59332.683163 0.000000 0.000000    -2.055640
59332.737981 0.000000 0.000000    -2.045688
59332.792800 0.000000 0.000000    -2.035751
59332.847618 0.000000 0.000000    -2.025829
59332.902437 0.000000 0.000000    -2.015922
59332.957255 0.000000 0.000000    -2.006029
59333.012073 0.000000 0.000000    -1.996151
59333.066892 0.000000 0.000000    -1.986287
59333.121710 0.000000 0.000000    -1.976438
59333.176529 0.000000 0.000000    -1.966604
59333.231347 0.000000 0.000000    -1.956784
59333.286166 0.000000 0.000000    -1.946980
59333.340984 0.000000 0.000000    -1.937189
59333.395802 0.000000 0.000000    -1.927414
59333.450621 0.000000 0.000000    -1.917653
59333.505439 0.000000 0.000000    -1.907907
59333.560258 0.000000 0.000000    -1.898175
59333.615076 0.000000 0.000000    -1.888458
59333.669895 0.000000 0.000000    -1.878756
59333.724713 0.000000 0.000000    -1.869069
59333.779531 0.000000 0.000000    -1.859396
59333.834350 0.000000 0.000000    -1.849738
59333.889168 0.000000 0.000000    -1.840094
59333.943987 0.000000 0.000000    -1.830465
59333.998805 0.000000 0.000000    -1.820851
59334.053624 0.000000 0.000000    -1.811251
59334.108442 0.000000 0.000000    -1.801667
59334.163260 0.000000 0.000000    -1.792096
59334.218079 0.000000 0.000000    -1.782541
59334.272897 0.000000 0.000000    -1.773000
59334.327716 0.000000 0.000000    -1.763474
59334.382534 0.000000 0.000000    -1.753962
59334.437353 0.000000 0.000000    -1.744465
59334.492171 0.000000 0.000000    -1.734983
59334.546989 0.000000 0.000000    -1.725516
59334.601808 0.000000 0.000000    -1.716063
59334.656626 0.000000 0.000000    -1.706625
59334.711445 0.000000 0.000000    -1.697201
59334.766263 0.000000 0.000000    -1.687792
59334.821082 0.000000 0.000000    -1.678398
59334.875900 0.000000 0.000000    -1.669018
59334.930718 0.000000 0.000000    -1.659654
59334.985537 0.000000 0.000000    -1.650303
59335.040355 0.000000 0.000000    -1.640968
59335.095174 0.000000 0.000000    -1.631647
59335.149992 0.000000 0.000000    -1.622341
59335.204811 0.000000 0.000000    -1.613049
59335.259629 0.000000 0.000000    -1.603772
59335.314447 0.000000 0.000000    -1.594510
59335.369266 0.000000 0.000000    -1.585263
59335.424084 0.000000 0.000000    -1.576030
59335.478903 0.000000 0.000000    -1.566812
59335.533721 0.000000 0.000000    -1.557608
59335.588540 0.000000 0.000000    -1.548419
59335.643358 0.000000 0.000000    -1.539245
59335.698176 0.000000 0.000000    -1.530085
59335.752995 0.000000 0.000000    -1.520941
59335.807813 0.000000 0.000000    -1.511810
59335.862632 0.000000 0.000000    -1.502695
59335.917450 0.000000 0.000000    -1.493594
59335.972268 0.000000 0.000000    -1.484508
59336.027087 0.000000 0.000000    -1.475436
59336.081905 0.000000 0.000000    -1.466379
59336.136724 0.000000 0.000000    -1.457337
59336.191542 0.000000 0.000000    -1.448310
59336.246361 0.000000 0.000000    -1.439297
59336.301179 0.000000 0.000000    -1.430299
59336.355997 0.000000 0.000000    -1.421315
59336.410816 0.000000 0.000000    -1.412346
59336.465634 0.000000 0.000000    -1.403392
59336.520453 0.000000 0.000000    -1.394452
59336.575271 0.000000 0.000000    -1.385528
59336.630090 0.000000 0.000000    -1.376617
59336.684908 0.000000 0.000000    -1.367722
59336.739726 0.000000 0.000000    -1.358841
59336.794545 0.000000 0.000000    -1.349975
59336.849363 0.000000 0.000000    -1.341123
59336.904182 0.000000 0.000000    -1.332286
59336.959000 0.000000 0.000000    -1.323464
59337.013819 0.000000 0.000000    -1.314657
59337.068637 0.000000 0.000000    -1.305864
59337.123455 0.000000 0.000000    -1.297086
59337.178274 0.000000 0.000000    -1.288322
59337.233092 0.000000 0.000000    -1.279573
59337.287911 0.000000 0.000000    -1.270839
59337.342729 0.000000 0.000000    -1.262119
59337.397548 0.000000 0.000000    -1.253415
59337.452366 0.000000 0.000000    -1.244724
59337.507184 0.000000 0.000000    -1.236049
59337.562003 0.000000 0.000000    -1.227388
59337.616821 0.000000 0.000000    -1.218742
59337.671640 0.000000 0.000000    -1.210110
59337.726458 0.000000 0.000000    -1.201493
59337.781277 0.000000 0.000000    -1.192891
59337.836095 0.000000 0.000000    -1.184304
59337.890913 0.000000 0.000000    -1.175731
59337.945732 0.000000 0.000000    -1.167173
59338.000550 0.000000 0.000000    -1.158629
59338.055369 0.000000 0.000000    -1.150100
59338.110187 0.000000 0.000000    -1.141586
59338.165006 0.000000 0.000000    -1.133086
59338.219824 0.000000 0.000000    -1.124602
59338.274642 0.000000 0.000000    -1.116131
59338.329461 0.000000 0.000000    -1.107676
59338.384279 0.000000 0.000000    -1.099235
59338.439098 0.000000 0.000000    -1.090809
59338.493916 0.000000 0.000000    -1.082397
59338.548735 0.000000 0.000000    -1.074000
59338.603553 0.000000 0.000000    -1.065618
59338.658371 0.000000 0.000000    -1.057251
59338.713190 0.000000 0.000000    -1.048898
59338.768008 0.000000 0.000000    -1.040560
59338.822827 0.000000 0.000000    -1.032236
59338.877645 0.000000 0.000000    -1.023927
59338.932464 0.000000 0.000000    -1.015633
59338.987282 0.000000 0.000000    -1.007353
59339.042100 0.000000 0.000000    -0.999089
59339.096919 0.000000 0.000000    -0.990838
59339.151737 0.000000 0.000000    -0.982603
59339.206556 0.000000 0.000000    -0.974382
59339.261374 0.000000 0.000000    -0.966176
59339.316193 0.000000 0.000000    -0.957984
59339.371011 0.000000 0.000000    -0.949807
59339.425829 0.000000 0.000000    -0.941645
59339.480648 0.000000 0.000000    -0.933498
59339.535466 0.000000 0.000000    -0.925365
59339.590285 0.000000 0.000000    -0.917247
59339.645103 0.000000 0.000000    -0.909143
59339.699922 0.000000 0.000000    -0.901054
59339.754740 0.000000 0.000000    -0.892980
59339.809558 0.000000 0.000000    -0.884921
59339.864377 0.000000 0.000000    -0.876876
59339.919195 0.000000 0.000000    -0.868845
59339.974014 0.000000 0.000000    -0.860830
59340.028832 0.000000 0.000000    -0.852829
59340.083651 0.000000 0.000000    -0.844843
59340.138469 0.000000 0.000000    -0.836871
59340.193287 0.000000 0.000000    -0.828915
59340.248106 0.000000 0.000000    -0.820972
59340.302924 0.000000 0.000000    -0.813045
59340.357743 0.000000 0.000000    -0.805132
59340.412561 0.000000 0.000000    -0.797234
59340.467380 0.000000 0.000000    -0.789350
59340.522198 0.000000 0.000000    -0.781481
59340.577016 0.000000 0.000000    -0.773627
59340.631835 0.000000 0.000000    -0.765788
59340.686653 0.000000 0.000000    -0.757963
59340.741472 0.000000 0.000000    -0.750153
59340.796290 0.000000 0.000000    -0.742357
59340.851109 0.000000 0.000000    -0.734576
59340.905927 0.000000 0.000000    -0.726810
59340.960745 0.000000 0.000000    -0.719058
59341.015564 0.000000 0.000000    -0.711322
59341.070382 0.000000 0.000000    -0.703599
59341.125201 0.000000 0.000000    -0.695892
59341.180019 0.000000 0.000000    -0.688199
59341.234838 0.000000 0.000000    -0.680521
59341.289656 0.000000 0.000000    -0.672857
59341.344474 0.000000 0.000000    -0.665208
59341.399293 0.000000 0.000000    -0.657574
59341.454111 0.000000 0.000000    -0.649955
59341.508930 0.000000 0.000000    -0.642350
59341.563748 0.000000 0.000000    -0.634760
59341.618567 0.000000 0.000000    -0.627184
59341.673385 0.000000 0.000000    -0.619623
59341.728203 0.000000 0.000000    -0.612077
59341.783022 0.000000 0.000000    -0.604546
59341.837840 0.000000 0.000000    -0.597029
59341.892659 0.000000 0.000000    -0.589526
59341.947477 0.000000 0.000000    -0.582039
59342.002296 0.000000 0.000000    -0.574566
59342.057114 0.000000 0.000000    -0.567108
59342.111932 0.000000 0.000000    -0.559664
59342.166751 0.000000 0.000000    -0.552235
59342.221569 0.000000 0.000000    -0.544821
59342.276388 0.000000 0.000000    -0.537422
59342.331206 0.000000 0.000000    -0.530037
59342.386025 0.000000 0.000000    -0.522667
59342.440843 0.000000 0.000000    -0.515311
59342.495661 0.000000 0.000000    -0.507970
59342.550480 0.000000 0.000000    -0.500644
59342.605298 0.000000 0.000000    -0.493333
59342.660117 0.000000 0.000000    -0.486036
59342.714935 0.000000 0.000000    -0.478754
59342.769753 0.000000 0.000000    -0.471486
59342.824572 0.000000 0.000000    -0.464233
59342.879390 0.000000 0.000000    -0.456995
59342.934209 0.000000 0.000000    -0.449771
59342.989027 0.000000 0.000000    -0.442563
59343.043846 0.000000 0.000000    -0.435368
59343.098664 0.000000 0.000000    -0.428189
59343.153482 0.000000 0.000000    -0.421024
59343.208301 0.000000 0.000000    -0.413874
59343.263119 0.000000 0.000000    -0.406738
59343.317938 0.000000 0.000000    -0.399617
59343.372756 0.000000 0.000000    -0.392511
59343.427575 0.000000 0.000000    -0.385420
59343.482393 0.000000 0.000000    -0.378343
59343.537211 0.000000 0.000000    -0.371281
59343.592030 0.000000 0.000000    -0.364233
59343.646848 0.000000 0.000000    -0.357200
59343.701667 0.000000 0.000000    -0.350182
59343.756485 0.000000 0.000000    -0.343179
59343.811304 0.000000 0.000000    -0.336190
59343.866122 0.000000 0.000000    -0.329215
59343.920940 0.000000 0.000000    -0.322256
59343.975759 0.000000 0.000000    -0.315311
59344.030577 0.000000 0.000000    -0.308381
59344.085396 0.000000 0.000000    -0.301465
59344.140214 0.000000 0.000000    -0.294565
59344.195033 0.000000 0.000000    -0.287678
59344.249851 0.000000 0.000000    -0.280807
59344.304669 0.000000 0.000000    -0.273950
59344.359488 0.000000 0.000000    -0.267108
59344.414306 0.000000 0.000000    -0.260280
59344.469125 0.000000 0.000000    -0.253467
59344.523943 0.000000 0.000000    -0.246669
59344.578762 0.000000 0.000000    -0.239886
59344.633580 0.000000 0.000000    -0.233117
59344.688398 0.000000 0.000000    -0.226363
59344.743217 0.000000 0.000000    -0.219623
59344.798035 0.000000 0.000000    -0.212898
59344.852854 0.000000 0.000000    -0.206188
59344.907672 0.000000 0.000000    -0.199493
59344.962491 0.000000 0.000000    -0.192812
59345.017309 0.000000 0.000000    -0.186145
59345.072127 0.000000 0.000000    -0.179494
59345.126946 0.000000 0.000000    -0.172857
59345.181764 0.000000 0.000000    -0.166235
59345.236583 0.000000 0.000000    -0.159627
59345.291401 0.000000 0.000000    -0.153035
59345.346220 0.000000 0.000000    -0.146456
59345.401038 0.000000 0.000000    -0.139893
59345.455856 0.000000 0.000000    -0.133344
59345.510675 0.000000 0.000000    -0.126810
59345.565493 0.000000 0.000000    -0.120290
59345.620312 0.000000 0.000000    -0.113785
59345.675130 0.000000 0.000000    -0.107295
59345.729949 0.000000 0.000000    -0.100820
59345.784767 0.000000 0.000000    -0.094359
59345.839585 0.000000 0.000000    -0.087913
59345.894404 0.000000 0.000000    -0.081481
59345.949222 0.000000 0.000000    -0.075064
59346.004041 0.000000 0.000000    -0.068662
59346.058859 0.000000 0.000000    -0.062274
59346.113678 0.000000 0.000000    -0.055902
59346.168496 0.000000 0.000000    -0.049543
59346.223314 0.000000 0.000000    -0.043200
59346.278133 0.000000 0.000000    -0.036871
59346.332951 0.000000 0.000000    -0.030557
59346.387770 0.000000 0.000000    -0.024257
59346.442588 0.000000 0.000000    -0.017972
59346.497407 0.000000 0.000000    -0.011702
59346.552225 0.000000 0.000000    -0.005447
59346.607043 0.000000 0.000000     0.000794
59346.661862 0.000000 0.000000     0.007020
59346.716680 0.000000 0.000000     0.013232
59346.771499 0.000000 0.000000     0.019429
59346.826317 0.000000 0.000000     0.025611
59346.881136 0.000000 0.000000     0.031778
59346.935954 0.000000 0.000000     0.037931
59346.990772 0.000000 0.000000     0.044069
59347.045591 0.000000 0.000000     0.050193
59347.100409 0.000000 0.000000     0.056302
59347.155228 0.000000 0.000000     0.062396
59347.210046 0.000000 0.000000     0.068476
59347.264865 0.000000 0.000000     0.074540
59347.319683 0.000000 0.000000     0.080591
59347.374501 0.000000 0.000000     0.086626
59347.429320 0.000000 0.000000     0.092647
59347.484138 0.000000 0.000000     0.098653
59347.538957 0.000000 0.000000     0.104645
59347.593775 0.000000 0.000000     0.110621
59347.648594 0.000000 0.000000     0.116584
59347.703412 0.000000 0.000000     0.122531
59347.758230 0.000000 0.000000     0.128464
59347.813049 0.000000 0.000000     0.134382
59347.867867 0.000000 0.000000     0.140286
59347.922686 0.000000 0.000000     0.146175
59347.977504 0.000000 0.000000     0.152049
59348.032323 0.000000 0.000000     0.157908
59348.087141 0.000000 0.000000     0.163753
59348.141959 0.000000 0.000000     0.169583
59348.196778 0.000000 0.000000     0.175399
59348.251596 0.000000 0.000000     0.181200
59348.306415 0.000000 0.000000     0.186986
59348.361233 0.000000 0.000000     0.192757
59348.416052 0.000000 0.000000     0.198514
59348.470870 0.000000 0.000000     0.204257
59348.525688 0.000000 0.000000     0.209984
59348.580507 0.000000 0.000000     0.215697
59348.635325 0.000000 0.000000     0.221395
59348.690144 0.000000 0.000000     0.227079
59348.744962 0.000000 0.000000     0.232747
59348.799781 0.000000 0.000000     0.238402
59348.854599 0.000000 0.000000     0.244041
59348.909417 0.000000 0.000000     0.249666
59348.964236 0.000000 0.000000     0.255276
59349.019054 0.000000 0.000000     0.260872
59349.073873 0.000000 0.000000     0.266453
59349.128691 0.000000 0.000000     0.272019
59349.183510 0.000000 0.000000     0.277570
59349.238328 0.000000 0.000000     0.283107
59349.293146 0.000000 0.000000     0.288629
59349.347965 0.000000 0.000000     0.294137
59349.402783 0.000000 0.000000     0.299630
59349.457602 0.000000 0.000000     0.305108
59349.512420 0.000000 0.000000     0.310571
59349.567239 0.000000 0.000000     0.316020
59349.622057 0.000000 0.000000     0.321454
59349.676875 0.000000 0.000000     0.326874
59349.731694 0.000000 0.000000     0.332279
59349.786512 0.000000 0.000000     0.337669
59349.841331 0.000000 0.000000     0.343045
59349.896149 0.000000 0.000000     0.348405
59349.950967 0.000000 0.000000     0.353752
59350.005786 0.000000 0.000000     0.359083
59350.060604 0.000000 0.000000     0.364400
59350.115423 0.000000 0.000000     0.369702
59350.170241 0.000000 0.000000     0.374990
59350.225060 0.000000 0.000000     0.380263
59350.279878 0.000000 0.000000     0.385521
59350.334696 0.000000 0.000000     0.390764
59350.389515 0.000000 0.000000     0.395993
59350.444333 0.000000 0.000000     0.401207
59350.499152 0.000000 0.000000     0.406407
59350.553970 0.000000 0.000000     0.411592
59350.608789 0.000000 0.000000     0.416762
59350.663607 0.000000 0.000000     0.421917
59350.718425 0.000000 0.000000     0.427058
59350.773244 0.000000 0.000000     0.432184
59350.828062 0.000000 0.000000     0.437296
59350.882881 0.000000 0.000000     0.442393
59350.937699 0.000000 0.000000     0.447475
59350.992518 0.000000 0.000000     0.452542
59351.047336 0.000000 0.000000     0.457595
59351.102154 0.000000 0.000000     0.462634
59351.156973 0.000000 0.000000     0.467657
59351.211791 0.000000 0.000000     0.472666
59351.266610 0.000000 0.000000     0.477660
59351.321428 0.000000 0.000000     0.482640
59351.376247 0.000000 0.000000     0.487604
59351.431065 0.000000 0.000000     0.492555
59351.485883 0.000000 0.000000     0.497490
59351.540702 0.000000 0.000000     0.502411
59351.595520 0.000000 0.000000     0.507317
59351.650339 0.000000 0.000000     0.512209
59351.705157 0.000000 0.000000     0.517086
59351.759976 0.000000 0.000000     0.521948
59351.814794 0.000000 0.000000     0.526795
59351.869612 0.000000 0.000000     0.531628
59351.924431 0.000000 0.000000     0.536446
59351.979249 0.000000 0.000000     0.541250
59352.034068 0.000000 0.000000     0.546039
59352.088886 0.000000 0.000000     0.550813
59352.143705 0.000000 0.000000     0.555572
59352.198523 0.000000 0.000000     0.560317
59352.253341 0.000000 0.000000     0.565047
59352.308160 0.000000 0.000000     0.569763
59352.362978 0.000000 0.000000     0.574464
59352.417797 0.000000 0.000000     0.579150
59352.472615 0.000000 0.000000     0.583822
59352.527434 0.000000 0.000000     0.588478
59352.582252 0.000000 0.000000     0.593121
59352.637070 0.000000 0.000000     0.597748
59352.691889 0.000000 0.000000     0.602361
59352.746707 0.000000 0.000000     0.606959
59352.801526 0.000000 0.000000     0.611543
59352.856344 0.000000 0.000000     0.616111
59352.911163 0.000000 0.000000     0.620666
59352.965981 0.000000 0.000000     0.625205
59353.020799 0.000000 0.000000     0.629730
59353.075618 0.000000 0.000000     0.634240
59353.130436 0.000000 0.000000     0.638736
59353.185255 0.000000 0.000000     0.643217
59353.240073 0.000000 0.000000     0.647683
59353.294892 0.000000 0.000000     0.652134
59353.349710 0.000000 0.000000     0.656571
59353.404528 0.000000 0.000000     0.660993
59353.459347 0.000000 0.000000     0.665401
59353.514165 0.000000 0.000000     0.669794
59353.568984 0.000000 0.000000     0.674172
59353.623802 0.000000 0.000000     0.678535
59353.678621 0.000000 0.000000     0.682884
59353.733439 0.000000 0.000000     0.687218
59353.788257 0.000000 0.000000     0.691538
59353.843076 0.000000 0.000000     0.695843
59353.897894 0.000000 0.000000     0.700133
59353.952713 0.000000 0.000000     0.704408
59354.007531 0.000000 0.000000     0.708669
59354.062350 0.000000 0.000000     0.712916
59354.117168 0.000000 0.000000     0.717147
59354.171986 0.000000 0.000000     0.721364
59354.226805 0.000000 0.000000     0.725566
59354.281623 0.000000 0.000000     0.729754
59354.336442 0.000000 0.000000     0.733926
59354.391260 0.000000 0.000000     0.738085
59354.446079 0.000000 0.000000     0.742228
59354.500897 0.000000 0.000000     0.746357
59354.555715 0.000000 0.000000     0.750471
59354.610534 0.000000 0.000000     0.754571
59354.665352 0.000000 0.000000     0.758656
59354.720171 0.000000 0.000000     0.762726
59354.774989 0.000000 0.000000     0.766781
59354.829808 0.000000 0.000000     0.770822
59354.884626 0.000000 0.000000     0.774848
59354.939444 0.000000 0.000000     0.778860
59354.994263 0.000000 0.000000     0.782857
59355.049081 0.000000 0.000000     0.786839
59355.103900 0.000000 0.000000     0.790806
59355.158718 0.000000 0.000000     0.794759
59355.213537 0.000000 0.000000     0.798697
59355.268355 0.000000 0.000000     0.802621
59355.323173 0.000000 0.000000     0.806530
59355.377992 0.000000 0.000000     0.810424
59355.432810 0.000000 0.000000     0.814303
59355.487629 0.000000 0.000000     0.818168
59355.542447 0.000000 0.000000     0.822018
59355.597266 0.000000 0.000000     0.825854
59355.652084 0.000000 0.000000     0.829675
59355.706902 0.000000 0.000000     0.833481
59355.761721 0.000000 0.000000     0.837273
59355.816539 0.000000 0.000000     0.841049
59355.871358 0.000000 0.000000     0.844812
59355.926176 0.000000 0.000000     0.848559
59355.980995 0.000000 0.000000     0.852292
59356.035813 0.000000 0.000000     0.856010
59356.090631 0.000000 0.000000     0.859714
59356.145450 0.000000 0.000000     0.863402
59356.200268 0.000000 0.000000     0.867077
59356.255087 0.000000 0.000000     0.870736
59356.309905 0.000000 0.000000     0.874381
59356.364724 0.000000 0.000000     0.878011
59356.419542 0.000000 0.000000     0.881627
59356.474360 0.000000 0.000000     0.885228
59356.529179 0.000000 0.000000     0.888814
59356.583997 0.000000 0.000000     0.892385
59356.638816 0.000000 0.000000     0.895942
59356.693634 0.000000 0.000000     0.899484
59356.748452 0.000000 0.000000     0.903012
59356.803271 0.000000 0.000000     0.906525
59356.858089 0.000000 0.000000     0.910023
59356.912908 0.000000 0.000000     0.913506
59356.967726 0.000000 0.000000     0.916975
59357.022545 0.000000 0.000000     0.920429
59357.077363 0.000000 0.000000     0.923869
59357.132181 0.000000 0.000000     0.927294
59357.187000 0.000000 0.000000     0.930704
59357.241818 0.000000 0.000000     0.934099
59357.296637 0.000000 0.000000     0.937480
59357.351455 0.000000 0.000000     0.940846
59357.406274 0.000000 0.000000     0.944198
59357.461092 0.000000 0.000000     0.947535
59357.515910 0.000000 0.000000     0.950857
59357.570729 0.000000 0.000000     0.954165
59357.625547 0.000000 0.000000     0.957457
59357.680366 0.000000 0.000000     0.960736
59357.735184 0.000000 0.000000     0.963999
59357.790003 0.000000 0.000000     0.967248
59357.844821 0.000000 0.000000     0.970482
59357.899639 0.000000 0.000000     0.973702
59357.954458 0.000000 0.000000     0.976906
59358.009276 0.000000 0.000000     0.980097
59358.064095 0.000000 0.000000     0.983272
59358.118913 0.000000 0.000000     0.986433
59358.173732 0.000000 0.000000     0.989579
59358.228550 0.000000 0.000000     0.992711
59358.283368 0.000000 0.000000     0.995828
59358.338187 0.000000 0.000000     0.998930
59358.393005 0.000000 0.000000     1.002017
59358.447824 0.000000 0.000000     1.005090
59358.502642 0.000000 0.000000     1.008148
59358.557461 0.000000 0.000000     1.011192
59358.612279 0.000000 0.000000     1.014221
59358.667097 0.000000 0.000000     1.017235
59358.721916 0.000000 0.000000     1.020234
59358.776734 0.000000 0.000000     1.023219
59358.831553 0.000000 0.000000     1.026189
59358.886371 0.000000 0.000000     1.029145
59358.941190 0.000000 0.000000     1.032086
59358.996008 0.000000 0.000000     1.035012
59359.050826 0.000000 0.000000     1.037923
59359.105645 0.000000 0.000000     1.040820
59359.160463 0.000000 0.000000     1.043702
59359.215282 0.000000 0.000000     1.046570
59359.270100 0.000000 0.000000     1.049423
59359.324919 0.000000 0.000000     1.052261
59359.379737 0.000000 0.000000     1.055084
59359.434555 0.000000 0.000000     1.057893
59359.489374 0.000000 0.000000     1.060687
59359.544192 0.000000 0.000000     1.063467
59359.599011 0.000000 0.000000     1.066232
59359.653829 0.000000 0.000000     1.068982
59359.708648 0.000000 0.000000     1.071718
59359.763466 0.000000 0.000000     1.074438
59359.818284 0.000000 0.000000     1.077145
59359.873103 0.000000 0.000000     1.079836
59359.927921 0.000000 0.000000     1.082513
59359.982740 0.000000 0.000000     1.085175
59360.037558 0.000000 0.000000     1.087823
59360.092377 0.000000 0.000000     1.090455
59360.147195 0.000000 0.000000     1.093074
59360.202013 0.000000 0.000000     1.095677
59360.256832 0.000000 0.000000     1.098266
59360.311650 0.000000 0.000000     1.100840
59360.366469 0.000000 0.000000     1.103400
59360.421287 0.000000 0.000000     1.105945
59360.476106 0.000000 0.000000     1.108475
59360.530924 0.000000 0.000000     1.110990
59360.585742 0.000000 0.000000     1.113491
59360.640561 0.000000 0.000000     1.115977
59360.695379 0.000000 0.000000     1.118449
59360.750198 0.000000 0.000000     1.120906
59360.805016 0.000000 0.000000     1.123348
59360.859835 0.000000 0.000000     1.125775
59360.914653 0.000000 0.000000     1.128188
59360.969471 0.000000 0.000000     1.130586
59361.024290 0.000000 0.000000     1.132970
59361.079108 0.000000 0.000000     1.135339
59361.133927 0.000000 0.000000     1.137693
59361.188745 0.000000 0.000000     1.140032
59361.243564 0.000000 0.000000     1.142357
59361.298382 0.000000 0.000000     1.144667
59361.353200 0.000000 0.000000     1.146963
59361.408019 0.000000 0.000000     1.149244
59361.462837 0.000000 0.000000     1.151510
59361.517656 0.000000 0.000000     1.153761
59361.572474 0.000000 0.000000     1.155998
59361.627293 0.000000 0.000000     1.158220
59361.682111 0.000000 0.000000     1.160428
59361.736929 0.000000 0.000000     1.162621
59361.791748 0.000000 0.000000     1.164799
59361.846566 0.000000 0.000000     1.166962
59361.901385 0.000000 0.000000     1.169111
59361.956203 0.000000 0.000000     1.171246
59362.011022 0.000000 0.000000     1.173365
59362.065840 0.000000 0.000000     1.175470
59362.120658 0.000000 0.000000     1.177560
59362.175477 0.000000 0.000000     1.179636
59362.230295 0.000000 0.000000     1.181696
59362.285114 0.000000 0.000000     1.183743
59362.339932 0.000000 0.000000     1.185774
59362.394751 0.000000 0.000000     1.187791
59362.449569 0.000000 0.000000     1.189793
59362.504387 0.000000 0.000000     1.191781
59362.559206 0.000000 0.000000     1.193753
59362.614024 0.000000 0.000000     1.195712
59362.668843 0.000000 0.000000     1.197655
59362.723661 0.000000 0.000000     1.199584
59362.778480 0.000000 0.000000     1.201498
59362.833298 0.000000 0.000000     1.203398
59362.888116 0.000000 0.000000     1.205283
59362.942935 0.000000 0.000000     1.207153
59362.997753 0.000000 0.000000     1.209008
59363.052572 0.000000 0.000000     1.210849
59363.107390 0.000000 0.000000     1.212675
59363.162209 0.000000 0.000000     1.214487
59363.217027 0.000000 0.000000     1.216284
59363.271845 0.000000 0.000000     1.218066
59363.326664 0.000000 0.000000     1.219833
59363.381482 0.000000 0.000000     1.221586
59363.436301 0.000000 0.000000     1.223324
59363.491119 0.000000 0.000000     1.225048
59363.545938 0.000000 0.000000     1.226757
59363.600756 0.000000 0.000000     1.228451
59363.655574 0.000000 0.000000     1.230130
59363.710393 0.000000 0.000000     1.231795
59363.765211 0.000000 0.000000     1.233445
59363.820030 0.000000 0.000000     1.235081
59363.874848 0.000000 0.000000     1.236702
59363.929666 0.000000 0.000000     1.238308
59363.984485 0.000000 0.000000     1.239899
59364.039303 0.000000 0.000000     1.241476
59364.094122 0.000000 0.000000     1.243038
59364.148940 0.000000 0.000000     1.244586
59364.203759 0.000000 0.000000     1.246119
59364.258577 0.000000 0.000000     1.247637
59364.313395 0.000000 0.000000     1.249140
59364.368214 0.000000 0.000000     1.250629
59364.423032 0.000000 0.000000     1.252103
59364.477851 0.000000 0.000000     1.253563
59364.532669 0.000000 0.000000     1.255008
59364.587488 0.000000 0.000000     1.256438
59364.642306 0.000000 0.000000     1.257853
59364.697124 0.000000 0.000000     1.259254
59364.751943 0.000000 0.000000     1.260640
59364.806761 0.000000 0.000000     1.262012
59364.861580 0.000000 0.000000     1.263369
59364.916398 0.000000 0.000000     1.264711
59364.971217 0.000000 0.000000     1.266039
59365.026035 0.000000 0.000000     1.267351
59365.080853 0.000000 0.000000     1.268650
59365.135672 0.000000 0.000000     1.269933
59365.190490 0.000000 0.000000     1.271202
59365.245309 0.000000 0.000000     1.272456
59365.300127 0.000000 0.000000     1.273696
59365.354946 0.000000 0.000000     1.274920
59365.409764 0.000000 0.000000     1.276131
59365.464582 0.000000 0.000000     1.277326
59365.519401 0.000000 0.000000     1.278507
59365.574219 0.000000 0.000000     1.279673
59365.629038 0.000000 0.000000     1.280825
59365.683856 0.000000 0.000000     1.281961
59365.738675 0.000000 0.000000     1.283084
59365.793493 0.000000 0.000000     1.284191
59365.848311 0.000000 0.000000     1.285284
59365.903130 0.000000 0.000000     1.286362
59365.957948 0.000000 0.000000     1.287426
59366.012767 0.000000 0.000000     1.288474
59366.067585 0.000000 0.000000     1.289509
59366.122404 0.000000 0.000000     1.290528
59366.177222 0.000000 0.000000     1.291533
59366.232040 0.000000 0.000000     1.292523
59366.286859 0.000000 0.000000     1.293499
59366.341677 0.000000 0.000000     1.294460
59366.396496 0.000000 0.000000     1.295406
59366.451314 0.000000 0.000000     1.296337
59366.506133 0.000000 0.000000     1.297254
59366.560951 0.000000 0.000000     1.298156
59366.615769 0.000000 0.000000     1.299044
59366.670588 0.000000 0.000000     1.299917
59366.725406 0.000000 0.000000     1.300775
59366.780225 0.000000 0.000000     1.301618
59366.835043 0.000000 0.000000     1.302447
59366.889862 0.000000 0.000000     1.303261
59366.944680 0.000000 0.000000     1.304061
59366.999498 0.000000 0.000000     1.304846
59367.054317 0.000000 0.000000     1.305616
59367.109135 0.000000 0.000000     1.306371
59367.163954 0.000000 0.000000     1.307112
59367.218772 0.000000 0.000000     1.307838
59367.273591 0.000000 0.000000     1.308550
59367.328409 0.000000 0.000000     1.309247
59367.383227 0.000000 0.000000     1.309929
59367.438046 0.000000 0.000000     1.310596
59367.492864 0.000000 0.000000     1.311249
59367.547683 0.000000 0.000000     1.311887
59367.602501 0.000000 0.000000     1.312511
59367.657320 0.000000 0.000000     1.313120
59367.712138 0.000000 0.000000     1.313714
59367.766956 0.000000 0.000000     1.314293
59367.821775 0.000000 0.000000     1.314858
59367.876593 0.000000 0.000000     1.315408
59367.931412 0.000000 0.000000     1.315944
59367.986230 0.000000 0.000000     1.316465
59368.041049 0.000000 0.000000     1.316971
59368.095867 0.000000 0.000000     1.317462
59368.150685 0.000000 0.000000     1.317939
59368.205504 0.000000 0.000000     1.318401
59368.260322 0.000000 0.000000     1.318849
59368.315141 0.000000 0.000000     1.319282
59368.369959 0.000000 0.000000     1.319700
59368.424778 0.000000 0.000000     1.320103
59368.479596 0.000000 0.000000     1.320492
59368.534414 0.000000 0.000000     1.320866
59368.589233 0.000000 0.000000     1.321226
59368.644051 0.000000 0.000000     1.321571
59368.698870 0.000000 0.000000     1.321901
59368.753688 0.000000 0.000000     1.322216
59368.808507 0.000000 0.000000     1.322517
59368.863325 0.000000 0.000000     1.322803
59368.918143 0.000000 0.000000     1.323075
59368.972962 0.000000 0.000000     1.323332
59369.027780 0.000000 0.000000     1.323574
59369.082599 0.000000 0.000000     1.323801
59369.137417 0.000000 0.000000     1.324014
59369.192236 0.000000 0.000000     1.324212
59369.247054 0.000000 0.000000     1.324396
59369.301872 0.000000 0.000000     1.324565
59369.356691 0.000000 0.000000     1.324719
59369.411509 0.000000 0.000000     1.324858
59369.466328 0.000000 0.000000     1.324983
59369.521146 0.000000 0.000000     1.325093
59369.575965 0.000000 0.000000     1.325189
59369.630783 0.000000 0.000000     1.325270
59369.685601 0.000000 0.000000     1.325336
59369.740420 0.000000 0.000000     1.325387
59369.795238 0.000000 0.000000     1.325424
59369.850057 0.000000 0.000000     1.325447
59369.904875 0.000000 0.000000     1.325454
59369.959694 0.000000 0.000000     1.325447
59370.014512 0.000000 0.000000     1.325425
59370.069330 0.000000 0.000000     1.325389
59370.124149 0.000000 0.000000     1.325337
59370.178967 0.000000 0.000000     1.325272
59370.233786 0.000000 0.000000     1.325191
59370.288604 0.000000 0.000000     1.325096
59370.343423 0.000000 0.000000     1.324986
59370.398241 0.000000 0.000000     1.324862
59370.453059 0.000000 0.000000     1.324722
59370.507878 0.000000 0.000000     1.324569
59370.562696 0.000000 0.000000     1.324400
59370.617515 0.000000 0.000000     1.324217
59370.672333 0.000000 0.000000     1.324019
59370.727151 0.000000 0.000000     1.323807
59370.781970 0.000000 0.000000     1.323579
59370.836788 0.000000 0.000000     1.323338
59370.891607 0.000000 0.000000     1.323081
59370.946425 0.000000 0.000000     1.322810
59371.001244 0.000000 0.000000     1.322524
59371.056062 0.000000 0.000000     1.322224
59371.110880 0.000000 0.000000     1.321908
59371.165699 0.000000 0.000000     1.321579
59371.220517 0.000000 0.000000     1.321234
59371.275336 0.000000 0.000000     1.320875
59371.330154 0.000000 0.000000     1.320501
59371.384973 0.000000 0.000000     1.320113
59371.439791 0.000000 0.000000     1.319709
59371.494609 0.000000 0.000000     1.319292
59371.549428 0.000000 0.000000     1.318859
59371.604246 0.000000 0.000000     1.318412
59371.659065 0.000000 0.000000     1.317950
59371.713883 0.000000 0.000000     1.317474
59371.768702 0.000000 0.000000     1.316982
59371.823520 0.000000 0.000000     1.316477
59371.878338 0.000000 0.000000     1.315956
59371.933157 0.000000 0.000000     1.315421
59371.987975 0.000000 0.000000     1.314871
59372.042794 0.000000 0.000000     1.314307
59372.097612 0.000000 0.000000     1.313727
59372.152431 0.000000 0.000000     1.313134
59372.207249 0.000000 0.000000     1.312525
59372.262067 0.000000 0.000000     1.311902
59372.316886 0.000000 0.000000     1.311264
59372.371704 0.000000 0.000000     1.310612
59372.426523 0.000000 0.000000     1.309944
59372.481341 0.000000 0.000000     1.309263
59372.536160 0.000000 0.000000     1.308566
59372.590978 0.000000 0.000000     1.307855
59372.645796 0.000000 0.000000     1.307129
59372.700615 0.000000 0.000000     1.306389
59372.755433 0.000000 0.000000     1.305633
59372.810252 0.000000 0.000000     1.304864
59372.865070 0.000000 0.000000     1.304079
59372.919889 0.000000 0.000000     1.303280
59372.974707 0.000000 0.000000     1.302466
59373.029525 0.000000 0.000000     1.301638
59373.084344 0.000000 0.000000     1.300794
59373.139162 0.000000 0.000000     1.299937
59373.193981 0.000000 0.000000     1.299064
59373.248799 0.000000 0.000000     1.298177
59373.303618 0.000000 0.000000     1.297275
59373.358436 0.000000 0.000000     1.296359
59373.413254 0.000000 0.000000     1.295427
59373.468073 0.000000 0.000000     1.294482
59373.522891 0.000000 0.000000     1.293521
59373.577710 0.000000 0.000000     1.292546
59373.632528 0.000000 0.000000     1.291556
59373.687347 0.000000 0.000000     1.290552
59373.742165 0.000000 0.000000     1.289532
59373.796983 0.000000 0.000000     1.288499
59373.851802 0.000000 0.000000     1.287450
59373.906620 0.000000 0.000000     1.286387
59373.961439 0.000000 0.000000     1.285309
59374.016257 0.000000 0.000000     1.284217
59374.071076 0.000000 0.000000     1.283109
59374.125894 0.000000 0.000000     1.281988
