# time Tc_folded Tref_folded model model_err 
59318.211098 0.000000 0.000000     2.713813     2.068115 
59318.265916 0.000000 0.000000     2.687661     2.067764 
59318.320735 0.000000 0.000000     2.661904     2.067374 
59318.375553 0.000000 0.000000     2.636538     2.066945 
59318.430372 0.000000 0.000000     2.611556     2.066477 
59318.485190 0.000000 0.000000     2.586955     2.065970 
59318.540009 0.000000 0.000000     2.562726     2.065424 
59318.594827 0.000000 0.000000     2.538864     2.064839 
59318.649645 0.000000 0.000000     2.515361     2.064214 
59318.704464 0.000000 0.000000     2.492211     2.063550 
59318.759282 0.000000 0.000000     2.469406     2.062847 
59318.814101 0.000000 0.000000     2.446938     2.062103 
59318.868919 0.000000 0.000000     2.424798     2.061320 
59318.923738 0.000000 0.000000     2.402979     2.060497 
59318.978556 0.000000 0.000000     2.381472     2.059634 
59319.033374 0.000000 0.000000     2.360267     2.058731 
59319.088193 0.000000 0.000000     2.339356     2.057787 
59319.143011 0.000000 0.000000     2.318729     2.056803 
59319.197830 0.000000 0.000000     2.298377     2.055779 
59319.252648 0.000000 0.000000     2.278290     2.054713 
59319.307467 0.000000 0.000000     2.258459     2.053607 
59319.362285 0.000000 0.000000     2.238874     2.052461 
59319.417103 0.000000 0.000000     2.219526     2.051273 
59319.471922 0.000000 0.000000     2.200404     2.050043 
59319.526740 0.000000 0.000000     2.181499     2.048773 
59319.581559 0.000000 0.000000     2.162801     2.047461 
59319.636377 0.000000 0.000000     2.144300     2.046107 
59319.691196 0.000000 0.000000     2.125988     2.044712 
59319.746014 0.000000 0.000000     2.107853     2.043275 
59319.800832 0.000000 0.000000     2.089888     2.041795 
59319.855651 0.000000 0.000000     2.072083     2.040274 
59319.910469 0.000000 0.000000     2.054429     2.038710 
59319.965288 0.000000 0.000000     2.036917     2.037103 
59320.020106 0.000000 0.000000     2.019538     2.035454 
59320.074925 0.000000 0.000000     2.002285     2.033762 
59320.129743 0.000000 0.000000     1.985150     2.032026 
59320.184561 0.000000 0.000000     1.968124     2.030248 
59320.239380 0.000000 0.000000     1.951200     2.028426 
59320.294198 0.000000 0.000000     1.934371     2.026561 
59320.349017 0.000000 0.000000     1.917631     2.024651 
59320.403835 0.000000 0.000000     1.900972     2.022698 
59320.458654 0.000000 0.000000     1.884390     2.020701 
59320.513472 0.000000 0.000000     1.867879     2.018660 
59320.568290 0.000000 0.000000     1.851433     2.016573 
59320.623109 0.000000 0.000000     1.835048     2.014443 
59320.677927 0.000000 0.000000     1.818719     2.012267 
59320.732746 0.000000 0.000000     1.802444     2.010047 
59320.787564 0.000000 0.000000     1.786219     2.007781 
59320.842383 0.000000 0.000000     1.770040     2.005469 
59320.897201 0.000000 0.000000     1.753906     2.003112 
59320.952019 0.000000 0.000000     1.737816     2.000710 
59321.006838 0.000000 0.000000     1.721768     1.998261 
59321.061656 0.000000 0.000000     1.705761     1.995766 
59321.116475 0.000000 0.000000     1.689795     1.993224 
59321.171293 0.000000 0.000000     1.673872     1.990636 
59321.226112 0.000000 0.000000     1.657991     1.988001 
59321.280930 0.000000 0.000000     1.642156     1.985319 
59321.335748 0.000000 0.000000     1.626367     1.982590 
59321.390567 0.000000 0.000000     1.610627     1.979813 
59321.445385 0.000000 0.000000     1.594941     1.976989 
59321.500204 0.000000 0.000000     1.579311     1.974117 
59321.555022 0.000000 0.000000     1.563743     1.971196 
59321.609841 0.000000 0.000000     1.548241     1.968228 
59321.664659 0.000000 0.000000     1.532811     1.965211 
59321.719477 0.000000 0.000000     1.517460     1.962146 
59321.774296 0.000000 0.000000     1.502193     1.959031 
59321.829114 0.000000 0.000000     1.487018     1.955868 
59321.883933 0.000000 0.000000     1.471943     1.952655 
59321.938751 0.000000 0.000000     1.456976     1.949393 
59321.993569 0.000000 0.000000     1.442126     1.946081 
59322.048388 0.000000 0.000000     1.427403     1.942719 
59322.103206 0.000000 0.000000     1.412815     1.939308 
59322.158025 0.000000 0.000000     1.398374     1.935846 
59322.212843 0.000000 0.000000     1.384089     1.932333 
59322.267662 0.000000 0.000000     1.369973     1.928770 
59322.322480 0.000000 0.000000     1.356036     1.925156 
59322.377298 0.000000 0.000000     1.342291     1.921491 
59322.432117 0.000000 0.000000     1.328750     1.917774 
59322.486935 0.000000 0.000000     1.315425     1.914007 
59322.541754 0.000000 0.000000     1.302330     1.910187 
59322.596572 0.000000 0.000000     1.289477     1.906316 
59322.651391 0.000000 0.000000     1.276881     1.902392 
59322.706209 0.000000 0.000000     1.264556     1.898417 
59322.761027 0.000000 0.000000     1.252515     1.894389 
59322.815846 0.000000 0.000000     1.240773     1.890308 
59322.870664 0.000000 0.000000     1.229344     1.886174 
59322.925483 0.000000 0.000000     1.218243     1.881988 
59322.980301 0.000000 0.000000     1.207484     1.877748 
59323.035120 0.000000 0.000000     1.197084     1.873455 
59323.089938 0.000000 0.000000     1.187056     1.869108 
59323.144756 0.000000 0.000000     1.177415     1.864708 
59323.199575 0.000000 0.000000     1.168178     1.860253 
59323.254393 0.000000 0.000000     1.159358     1.855744 
59323.309212 0.000000 0.000000     1.150970     1.851181 
59323.364030 0.000000 0.000000     1.143031     1.846563 
59323.418849 0.000000 0.000000     1.135553     1.841891 
59323.473667 0.000000 0.000000     1.128552     1.837163 
59323.528485 0.000000 0.000000     1.122043     1.832381 
59323.583304 0.000000 0.000000     1.116039     1.827543 
59323.638122 0.000000 0.000000     1.110555     1.822649 
59323.692941 0.000000 0.000000     1.105605     1.817700 
59323.747759 0.000000 0.000000     1.101201     1.812694 
59323.802578 0.000000 0.000000     1.097357     1.807633 
59323.857396 0.000000 0.000000     1.094086     1.802515 
59323.912214 0.000000 0.000000     1.091400     1.797341 
59323.967033 0.000000 0.000000     1.089311     1.792110 
59324.021851 0.000000 0.000000     1.087831     1.786822 
59324.076670 0.000000 0.000000     1.086970     1.781477 
59324.131488 0.000000 0.000000     1.086739     1.776075 
59324.186307 0.000000 0.000000     1.087148     1.770615 
59324.241125 0.000000 0.000000     1.088206     1.765098 
59324.295943 0.000000 0.000000     1.089923     1.759522 
59324.350762 0.000000 0.000000     1.092306     1.753889 
59324.405580 0.000000 0.000000     1.095362     1.748197 
59324.460399 0.000000 0.000000     1.099100     1.742447 
59324.515217 0.000000 0.000000     1.103525     1.736638 
59324.570036 0.000000 0.000000     1.108641     1.730770 
59324.624854 0.000000 0.000000     1.114455     1.724843 
59324.679672 0.000000 0.000000     1.120970     1.718857 
59324.734491 0.000000 0.000000     1.128189     1.712812 
59324.789309 0.000000 0.000000     1.136115     1.706707 
59324.844128 0.000000 0.000000     1.144749     1.700542 
59324.898946 0.000000 0.000000     1.154091     1.694317 
59324.953765 0.000000 0.000000     1.164142     1.688032 
59325.008583 0.000000 0.000000     1.174901     1.681687 
59325.063401 0.000000 0.000000     1.186365     1.675281 
59325.118220 0.000000 0.000000     1.198532     1.668814 
59325.173038 0.000000 0.000000     1.211399     1.662287 
59325.227857 0.000000 0.000000     1.224960     1.655698 
59325.282675 0.000000 0.000000     1.239210     1.649048 
59325.337494 0.000000 0.000000     1.254143     1.642337 
59325.392312 0.000000 0.000000     1.269751     1.635565 
59325.447130 0.000000 0.000000     1.286026     1.628730 
59325.501949 0.000000 0.000000     1.302958     1.621834 
59325.556767 0.000000 0.000000     1.320538     1.614876 
59325.611586 0.000000 0.000000     1.338754     1.607856 
59325.666404 0.000000 0.000000     1.357595     1.600774 
59325.721223 0.000000 0.000000     1.377046     1.593629 
59325.776041 0.000000 0.000000     1.397096     1.586422 
59325.830859 0.000000 0.000000     1.417727     1.579152 
59325.885678 0.000000 0.000000     1.438925     1.571820 
59325.940496 0.000000 0.000000     1.460673     1.564425 
59325.995315 0.000000 0.000000     1.482954     1.556966 
59326.050133 0.000000 0.000000     1.505748     1.549445 
59326.104952 0.000000 0.000000     1.529037     1.541861 
59326.159770 0.000000 0.000000     1.552801     1.534214 
59326.214588 0.000000 0.000000     1.577018     1.526504 
59326.269407 0.000000 0.000000     1.601667     1.518730 
59326.324225 0.000000 0.000000     1.626725     1.510893 
59326.379044 0.000000 0.000000     1.652168     1.502993 
59326.433862 0.000000 0.000000     1.677973     1.495030 
59326.488681 0.000000 0.000000     1.704115     1.487003 
59326.543499 0.000000 0.000000     1.730567     1.478914 
59326.598317 0.000000 0.000000     1.757305     1.470761 
59326.653136 0.000000 0.000000     1.784300     1.462544 
59326.707954 0.000000 0.000000     1.811525     1.454265 
59326.762773 0.000000 0.000000     1.838953     1.445923 
59326.817591 0.000000 0.000000     1.866553     1.437517 
59326.872410 0.000000 0.000000     1.894298     1.429049 
59326.927228 0.000000 0.000000     1.922158     1.420518 
59326.982046 0.000000 0.000000     1.950101     1.411924 
59327.036865 0.000000 0.000000     1.978098     1.403268 
59327.091683 0.000000 0.000000     2.006117     1.394549 
59327.146502 0.000000 0.000000     2.034128     1.385768 
59327.201320 0.000000 0.000000     2.062097     1.376926 
59327.256139 0.000000 0.000000     2.089994     1.368021 
59327.310957 0.000000 0.000000     2.117786     1.359055 
59327.365775 0.000000 0.000000     2.145440     1.350028 
59327.420594 0.000000 0.000000     2.172923     1.340940 
59327.475412 0.000000 0.000000     2.200204     1.331791 
59327.530231 0.000000 0.000000     2.227248     1.322582 
59327.585049 0.000000 0.000000     2.254024     1.313312 
59327.639868 0.000000 0.000000     2.280497     1.303983 
59327.694686 0.000000 0.000000     2.306635     1.294595 
59327.749504 0.000000 0.000000     2.332406     1.285148 
59327.804323 0.000000 0.000000     2.357776     1.275642 
59327.859141 0.000000 0.000000     2.382713     1.266079 
59327.913960 0.000000 0.000000     2.407184     1.256458 
59327.968778 0.000000 0.000000     2.431157     1.246780 
59328.023597 0.000000 0.000000     2.454601     1.237045 
59328.078415 0.000000 0.000000     2.477483     1.227255 
59328.133233 0.000000 0.000000     2.499772     1.217410 
59328.188052 0.000000 0.000000     2.521438     1.207510 
59328.242870 0.000000 0.000000     2.542450     1.197556 
59328.297689 0.000000 0.000000     2.562779     1.187548 
59328.352507 0.000000 0.000000     2.582394     1.177488 
59328.407326 0.000000 0.000000     2.601267     1.167377 
59328.462144 0.000000 0.000000     2.619369     1.157214 
59328.516962 0.000000 0.000000     2.636674     1.147002 
59328.571781 0.000000 0.000000     2.653153     1.136740 
59328.626599 0.000000 0.000000     2.668782     1.126430 
59328.681418 0.000000 0.000000     2.683533     1.116072 
59328.736236 0.000000 0.000000     2.697383     1.105668 
59328.791054 0.000000 0.000000     2.710308     1.095219 
59328.845873 0.000000 0.000000     2.722284     1.084725 
59328.900691 0.000000 0.000000     2.733290     1.074189 
59328.955510 0.000000 0.000000     2.743303     1.063610 
59329.010328 0.000000 0.000000     2.752304     1.052991 
59329.065147 0.000000 0.000000     2.760272     1.042332 
59329.119965 0.000000 0.000000     2.767191     1.031635 
59329.174783 0.000000 0.000000     2.773041     1.020901 
59329.229602 0.000000 0.000000     2.777807     1.010133 
59329.284420 0.000000 0.000000     2.781474     0.999330 
59329.339239 0.000000 0.000000     2.784026     0.988495 
59329.394057 0.000000 0.000000     2.785452     0.977630 
59329.448876 0.000000 0.000000     2.785738     0.966736 
59329.503694 0.000000 0.000000     2.784874     0.955815 
59329.558512 0.000000 0.000000     2.782851     0.944869 
59329.613331 0.000000 0.000000     2.779659     0.933900 
59329.668149 0.000000 0.000000     2.775291     0.922910 
59329.722968 0.000000 0.000000     2.769741     0.911901 
59329.777786 0.000000 0.000000     2.763004     0.900876 
59329.832605 0.000000 0.000000     2.755076     0.889836 
59329.887423 0.000000 0.000000     2.745954     0.878785 
59329.942241 0.000000 0.000000     2.735638     0.867724 
59329.997060 0.000000 0.000000     2.724127     0.856657 
59330.051878 0.000000 0.000000     2.711421     0.845587 
59330.106697 0.000000 0.000000     2.697525     0.834516 
59330.161515 0.000000 0.000000     2.682440     0.823448 
59330.216334 0.000000 0.000000     2.666172     0.812386 
59330.271152 0.000000 0.000000     2.648727     0.801334 
59330.325970 0.000000 0.000000     2.630111     0.790296 
59330.380789 0.000000 0.000000     2.610335     0.779274 
59330.435607 0.000000 0.000000     2.589406     0.768275 
59330.490426 0.000000 0.000000     2.567336     0.757302 
59330.545244 0.000000 0.000000     2.544138     0.746359 
59330.600063 0.000000 0.000000     2.519824     0.735452 
59330.654881 0.000000 0.000000     2.494408     0.724587 
59330.709699 0.000000 0.000000     2.467906     0.713768 
59330.764518 0.000000 0.000000     2.440335     0.703001 
59330.819336 0.000000 0.000000     2.411712     0.692294 
59330.874155 0.000000 0.000000     2.382057     0.681652 
59330.928973 0.000000 0.000000     2.351389     0.671084 
59330.983792 0.000000 0.000000     2.319728     0.660595 
59331.038610 0.000000 0.000000     2.287098     0.650195 
59331.093428 0.000000 0.000000     2.253520     0.639892 
59331.148247 0.000000 0.000000     2.219020     0.629695 
59331.203065 0.000000 0.000000     2.183621     0.619614 
59331.257884 0.000000 0.000000     2.147349     0.609658 
59331.312702 0.000000 0.000000     2.110231     0.599838 
59331.367521 0.000000 0.000000     2.072295     0.590166 
59331.422339 0.000000 0.000000     2.033569     0.580652 
59331.477157 0.000000 0.000000     1.994081     0.571310 
59331.531976 0.000000 0.000000     1.953862     0.562152 
59331.586794 0.000000 0.000000     1.912942     0.553190 
59331.641613 0.000000 0.000000     1.871352     0.544439 
59331.696431 0.000000 0.000000     1.829125     0.535912 
59331.751250 0.000000 0.000000     1.786293     0.527624 
59331.806068 0.000000 0.000000     1.742888     0.519587 
59331.860886 0.000000 0.000000     1.698945     0.511815 
59331.915705 0.000000 0.000000     1.654498     0.504323 
59331.970523 0.000000 0.000000     1.609580     0.497122 
59332.025342 0.000000 0.000000     1.564228     0.490225 
59332.080160 0.000000 0.000000     1.518476     0.483643 
59332.134979 0.000000 0.000000     1.472360     0.477386 
59332.189797 0.000000 0.000000     1.425917     0.471461 
59332.244615 0.000000 0.000000     1.379181     0.465876 
59332.299434 0.000000 0.000000     1.332191     0.460633 
59332.354252 0.000000 0.000000     1.284981     0.455737 
59332.409071 0.000000 0.000000     1.237591     0.451185 
59332.463889 0.000000 0.000000     1.190055     0.446975 
59332.518708 0.000000 0.000000     1.142411     0.443103 
59332.573526 0.000000 0.000000     1.094697     0.439560 
59332.628344 0.000000 0.000000     1.046948     0.436336 
59332.683163 0.000000 0.000000     0.999202     0.433418 
59332.737981 0.000000 0.000000     0.951495     0.430793 
59332.792800 0.000000 0.000000     0.903865     0.428444 
59332.847618 0.000000 0.000000     0.856347     0.426354 
59332.902437 0.000000 0.000000     0.808978     0.424504 
59332.957255 0.000000 0.000000     0.761793     0.422875 
59333.012073 0.000000 0.000000     0.714829     0.421447 
59333.066892 0.000000 0.000000     0.668120     0.420200 
59333.121710 0.000000 0.000000     0.621701     0.419115 
59333.176529 0.000000 0.000000     0.575608     0.418171 
59333.231347 0.000000 0.000000     0.529873     0.417349 
59333.286166 0.000000 0.000000     0.484530     0.416633 
59333.340984 0.000000 0.000000     0.439613     0.416003 
59333.395802 0.000000 0.000000     0.395154     0.415445 
59333.450621 0.000000 0.000000     0.351185     0.414943 
59333.505439 0.000000 0.000000     0.307736     0.414483 
59333.560258 0.000000 0.000000     0.264839     0.414052 
59333.615076 0.000000 0.000000     0.222524     0.413638 
59333.669895 0.000000 0.000000     0.180819     0.413232 
59333.724713 0.000000 0.000000     0.139754     0.412822 
59333.779531 0.000000 0.000000     0.099355     0.412401 
59333.834350 0.000000 0.000000     0.059650     0.411961 
59333.889168 0.000000 0.000000     0.020665     0.411496 
59333.943987 0.000000 0.000000    -0.017575     0.411000 
59333.998805 0.000000 0.000000    -0.055045     0.410468 
59334.053624 0.000000 0.000000    -0.091723     0.409897 
59334.108442 0.000000 0.000000    -0.127585     0.409283 
59334.163260 0.000000 0.000000    -0.162610     0.408623 
59334.218079 0.000000 0.000000    -0.196778     0.407917 
59334.272897 0.000000 0.000000    -0.230068     0.407161 
59334.327716 0.000000 0.000000    -0.262461     0.406357 
59334.382534 0.000000 0.000000    -0.293941     0.405503 
59334.437353 0.000000 0.000000    -0.324490     0.404599 
59334.492171 0.000000 0.000000    -0.354092     0.403647 
59334.546989 0.000000 0.000000    -0.382734     0.402647 
59334.601808 0.000000 0.000000    -0.410400     0.401601 
59334.656626 0.000000 0.000000    -0.437080     0.400510 
59334.711445 0.000000 0.000000    -0.462760     0.399377 
59334.766263 0.000000 0.000000    -0.487432     0.398203 
59334.821082 0.000000 0.000000    -0.511085     0.396992 
59334.875900 0.000000 0.000000    -0.533711     0.395745 
59334.930718 0.000000 0.000000    -0.555303     0.394466 
59334.985537 0.000000 0.000000    -0.575854     0.393159 
59335.040355 0.000000 0.000000    -0.595361     0.391826 
59335.095174 0.000000 0.000000    -0.613818     0.390470 
59335.149992 0.000000 0.000000    -0.631224     0.389097 
59335.204811 0.000000 0.000000    -0.647575     0.387708 
59335.259629 0.000000 0.000000    -0.662872     0.386308 
59335.314447 0.000000 0.000000    -0.677115     0.384901 
59335.369266 0.000000 0.000000    -0.690305     0.383490 
59335.424084 0.000000 0.000000    -0.702444     0.382080 
59335.478903 0.000000 0.000000    -0.713537     0.380674 
59335.533721 0.000000 0.000000    -0.723587     0.379277 
59335.588540 0.000000 0.000000    -0.732600     0.377892 
59335.643358 0.000000 0.000000    -0.740583     0.376523 
59335.698176 0.000000 0.000000    -0.747544     0.375174 
59335.752995 0.000000 0.000000    -0.753490     0.373848 
59335.807813 0.000000 0.000000    -0.758431     0.372549 
59335.862632 0.000000 0.000000    -0.762379     0.371281 
59335.917450 0.000000 0.000000    -0.765343     0.370047 
59335.972268 0.000000 0.000000    -0.767337     0.368850 
59336.027087 0.000000 0.000000    -0.768373     0.367692 
59336.081905 0.000000 0.000000    -0.768466     0.366578 
59336.136724 0.000000 0.000000    -0.767631     0.365509 
59336.191542 0.000000 0.000000    -0.765883     0.364488 
59336.246361 0.000000 0.000000    -0.763239     0.363517 
59336.301179 0.000000 0.000000    -0.759716     0.362598 
59336.355997 0.000000 0.000000    -0.755333     0.361732 
59336.410816 0.000000 0.000000    -0.750107     0.360921 
59336.465634 0.000000 0.000000    -0.744060     0.360167 
59336.520453 0.000000 0.000000    -0.737210     0.359469 
59336.575271 0.000000 0.000000    -0.729580     0.358829 
59336.630090 0.000000 0.000000    -0.721190     0.358246 
59336.684908 0.000000 0.000000    -0.712062     0.357722 
59336.739726 0.000000 0.000000    -0.702220     0.357256 
59336.794545 0.000000 0.000000    -0.691687     0.356847 
59336.849363 0.000000 0.000000    -0.680486     0.356495 
59336.904182 0.000000 0.000000    -0.668642     0.356198 
59336.959000 0.000000 0.000000    -0.656180     0.355957 
59337.013819 0.000000 0.000000    -0.643124     0.355769 
59337.068637 0.000000 0.000000    -0.629501     0.355634 
59337.123455 0.000000 0.000000    -0.615337     0.355549 
59337.178274 0.000000 0.000000    -0.600657     0.355513 
59337.233092 0.000000 0.000000    -0.585489     0.355524 
59337.287911 0.000000 0.000000    -0.569859     0.355580 
59337.342729 0.000000 0.000000    -0.553795     0.355678 
59337.397548 0.000000 0.000000    -0.537323     0.355817 
59337.452366 0.000000 0.000000    -0.520473     0.355994 
59337.507184 0.000000 0.000000    -0.503270     0.356207 
59337.562003 0.000000 0.000000    -0.485744     0.356454 
59337.616821 0.000000 0.000000    -0.467923     0.356732 
59337.671640 0.000000 0.000000    -0.449833     0.357039 
59337.726458 0.000000 0.000000    -0.431505     0.357372 
59337.781277 0.000000 0.000000    -0.412964     0.357728 
59337.836095 0.000000 0.000000    -0.394240     0.358107 
59337.890913 0.000000 0.000000    -0.375361     0.358504 
59337.945732 0.000000 0.000000    -0.356355     0.358918 
59338.000550 0.000000 0.000000    -0.337249     0.359346 
59338.055369 0.000000 0.000000    -0.318071     0.359787 
59338.110187 0.000000 0.000000    -0.298849     0.360238 
59338.165006 0.000000 0.000000    -0.279609     0.360696 
59338.219824 0.000000 0.000000    -0.260380     0.361161 
59338.274642 0.000000 0.000000    -0.241187     0.361629 
59338.329461 0.000000 0.000000    -0.222058     0.362099 
59338.384279 0.000000 0.000000    -0.203018     0.362569 
59338.439098 0.000000 0.000000    -0.184094     0.363037 
59338.493916 0.000000 0.000000    -0.165311     0.363501 
59338.548735 0.000000 0.000000    -0.146694     0.363961 
59338.603553 0.000000 0.000000    -0.128267     0.364414 
59338.658371 0.000000 0.000000    -0.110056     0.364859 
59338.713190 0.000000 0.000000    -0.092084     0.365294 
59338.768008 0.000000 0.000000    -0.074373     0.365719 
59338.822827 0.000000 0.000000    -0.056948     0.366132 
59338.877645 0.000000 0.000000    -0.039830     0.366532 
59338.932464 0.000000 0.000000    -0.023041     0.366918 
59338.987282 0.000000 0.000000    -0.006603     0.367289 
59339.042100 0.000000 0.000000     0.009465     0.367645 
59339.096919 0.000000 0.000000     0.025142     0.367985 
59339.151737 0.000000 0.000000     0.040410     0.368308 
59339.206556 0.000000 0.000000     0.055248     0.368613 
59339.261374 0.000000 0.000000     0.069640     0.368902 
59339.316193 0.000000 0.000000     0.083568     0.369172 
59339.371011 0.000000 0.000000     0.097015     0.369425 
59339.425829 0.000000 0.000000     0.109965     0.369659 
59339.480648 0.000000 0.000000     0.122404     0.369877 
59339.535466 0.000000 0.000000     0.134316     0.370076 
59339.590285 0.000000 0.000000     0.145688     0.370259 
59339.645103 0.000000 0.000000     0.156508     0.370425 
59339.699922 0.000000 0.000000     0.166762     0.370575 
59339.754740 0.000000 0.000000     0.176439     0.370709 
59339.809558 0.000000 0.000000     0.185529     0.370830 
59339.864377 0.000000 0.000000     0.194021     0.370936 
59339.919195 0.000000 0.000000     0.201908     0.371031 
59339.974014 0.000000 0.000000     0.209179     0.371115 
59340.028832 0.000000 0.000000     0.215829     0.371188 
59340.083651 0.000000 0.000000     0.221850     0.371254 
59340.138469 0.000000 0.000000     0.227237     0.371313 
59340.193287 0.000000 0.000000     0.231983     0.371368 
59340.248106 0.000000 0.000000     0.236086     0.371419 
59340.302924 0.000000 0.000000     0.239542     0.371469 
59340.357743 0.000000 0.000000     0.242348     0.371521 
59340.412561 0.000000 0.000000     0.244502     0.371575 
59340.467380 0.000000 0.000000     0.246004     0.371635 
59340.522198 0.000000 0.000000     0.246853     0.371703 
59340.577016 0.000000 0.000000     0.247049     0.371780 
59340.631835 0.000000 0.000000     0.246594     0.371870 
59340.686653 0.000000 0.000000     0.245491     0.371976 
59340.741472 0.000000 0.000000     0.243742     0.372098 
59340.796290 0.000000 0.000000     0.241351     0.372241 
59340.851109 0.000000 0.000000     0.238323     0.372406 
59340.905927 0.000000 0.000000     0.234662     0.372596 
59340.960745 0.000000 0.000000     0.230375     0.372813 
59341.015564 0.000000 0.000000     0.225468     0.373060 
59341.070382 0.000000 0.000000     0.219949     0.373340 
59341.125201 0.000000 0.000000     0.213825     0.373654 
59341.180019 0.000000 0.000000     0.207106     0.374004 
59341.234838 0.000000 0.000000     0.199802     0.374393 
59341.289656 0.000000 0.000000     0.191921     0.374822 
59341.344474 0.000000 0.000000     0.183475     0.375294 
59341.399293 0.000000 0.000000     0.174475     0.375808 
59341.454111 0.000000 0.000000     0.164934     0.376368 
59341.508930 0.000000 0.000000     0.154863     0.376974 
59341.563748 0.000000 0.000000     0.144276     0.377627 
59341.618567 0.000000 0.000000     0.133186     0.378327 
59341.673385 0.000000 0.000000     0.121608     0.379076 
59341.728203 0.000000 0.000000     0.109556     0.379872 
59341.783022 0.000000 0.000000     0.097045     0.380716 
59341.837840 0.000000 0.000000     0.084092     0.381609 
59341.892659 0.000000 0.000000     0.070711     0.382548 
59341.947477 0.000000 0.000000     0.056920     0.383533 
59342.002296 0.000000 0.000000     0.042736     0.384564 
59342.057114 0.000000 0.000000     0.028175     0.385639 
59342.111932 0.000000 0.000000     0.013255     0.386755 
59342.166751 0.000000 0.000000    -0.002006     0.387913 
59342.221569 0.000000 0.000000    -0.017590     0.389109 
59342.276388 0.000000 0.000000    -0.033479     0.390341 
59342.331206 0.000000 0.000000    -0.049653     0.391607 
59342.386025 0.000000 0.000000    -0.066094     0.392905 
59342.440843 0.000000 0.000000    -0.082783     0.394231 
59342.495661 0.000000 0.000000    -0.099700     0.395584 
59342.550480 0.000000 0.000000    -0.116827     0.396960 
59342.605298 0.000000 0.000000    -0.134143     0.398355 
59342.660117 0.000000 0.000000    -0.151630     0.399768 
59342.714935 0.000000 0.000000    -0.169267     0.401195 
59342.769753 0.000000 0.000000    -0.187036     0.402632 
59342.824572 0.000000 0.000000    -0.204915     0.404077 
59342.879390 0.000000 0.000000    -0.222886     0.405526 
59342.934209 0.000000 0.000000    -0.240929     0.406976 
59342.989027 0.000000 0.000000    -0.259025     0.408424 
59343.043846 0.000000 0.000000    -0.277154     0.409866 
59343.098664 0.000000 0.000000    -0.295297     0.411300 
59343.153482 0.000000 0.000000    -0.313434     0.412722 
59343.208301 0.000000 0.000000    -0.331547     0.414129 
59343.263119 0.000000 0.000000    -0.349617     0.415518 
59343.317938 0.000000 0.000000    -0.367625     0.416887 
59343.372756 0.000000 0.000000    -0.385554     0.418232 
59343.427575 0.000000 0.000000    -0.403384     0.419551 
59343.482393 0.000000 0.000000    -0.421099     0.420841 
59343.537211 0.000000 0.000000    -0.438681     0.422100 
59343.592030 0.000000 0.000000    -0.456112     0.423324 
59343.646848 0.000000 0.000000    -0.473377     0.424513 
59343.701667 0.000000 0.000000    -0.490459     0.425662 
59343.756485 0.000000 0.000000    -0.507341     0.426771 
59343.811304 0.000000 0.000000    -0.524008     0.427838 
59343.866122 0.000000 0.000000    -0.540446     0.428860 
59343.920940 0.000000 0.000000    -0.556639     0.429835 
59343.975759 0.000000 0.000000    -0.572574     0.430763 
59344.030577 0.000000 0.000000    -0.588237     0.431641 
59344.085396 0.000000 0.000000    -0.603614     0.432468 
59344.140214 0.000000 0.000000    -0.618693     0.433243 
59344.195033 0.000000 0.000000    -0.633462     0.433965 
59344.249851 0.000000 0.000000    -0.647909     0.434632 
59344.304669 0.000000 0.000000    -0.662024     0.435244 
59344.359488 0.000000 0.000000    -0.675796     0.435800 
59344.414306 0.000000 0.000000    -0.689214     0.436300 
59344.469125 0.000000 0.000000    -0.702271     0.436742 
59344.523943 0.000000 0.000000    -0.714957     0.437126 
59344.578762 0.000000 0.000000    -0.727264     0.437453 
59344.633580 0.000000 0.000000    -0.739185     0.437721 
59344.688398 0.000000 0.000000    -0.750713     0.437931 
59344.743217 0.000000 0.000000    -0.761842     0.438083 
59344.798035 0.000000 0.000000    -0.772567     0.438177 
59344.852854 0.000000 0.000000    -0.782882     0.438213 
59344.907672 0.000000 0.000000    -0.792783     0.438193 
59344.962491 0.000000 0.000000    -0.802267     0.438115 
59345.017309 0.000000 0.000000    -0.811330     0.437982 
59345.072127 0.000000 0.000000    -0.819971     0.437793 
59345.126946 0.000000 0.000000    -0.828188     0.437551 
59345.181764 0.000000 0.000000    -0.835979     0.437254 
59345.236583 0.000000 0.000000    -0.843345     0.436906 
59345.291401 0.000000 0.000000    -0.850284     0.436507 
59345.346220 0.000000 0.000000    -0.856799     0.436058 
59345.401038 0.000000 0.000000    -0.862891     0.435561 
59345.455856 0.000000 0.000000    -0.868561     0.435018 
59345.510675 0.000000 0.000000    -0.873813     0.434429 
59345.565493 0.000000 0.000000    -0.878648     0.433797 
59345.620312 0.000000 0.000000    -0.883072     0.433124 
59345.675130 0.000000 0.000000    -0.887089     0.432412 
59345.729949 0.000000 0.000000    -0.890702     0.431662 
59345.784767 0.000000 0.000000    -0.893918     0.430876 
59345.839585 0.000000 0.000000    -0.896743     0.430058 
59345.894404 0.000000 0.000000    -0.899183     0.429209 
59345.949222 0.000000 0.000000    -0.901245     0.428331 
59346.004041 0.000000 0.000000    -0.902935     0.427427 
59346.058859 0.000000 0.000000    -0.904263     0.426499 
59346.113678 0.000000 0.000000    -0.905236     0.425551 
59346.168496 0.000000 0.000000    -0.905862     0.424583 
59346.223314 0.000000 0.000000    -0.906152     0.423599 
59346.278133 0.000000 0.000000    -0.906113     0.422602 
59346.332951 0.000000 0.000000    -0.905757     0.421594 
59346.387770 0.000000 0.000000    -0.905092     0.420577 
59346.442588 0.000000 0.000000    -0.904130     0.419554 
59346.497407 0.000000 0.000000    -0.902881     0.418529 
59346.552225 0.000000 0.000000    -0.901355     0.417502 
59346.607043 0.000000 0.000000    -0.899565     0.416478 
59346.661862 0.000000 0.000000    -0.897521     0.415457 
59346.716680 0.000000 0.000000    -0.895235     0.414443 
59346.771499 0.000000 0.000000    -0.892718     0.413439 
59346.826317 0.000000 0.000000    -0.889983     0.412445 
59346.881136 0.000000 0.000000    -0.887041     0.411464 
59346.935954 0.000000 0.000000    -0.883904     0.410499 
59346.990772 0.000000 0.000000    -0.880584     0.409551 
59347.045591 0.000000 0.000000    -0.877094     0.408622 
59347.100409 0.000000 0.000000    -0.873445     0.407713 
59347.155228 0.000000 0.000000    -0.869649     0.406826 
59347.210046 0.000000 0.000000    -0.865720     0.405963 
59347.264865 0.000000 0.000000    -0.861667     0.405124 
59347.319683 0.000000 0.000000    -0.857504     0.404310 
59347.374501 0.000000 0.000000    -0.853242     0.403523 
59347.429320 0.000000 0.000000    -0.848892     0.402762 
59347.484138 0.000000 0.000000    -0.844466     0.402029 
59347.538957 0.000000 0.000000    -0.839976     0.401323 
59347.593775 0.000000 0.000000    -0.835431     0.400645 
59347.648594 0.000000 0.000000    -0.830844     0.399995 
59347.703412 0.000000 0.000000    -0.826223     0.399372 
59347.758230 0.000000 0.000000    -0.821581     0.398776 
59347.813049 0.000000 0.000000    -0.816925     0.398206 
59347.867867 0.000000 0.000000    -0.812266     0.397662 
59347.922686 0.000000 0.000000    -0.807614     0.397143 
59347.977504 0.000000 0.000000    -0.802976     0.396648 
59348.032323 0.000000 0.000000    -0.798361     0.396176 
59348.087141 0.000000 0.000000    -0.793777     0.395726 
59348.141959 0.000000 0.000000    -0.789233     0.395296 
59348.196778 0.000000 0.000000    -0.784733     0.394885 
59348.251596 0.000000 0.000000    -0.780287     0.394492 
59348.306415 0.000000 0.000000    -0.775899     0.394114 
59348.361233 0.000000 0.000000    -0.771575     0.393752 
59348.416052 0.000000 0.000000    -0.767320     0.393403 
59348.470870 0.000000 0.000000    -0.763140     0.393065 
59348.525688 0.000000 0.000000    -0.759037     0.392738 
59348.580507 0.000000 0.000000    -0.755016     0.392419 
59348.635325 0.000000 0.000000    -0.751080     0.392108 
59348.690144 0.000000 0.000000    -0.747232     0.391802 
59348.744962 0.000000 0.000000    -0.743472     0.391501 
59348.799781 0.000000 0.000000    -0.739802     0.391203 
59348.854599 0.000000 0.000000    -0.736224     0.390907 
59348.909417 0.000000 0.000000    -0.732737     0.390611 
59348.964236 0.000000 0.000000    -0.729341     0.390315 
59349.019054 0.000000 0.000000    -0.726034     0.390019 
59349.073873 0.000000 0.000000    -0.722816     0.389720 
59349.128691 0.000000 0.000000    -0.719685     0.389418 
59349.183510 0.000000 0.000000    -0.716636     0.389114 
59349.238328 0.000000 0.000000    -0.713668     0.388805 
59349.293146 0.000000 0.000000    -0.710776     0.388493 
59349.347965 0.000000 0.000000    -0.707957     0.388176 
59349.402783 0.000000 0.000000    -0.705204     0.387855 
59349.457602 0.000000 0.000000    -0.702512     0.387530 
59349.512420 0.000000 0.000000    -0.699876     0.387201 
59349.567239 0.000000 0.000000    -0.697289     0.386868 
59349.622057 0.000000 0.000000    -0.694743     0.386532 
59349.676875 0.000000 0.000000    -0.692232     0.386193 
59349.731694 0.000000 0.000000    -0.689747     0.385852 
59349.786512 0.000000 0.000000    -0.687280     0.385511 
59349.841331 0.000000 0.000000    -0.684821     0.385169 
59349.896149 0.000000 0.000000    -0.682361     0.384828 
59349.950967 0.000000 0.000000    -0.679892     0.384490 
59350.005786 0.000000 0.000000    -0.677401     0.384155 
59350.060604 0.000000 0.000000    -0.674879     0.383825 
59350.115423 0.000000 0.000000    -0.672316     0.383501 
59350.170241 0.000000 0.000000    -0.669698     0.383185 
59350.225060 0.000000 0.000000    -0.667017     0.382878 
59350.279878 0.000000 0.000000    -0.664258     0.382582 
59350.334696 0.000000 0.000000    -0.661411     0.382299 
59350.389515 0.000000 0.000000    -0.658463     0.382030 
59350.444333 0.000000 0.000000    -0.655401     0.381777 
59350.499152 0.000000 0.000000    -0.652214     0.381541 
59350.553970 0.000000 0.000000    -0.648888     0.381325 
59350.608789 0.000000 0.000000    -0.645411     0.381129 
59350.663607 0.000000 0.000000    -0.641769     0.380956 
59350.718425 0.000000 0.000000    -0.637949     0.380807 
59350.773244 0.000000 0.000000    -0.633939     0.380683 
59350.828062 0.000000 0.000000    -0.629726     0.380585 
59350.882881 0.000000 0.000000    -0.625296     0.380515 
59350.937699 0.000000 0.000000    -0.620637     0.380475 
59350.992518 0.000000 0.000000    -0.615736     0.380464 
59351.047336 0.000000 0.000000    -0.610580     0.380484 
59351.102154 0.000000 0.000000    -0.605158     0.380535 
59351.156973 0.000000 0.000000    -0.599456     0.380618 
59351.211791 0.000000 0.000000    -0.593463     0.380734 
59351.266610 0.000000 0.000000    -0.587167     0.380883 
59351.321428 0.000000 0.000000    -0.580556     0.381064 
59351.376247 0.000000 0.000000    -0.573620     0.381278 
59351.431065 0.000000 0.000000    -0.566348     0.381525 
59351.485883 0.000000 0.000000    -0.558730     0.381803 
59351.540702 0.000000 0.000000    -0.550755     0.382113 
59351.595520 0.000000 0.000000    -0.542414     0.382453 
59351.650339 0.000000 0.000000    -0.533699     0.382823 
59351.705157 0.000000 0.000000    -0.524601     0.383221 
59351.759976 0.000000 0.000000    -0.515111     0.383647 
59351.814794 0.000000 0.000000    -0.505224     0.384098 
59351.869612 0.000000 0.000000    -0.494931     0.384575 
59351.924431 0.000000 0.000000    -0.484228     0.385073 
59351.979249 0.000000 0.000000    -0.473108     0.385593 
59352.034068 0.000000 0.000000    -0.461568     0.386132 
59352.088886 0.000000 0.000000    -0.449603     0.386689 
59352.143705 0.000000 0.000000    -0.437209     0.387260 
59352.198523 0.000000 0.000000    -0.424385     0.387845 
59352.253341 0.000000 0.000000    -0.411129     0.388441 
59352.308160 0.000000 0.000000    -0.397439     0.389046 
59352.362978 0.000000 0.000000    -0.383316     0.389658 
59352.417797 0.000000 0.000000    -0.368761     0.390274 
59352.472615 0.000000 0.000000    -0.353775     0.390893 
59352.527434 0.000000 0.000000    -0.338360     0.391511 
59352.582252 0.000000 0.000000    -0.322521     0.392128 
59352.637070 0.000000 0.000000    -0.306261     0.392741 
59352.691889 0.000000 0.000000    -0.289585     0.393347 
59352.746707 0.000000 0.000000    -0.272500     0.393944 
59352.801526 0.000000 0.000000    -0.255013     0.394531 
59352.856344 0.000000 0.000000    -0.237132     0.395106 
59352.911163 0.000000 0.000000    -0.218866     0.395666 
59352.965981 0.000000 0.000000    -0.200224     0.396209 
59353.020799 0.000000 0.000000    -0.181217     0.396735 
59353.075618 0.000000 0.000000    -0.161858     0.397240 
59353.130436 0.000000 0.000000    -0.142159     0.397724 
59353.185255 0.000000 0.000000    -0.122134     0.398184 
59353.240073 0.000000 0.000000    -0.101797     0.398619 
59353.294892 0.000000 0.000000    -0.081164     0.399029 
59353.349710 0.000000 0.000000    -0.060253     0.399410 
59353.404528 0.000000 0.000000    -0.039079     0.399763 
59353.459347 0.000000 0.000000    -0.017662     0.400086 
59353.514165 0.000000 0.000000     0.003978     0.400377 
59353.568984 0.000000 0.000000     0.025822     0.400636 
59353.623802 0.000000 0.000000     0.047849     0.400862 
59353.678621 0.000000 0.000000     0.070036     0.401054 
59353.733439 0.000000 0.000000     0.092361     0.401212 
59353.788257 0.000000 0.000000     0.114799     0.401334 
59353.843076 0.000000 0.000000     0.137327     0.401419 
59353.897894 0.000000 0.000000     0.159918     0.401469 
59353.952713 0.000000 0.000000     0.182547     0.401481 
59354.007531 0.000000 0.000000     0.205186     0.401456 
59354.062350 0.000000 0.000000     0.227809     0.401394 
59354.117168 0.000000 0.000000     0.250386     0.401294 
59354.171986 0.000000 0.000000     0.272889     0.401156 
59354.226805 0.000000 0.000000     0.295288     0.400980 
59354.281623 0.000000 0.000000     0.317553     0.400766 
59354.336442 0.000000 0.000000     0.339653     0.400515 
59354.391260 0.000000 0.000000     0.361556     0.400226 
59354.446079 0.000000 0.000000     0.383231     0.399899 
59354.500897 0.000000 0.000000     0.404644     0.399536 
59354.555715 0.000000 0.000000     0.425764     0.399136 
59354.610534 0.000000 0.000000     0.446557     0.398700 
59354.665352 0.000000 0.000000     0.466989     0.398229 
59354.720171 0.000000 0.000000     0.487027     0.397723 
59354.774989 0.000000 0.000000     0.506635     0.397182 
59354.829808 0.000000 0.000000     0.525780     0.396608 
59354.884626 0.000000 0.000000     0.544427     0.396001 
59354.939444 0.000000 0.000000     0.562541     0.395363 
59354.994263 0.000000 0.000000     0.580087     0.394693 
59355.049081 0.000000 0.000000     0.597029     0.393994 
59355.103900 0.000000 0.000000     0.613333     0.393266 
59355.158718 0.000000 0.000000     0.628963     0.392511 
59355.213537 0.000000 0.000000     0.643884     0.391729 
59355.268355 0.000000 0.000000     0.658062     0.390922 
59355.323173 0.000000 0.000000     0.671461     0.390092 
59355.377992 0.000000 0.000000     0.684047     0.389240 
59355.432810 0.000000 0.000000     0.695785     0.388368 
59355.487629 0.000000 0.000000     0.706642     0.387477 
59355.542447 0.000000 0.000000     0.716582     0.386569 
59355.597266 0.000000 0.000000     0.725573     0.385647 
59355.652084 0.000000 0.000000     0.733581     0.384712 
59355.706902 0.000000 0.000000     0.740574     0.383766 
59355.761721 0.000000 0.000000     0.746520     0.382812 
59355.816539 0.000000 0.000000     0.751386     0.381853 
59355.871358 0.000000 0.000000     0.755143     0.380890 
59355.926176 0.000000 0.000000     0.757759     0.379927 
59355.980995 0.000000 0.000000     0.759205     0.378967 
59356.035813 0.000000 0.000000     0.759451     0.378013 
59356.090631 0.000000 0.000000     0.758469     0.377068 
59356.145450 0.000000 0.000000     0.756233     0.376136 
59356.200268 0.000000 0.000000     0.752714     0.375221 
59356.255087 0.000000 0.000000     0.747888     0.374327 
59356.309905 0.000000 0.000000     0.741728     0.373458 
59356.364724 0.000000 0.000000     0.734212     0.372618 
59356.419542 0.000000 0.000000     0.725316     0.371814 
59356.474360 0.000000 0.000000     0.715019     0.371049 
59356.529179 0.000000 0.000000     0.703298     0.370329 
59356.583997 0.000000 0.000000     0.690135     0.369660 
59356.638816 0.000000 0.000000     0.675510     0.369048 
59356.693634 0.000000 0.000000     0.659406     0.368500 
59356.748452 0.000000 0.000000     0.641806     0.368021 
59356.803271 0.000000 0.000000     0.622696     0.367619 
59356.858089 0.000000 0.000000     0.602060     0.367300 
59356.912908 0.000000 0.000000     0.579886     0.367073 
59356.967726 0.000000 0.000000     0.556163     0.366945 
59357.022545 0.000000 0.000000     0.530879     0.366924 
59357.077363 0.000000 0.000000     0.504027     0.367017 
59357.132181 0.000000 0.000000     0.475598     0.367233 
59357.187000 0.000000 0.000000     0.445587     0.367579 
59357.241818 0.000000 0.000000     0.413987     0.368064 
59357.296637 0.000000 0.000000     0.380796     0.368695 
59357.351455 0.000000 0.000000     0.346011     0.369481 
59357.406274 0.000000 0.000000     0.309631     0.370429 
59357.461092 0.000000 0.000000     0.271657     0.371546 
59357.515910 0.000000 0.000000     0.232091     0.372839 
59357.570729 0.000000 0.000000     0.190936     0.374315 
59357.625547 0.000000 0.000000     0.148196     0.375979 
59357.680366 0.000000 0.000000     0.103879     0.377836 
59357.735184 0.000000 0.000000     0.057991     0.379891 
59357.790003 0.000000 0.000000     0.010542     0.382149 
59357.844821 0.000000 0.000000    -0.038458     0.384612 
59357.899639 0.000000 0.000000    -0.088997     0.387282 
59357.954458 0.000000 0.000000    -0.141063     0.390162 
59358.009276 0.000000 0.000000    -0.194639     0.393251 
59358.064095 0.000000 0.000000    -0.249712     0.396551 
59358.118913 0.000000 0.000000    -0.306262     0.400061 
59358.173732 0.000000 0.000000    -0.364272     0.403779 
59358.228550 0.000000 0.000000    -0.423722     0.407704 
59358.283368 0.000000 0.000000    -0.484590     0.411832 
59358.338187 0.000000 0.000000    -0.546853     0.416160 
59358.393005 0.000000 0.000000    -0.610488     0.420686 
59358.447824 0.000000 0.000000    -0.675469     0.425404 
59358.502642 0.000000 0.000000    -0.741771     0.430311 
59358.557461 0.000000 0.000000    -0.809365     0.435402 
59358.612279 0.000000 0.000000    -0.878223     0.440671 
59358.667097 0.000000 0.000000    -0.948315     0.446114 
59358.721916 0.000000 0.000000    -1.019609     0.451725 
59358.776734 0.000000 0.000000    -1.092074     0.457499 
59358.831553 0.000000 0.000000    -1.165676     0.463430 
59358.886371 0.000000 0.000000    -1.240380     0.469514 
59358.941190 0.000000 0.000000    -1.316153     0.475744 
59358.996008 0.000000 0.000000    -1.392957     0.482116 
59359.050826 0.000000 0.000000    -1.470755     0.488623 
59359.105645 0.000000 0.000000    -1.549509     0.495262 
59359.160463 0.000000 0.000000    -1.629181     0.502026 
59359.215282 0.000000 0.000000    -1.709729     0.508911 
59359.270100 0.000000 0.000000    -1.791115     0.515912 
59359.324919 0.000000 0.000000    -1.873296     0.523025 
59359.379737 0.000000 0.000000    -1.956230     0.530245 
59359.434555 0.000000 0.000000    -2.039875     0.537567 
59359.489374 0.000000 0.000000    -2.124188     0.544988 
59359.544192 0.000000 0.000000    -2.209125     0.552503 
59359.599011 0.000000 0.000000    -2.294640     0.560109 
59359.653829 0.000000 0.000000    -2.380691     0.567801 
59359.708648 0.000000 0.000000    -2.467230     0.575576 
59359.763466 0.000000 0.000000    -2.554213     0.583431 
59359.818284 0.000000 0.000000    -2.641593     0.591362 
59359.873103 0.000000 0.000000    -2.729324     0.599367 
59359.927921 0.000000 0.000000    -2.817359     0.607440 
59359.982740 0.000000 0.000000    -2.905652     0.615581 
59360.037558 0.000000 0.000000    -2.994156     0.623785 
59360.092377 0.000000 0.000000    -3.082823     0.632051 
59360.147195 0.000000 0.000000    -3.171606     0.640374 
59360.202013 0.000000 0.000000    -3.260458     0.648754 
59360.256832 0.000000 0.000000    -3.349331     0.657186 
59360.311650 0.000000 0.000000    -3.438180     0.665669 
59360.366469 0.000000 0.000000    -3.526955     0.674200 
59360.421287 0.000000 0.000000    -3.615611     0.682777 
59360.476106 0.000000 0.000000    -3.704101     0.691398 
59360.530924 0.000000 0.000000    -3.792379     0.700060 
59360.585742 0.000000 0.000000    -3.880397     0.708761 
59360.640561 0.000000 0.000000    -3.968111     0.717500 
59360.695379 0.000000 0.000000    -4.055474     0.726274 
59360.750198 0.000000 0.000000    -4.142442     0.735081 
59360.805016 0.000000 0.000000    -4.228970     0.743919 
59360.859835 0.000000 0.000000    -4.315014     0.752786 
59360.914653 0.000000 0.000000    -4.400529     0.761682 
59360.969471 0.000000 0.000000    -4.485475     0.770603 
59361.024290 0.000000 0.000000    -4.569806     0.779548 
59361.079108 0.000000 0.000000    -4.653483     0.788515 
59361.133927 0.000000 0.000000    -4.736463     0.797503 
59361.188745 0.000000 0.000000    -4.818707     0.806510 
59361.243564 0.000000 0.000000    -4.900175     0.815534 
59361.298382 0.000000 0.000000    -4.980827     0.824575 
59361.353200 0.000000 0.000000    -5.060626     0.833629 
59361.408019 0.000000 0.000000    -5.139535     0.842697 
59361.462837 0.000000 0.000000    -5.217518     0.851775 
59361.517656 0.000000 0.000000    -5.294538     0.860864 
59361.572474 0.000000 0.000000    -5.370561     0.869962 
59361.627293 0.000000 0.000000    -5.445555     0.879066 
59361.682111 0.000000 0.000000    -5.519486     0.888176 
59361.736929 0.000000 0.000000    -5.592324     0.897291 
59361.791748 0.000000 0.000000    -5.664037     0.906409 
59361.846566 0.000000 0.000000    -5.734596     0.915529 
59361.901385 0.000000 0.000000    -5.803973     0.924649 
59361.956203 0.000000 0.000000    -5.872141     0.933769 
59362.011022 0.000000 0.000000    -5.939074     0.942887 
59362.065840 0.000000 0.000000    -6.004746     0.952002 
59362.120658 0.000000 0.000000    -6.069135     0.961113 
59362.175477 0.000000 0.000000    -6.132217     0.970219 
59362.230295 0.000000 0.000000    -6.193971     0.979319 
59362.285114 0.000000 0.000000    -6.254376     0.988412 
59362.339932 0.000000 0.000000    -6.313415     0.997495 
59362.394751 0.000000 0.000000    -6.371068     1.006570 
59362.449569 0.000000 0.000000    -6.427319     1.015634 
59362.504387 0.000000 0.000000    -6.482154     1.024687 
59362.559206 0.000000 0.000000    -6.535557     1.033727 
59362.614024 0.000000 0.000000    -6.587516     1.042754 
59362.668843 0.000000 0.000000    -6.638019     1.051767 
59362.723661 0.000000 0.000000    -6.687056     1.060765 
59362.778480 0.000000 0.000000    -6.734618     1.069746 
59362.833298 0.000000 0.000000    -6.780696     1.078711 
59362.888116 0.000000 0.000000    -6.825284     1.087658 
59362.942935 0.000000 0.000000    -6.868376     1.096587 
59362.997753 0.000000 0.000000    -6.909968     1.105496 
59363.052572 0.000000 0.000000    -6.950057     1.114385 
59363.107390 0.000000 0.000000    -6.988640     1.123253 
59363.162209 0.000000 0.000000    -7.025719     1.132100 
59363.217027 0.000000 0.000000    -7.061292     1.140924 
59363.271845 0.000000 0.000000    -7.095361     1.149726 
59363.326664 0.000000 0.000000    -7.127930     1.158503 
59363.381482 0.000000 0.000000    -7.159002     1.167256 
59363.436301 0.000000 0.000000    -7.188583     1.175984 
59363.491119 0.000000 0.000000    -7.216678     1.184686 
59363.545938 0.000000 0.000000    -7.243295     1.193362 
59363.600756 0.000000 0.000000    -7.268443     1.202011 
59363.655574 0.000000 0.000000    -7.292131     1.210632 
59363.710393 0.000000 0.000000    -7.314369     1.219226 
59363.765211 0.000000 0.000000    -7.335169     1.227790 
59363.820030 0.000000 0.000000    -7.354543     1.236325 
59363.874848 0.000000 0.000000    -7.372506     1.244830 
59363.929666 0.000000 0.000000    -7.389071     1.253305 
59363.984485 0.000000 0.000000    -7.404254     1.261749 
59364.039303 0.000000 0.000000    -7.418072     1.270161 
59364.094122 0.000000 0.000000    -7.430541     1.278542 
59364.148940 0.000000 0.000000    -7.441679     1.286890 
59364.203759 0.000000 0.000000    -7.451506     1.295205 
59364.258577 0.000000 0.000000    -7.460041     1.303486 
59364.313395 0.000000 0.000000    -7.467304     1.311734 
59364.368214 0.000000 0.000000    -7.473318     1.319948 
59364.423032 0.000000 0.000000    -7.478102     1.328126 
59364.477851 0.000000 0.000000    -7.481682     1.336270 
59364.532669 0.000000 0.000000    -7.484078     1.344378 
59364.587488 0.000000 0.000000    -7.485316     1.352450 
59364.642306 0.000000 0.000000    -7.485420     1.360486 
59364.697124 0.000000 0.000000    -7.484414     1.368484 
59364.751943 0.000000 0.000000    -7.482325     1.376446 
59364.806761 0.000000 0.000000    -7.479178     1.384370 
59364.861580 0.000000 0.000000    -7.475000     1.392255 
59364.916398 0.000000 0.000000    -7.469818     1.400103 
59364.971217 0.000000 0.000000    -7.463659     1.407912 
59365.026035 0.000000 0.000000    -7.456552     1.415681 
59365.080853 0.000000 0.000000    -7.448523     1.423412 
59365.135672 0.000000 0.000000    -7.439601     1.431102 
59365.190490 0.000000 0.000000    -7.429815     1.438752 
59365.245309 0.000000 0.000000    -7.419194     1.446362 
59365.300127 0.000000 0.000000    -7.407767     1.453931 
59365.354946 0.000000 0.000000    -7.395562     1.461459 
59365.409764 0.000000 0.000000    -7.382611     1.468946 
59365.464582 0.000000 0.000000    -7.368941     1.476391 
59365.519401 0.000000 0.000000    -7.354582     1.483793 
59365.574219 0.000000 0.000000    -7.339564     1.491154 
59365.629038 0.000000 0.000000    -7.323917     1.498472 
59365.683856 0.000000 0.000000    -7.307670     1.505746 
59365.738675 0.000000 0.000000    -7.290853     1.512978 
59365.793493 0.000000 0.000000    -7.273495     1.520166 
59365.848311 0.000000 0.000000    -7.255626     1.527311 
59365.903130 0.000000 0.000000    -7.237274     1.534411 
59365.957948 0.000000 0.000000    -7.218469     1.541467 
59366.012767 0.000000 0.000000    -7.199239     1.548479 
59366.067585 0.000000 0.000000    -7.179614     1.555445 
59366.122404 0.000000 0.000000    -7.159621     1.562367 
59366.177222 0.000000 0.000000    -7.139288     1.569244 
59366.232040 0.000000 0.000000    -7.118644     1.576075 
59366.286859 0.000000 0.000000    -7.097715     1.582860 
59366.341677 0.000000 0.000000    -7.076529     1.589599 
59366.396496 0.000000 0.000000    -7.055112     1.596292 
59366.451314 0.000000 0.000000    -7.033491     1.602939 
59366.506133 0.000000 0.000000    -7.011691     1.609540 
59366.560951 0.000000 0.000000    -6.989738     1.616093 
59366.615769 0.000000 0.000000    -6.967656     1.622600 
59366.670588 0.000000 0.000000    -6.945470     1.629059 
59366.725406 0.000000 0.000000    -6.923204     1.635471 
59366.780225 0.000000 0.000000    -6.900880     1.641836 
59366.835043 0.000000 0.000000    -6.878522     1.648153 
59366.889862 0.000000 0.000000    -6.856152     1.654422 
59366.944680 0.000000 0.000000    -6.833792     1.660643 
59366.999498 0.000000 0.000000    -6.811461     1.666816 
59367.054317 0.000000 0.000000    -6.789181     1.672941 
59367.109135 0.000000 0.000000    -6.766971     1.679017 
59367.163954 0.000000 0.000000    -6.744849     1.685045 
59367.218772 0.000000 0.000000    -6.722835     1.691025 
59367.273591 0.000000 0.000000    -6.700946     1.696956 
59367.328409 0.000000 0.000000    -6.679199     1.702837 
59367.383227 0.000000 0.000000    -6.657609     1.708670 
59367.438046 0.000000 0.000000    -6.636193     1.714454 
59367.492864 0.000000 0.000000    -6.614964     1.720189 
59367.547683 0.000000 0.000000    -6.593938     1.725875 
59367.602501 0.000000 0.000000    -6.573127     1.731512 
59367.657320 0.000000 0.000000    -6.552543     1.737099 
59367.712138 0.000000 0.000000    -6.532199     1.742637 
59367.766956 0.000000 0.000000    -6.512106     1.748125 
59367.821775 0.000000 0.000000    -6.492272     1.753564 
59367.876593 0.000000 0.000000    -6.472709     1.758954 
59367.931412 0.000000 0.000000    -6.453424     1.764294 
59367.986230 0.000000 0.000000    -6.434425     1.769585 
59368.041049 0.000000 0.000000    -6.415720     1.774826 
59368.095867 0.000000 0.000000    -6.397315     1.780017 
59368.150685 0.000000 0.000000    -6.379215     1.785159 
59368.205504 0.000000 0.000000    -6.361426     1.790252 
59368.260322 0.000000 0.000000    -6.343950     1.795294 
59368.315141 0.000000 0.000000    -6.326792     1.800288 
59368.369959 0.000000 0.000000    -6.309954     1.805231 
59368.424778 0.000000 0.000000    -6.293438     1.810126 
59368.479596 0.000000 0.000000    -6.277244     1.814970 
59368.534414 0.000000 0.000000    -6.261374     1.819766 
59368.589233 0.000000 0.000000    -6.245827     1.824512 
59368.644051 0.000000 0.000000    -6.230601     1.829208 
59368.698870 0.000000 0.000000    -6.215695     1.833856 
59368.753688 0.000000 0.000000    -6.201106     1.838454 
59368.808507 0.000000 0.000000    -6.186832     1.843003 
59368.863325 0.000000 0.000000    -6.172868     1.847502 
59368.918143 0.000000 0.000000    -6.159210     1.851953 
59368.972962 0.000000 0.000000    -6.145853     1.856354 
59369.027780 0.000000 0.000000    -6.132791     1.860707 
59369.082599 0.000000 0.000000    -6.120018     1.865011 
59369.137417 0.000000 0.000000    -6.107527     1.869266 
59369.192236 0.000000 0.000000    -6.095310     1.873472 
59369.247054 0.000000 0.000000    -6.083360     1.877630 
59369.301872 0.000000 0.000000    -6.071668     1.881739 
59369.356691 0.000000 0.000000    -6.060225     1.885800 
59369.411509 0.000000 0.000000    -6.049021     1.889812 
59369.466328 0.000000 0.000000    -6.038047     1.893776 
59369.521146 0.000000 0.000000    -6.027292     1.897692 
59369.575965 0.000000 0.000000    -6.016745     1.901560 
59369.630783 0.000000 0.000000    -6.006395     1.905380 
59369.685601 0.000000 0.000000    -5.996230     1.909152 
59369.740420 0.000000 0.000000    -5.986238     1.912876 
59369.795238 0.000000 0.000000    -5.976408     1.916553 
59369.850057 0.000000 0.000000    -5.966725     1.920182 
59369.904875 0.000000 0.000000    -5.957179     1.923764 
59369.959694 0.000000 0.000000    -5.947754     1.927299 
59370.014512 0.000000 0.000000    -5.938438     1.930786 
59370.069330 0.000000 0.000000    -5.929217     1.934226 
59370.124149 0.000000 0.000000    -5.920077     1.937619 
59370.178967 0.000000 0.000000    -5.911005     1.940966 
59370.233786 0.000000 0.000000    -5.901985     1.944265 
59370.288604 0.000000 0.000000    -5.893005     1.947518 
59370.343423 0.000000 0.000000    -5.884048     1.950725 
59370.398241 0.000000 0.000000    -5.875102     1.953885 
59370.453059 0.000000 0.000000    -5.866151     1.956999 
59370.507878 0.000000 0.000000    -5.857182     1.960067 
59370.562696 0.000000 0.000000    -5.848178     1.963089 
59370.617515 0.000000 0.000000    -5.839127     1.966065 
59370.672333 0.000000 0.000000    -5.830014     1.968995 
59370.727151 0.000000 0.000000    -5.820824     1.971879 
59370.781970 0.000000 0.000000    -5.811543     1.974718 
59370.836788 0.000000 0.000000    -5.802157     1.977512 
59370.891607 0.000000 0.000000    -5.792652     1.980260 
59370.946425 0.000000 0.000000    -5.783014     1.982964 
59371.001244 0.000000 0.000000    -5.773231     1.985622 
59371.056062 0.000000 0.000000    -5.763287     1.988235 
59371.110880 0.000000 0.000000    -5.753171     1.990804 
59371.165699 0.000000 0.000000    -5.742870     1.993328 
59371.220517 0.000000 0.000000    -5.732370     1.995807 
59371.275336 0.000000 0.000000    -5.721660     1.998242 
59371.330154 0.000000 0.000000    -5.710728     2.000633 
59371.384973 0.000000 0.000000    -5.699562     2.002980 
59371.439791 0.000000 0.000000    -5.688151     2.005282 
59371.494609 0.000000 0.000000    -5.676484     2.007541 
59371.549428 0.000000 0.000000    -5.664550     2.009757 
59371.604246 0.000000 0.000000    -5.652340     2.011928 
59371.659065 0.000000 0.000000    -5.639844     2.014056 
59371.713883 0.000000 0.000000    -5.627053     2.016141 
59371.768702 0.000000 0.000000    -5.613958     2.018183 
59371.823520 0.000000 0.000000    -5.600551     2.020181 
59371.878338 0.000000 0.000000    -5.586824     2.022137 
59371.933157 0.000000 0.000000    -5.572770     2.024049 
59371.987975 0.000000 0.000000    -5.558382     2.025920 
59372.042794 0.000000 0.000000    -5.543654     2.027747 
59372.097612 0.000000 0.000000    -5.528580     2.029532 
59372.152431 0.000000 0.000000    -5.513156     2.031275 
59372.207249 0.000000 0.000000    -5.497376     2.032976 
59372.262067 0.000000 0.000000    -5.481236     2.034635 
59372.316886 0.000000 0.000000    -5.464733     2.036252 
59372.371704 0.000000 0.000000    -5.447864     2.037827 
59372.426523 0.000000 0.000000    -5.430627     2.039360 
59372.481341 0.000000 0.000000    -5.413020     2.040853 
59372.536160 0.000000 0.000000    -5.395041     2.042303 
59372.590978 0.000000 0.000000    -5.376690     2.043713 
59372.645796 0.000000 0.000000    -5.357967     2.045082 
59372.700615 0.000000 0.000000    -5.338872     2.046409 
59372.755433 0.000000 0.000000    -5.319407     2.047696 
59372.810252 0.000000 0.000000    -5.299573     2.048942 
59372.865070 0.000000 0.000000    -5.279372     2.050148 
59372.919889 0.000000 0.000000    -5.258807     2.051313 
59372.974707 0.000000 0.000000    -5.237881     2.052438 
59373.029525 0.000000 0.000000    -5.216599     2.053523 
59373.084344 0.000000 0.000000    -5.194964     2.054567 
59373.139162 0.000000 0.000000    -5.172981     2.055572 
59373.193981 0.000000 0.000000    -5.150656     2.056538 
59373.248799 0.000000 0.000000    -5.127995     2.057463 
59373.303618 0.000000 0.000000    -5.105004     2.058349 
59373.358436 0.000000 0.000000    -5.081690     2.059196 
59373.413254 0.000000 0.000000    -5.058061     2.060003 
59373.468073 0.000000 0.000000    -5.034124     2.060771 
59373.522891 0.000000 0.000000    -5.009888     2.061500 
59373.577710 0.000000 0.000000    -4.985361     2.062191 
59373.632528 0.000000 0.000000    -4.960553     2.062842 
59373.687347 0.000000 0.000000    -4.935473     2.063455 
59373.742165 0.000000 0.000000    -4.910131     2.064029 
59373.796983 0.000000 0.000000    -4.884537     2.064565 
59373.851802 0.000000 0.000000    -4.858702     2.065063 
59373.906620 0.000000 0.000000    -4.832638     2.065522 
59373.961439 0.000000 0.000000    -4.806354     2.065943 
59374.016257 0.000000 0.000000    -4.779863     2.066327 
59374.071076 0.000000 0.000000    -4.753177     2.066672 
59374.125894 0.000000 0.000000     0.000000          nan 
