# time Tc_folded Tref_folded model 
59318.211098 0.000000 0.000000    -5.063460
59318.265916 0.000000 0.000000    -5.050875
59318.320735 0.000000 0.000000    -5.038300
59318.375553 0.000000 0.000000    -5.025734
59318.430372 0.000000 0.000000    -5.013178
59318.485190 0.000000 0.000000    -5.000631
59318.540009 0.000000 0.000000    -4.988094
59318.594827 0.000000 0.000000    -4.975567
59318.649645 0.000000 0.000000    -4.963049
59318.704464 0.000000 0.000000    -4.950541
59318.759282 0.000000 0.000000    -4.938043
59318.814101 0.000000 0.000000    -4.925554
59318.868919 0.000000 0.000000    -4.913074
59318.923738 0.000000 0.000000    -4.900604
59318.978556 0.000000 0.000000    -4.888144
59319.033374 0.000000 0.000000    -4.875694
59319.088193 0.000000 0.000000    -4.863253
59319.143011 0.000000 0.000000    -4.850822
59319.197830 0.000000 0.000000    -4.838400
59319.252648 0.000000 0.000000    -4.825988
59319.307467 0.000000 0.000000    -4.813585
59319.362285 0.000000 0.000000    -4.801192
59319.417103 0.000000 0.000000    -4.788809
59319.471922 0.000000 0.000000    -4.776436
59319.526740 0.000000 0.000000    -4.764071
59319.581559 0.000000 0.000000    -4.751717
59319.636377 0.000000 0.000000    -4.739372
59319.691196 0.000000 0.000000    -4.727037
59319.746014 0.000000 0.000000    -4.714711
59319.800832 0.000000 0.000000    -4.702395
59319.855651 0.000000 0.000000    -4.690089
59319.910469 0.000000 0.000000    -4.677792
59319.965288 0.000000 0.000000    -4.665505
59320.020106 0.000000 0.000000    -4.653227
59320.074925 0.000000 0.000000    -4.640959
59320.129743 0.000000 0.000000    -4.628701
59320.184561 0.000000 0.000000    -4.616452
59320.239380 0.000000 0.000000    -4.604213
59320.294198 0.000000 0.000000    -4.591984
59320.349017 0.000000 0.000000    -4.579764
59320.403835 0.000000 0.000000    -4.567553
59320.458654 0.000000 0.000000    -4.555353
59320.513472 0.000000 0.000000    -4.543161
59320.568290 0.000000 0.000000    -4.530980
59320.623109 0.000000 0.000000    -4.518808
59320.677927 0.000000 0.000000    -4.506646
59320.732746 0.000000 0.000000    -4.494493
59320.787564 0.000000 0.000000    -4.482350
59320.842383 0.000000 0.000000    -4.470217
59320.897201 0.000000 0.000000    -4.458093
59320.952019 0.000000 0.000000    -4.445978
59321.006838 0.000000 0.000000    -4.433874
59321.061656 0.000000 0.000000    -4.421779
59321.116475 0.000000 0.000000    -4.409693
59321.171293 0.000000 0.000000    -4.397618
59321.226112 0.000000 0.000000    -4.385551
59321.280930 0.000000 0.000000    -4.373495
59321.335748 0.000000 0.000000    -4.361448
59321.390567 0.000000 0.000000    -4.349410
59321.445385 0.000000 0.000000    -4.337383
59321.500204 0.000000 0.000000    -4.325364
59321.555022 0.000000 0.000000    -4.313356
59321.609841 0.000000 0.000000    -4.301357
59321.664659 0.000000 0.000000    -4.289368
59321.719477 0.000000 0.000000    -4.277388
59321.774296 0.000000 0.000000    -4.265418
59321.829114 0.000000 0.000000    -4.253457
59321.883933 0.000000 0.000000    -4.241506
59321.938751 0.000000 0.000000    -4.229565
59321.993569 0.000000 0.000000    -4.217633
59322.048388 0.000000 0.000000    -4.205711
59322.103206 0.000000 0.000000    -4.193799
59322.158025 0.000000 0.000000    -4.181896
59322.212843 0.000000 0.000000    -4.170003
59322.267662 0.000000 0.000000    -4.158119
59322.322480 0.000000 0.000000    -4.146245
59322.377298 0.000000 0.000000    -4.134380
59322.432117 0.000000 0.000000    -4.122526
59322.486935 0.000000 0.000000    -4.110680
59322.541754 0.000000 0.000000    -4.098845
59322.596572 0.000000 0.000000    -4.087019
59322.651391 0.000000 0.000000    -4.075202
59322.706209 0.000000 0.000000    -4.063395
59322.761027 0.000000 0.000000    -4.051598
59322.815846 0.000000 0.000000    -4.039811
59322.870664 0.000000 0.000000    -4.028033
59322.925483 0.000000 0.000000    -4.016264
59322.980301 0.000000 0.000000    -4.004506
59323.035120 0.000000 0.000000    -3.992756
59323.089938 0.000000 0.000000    -3.981017
59323.144756 0.000000 0.000000    -3.969287
59323.199575 0.000000 0.000000    -3.957567
59323.254393 0.000000 0.000000    -3.945856
59323.309212 0.000000 0.000000    -3.934155
59323.364030 0.000000 0.000000    -3.922463
59323.418849 0.000000 0.000000    -3.910781
59323.473667 0.000000 0.000000    -3.899109
59323.528485 0.000000 0.000000    -3.887446
59323.583304 0.000000 0.000000    -3.875793
59323.638122 0.000000 0.000000    -3.864150
59323.692941 0.000000 0.000000    -3.852516
59323.747759 0.000000 0.000000    -3.840892
59323.802578 0.000000 0.000000    -3.829277
59323.857396 0.000000 0.000000    -3.817672
59323.912214 0.000000 0.000000    -3.806077
59323.967033 0.000000 0.000000    -3.794491
59324.021851 0.000000 0.000000    -3.782915
59324.076670 0.000000 0.000000    -3.771348
59324.131488 0.000000 0.000000    -3.759791
59324.186307 0.000000 0.000000    -3.748244
59324.241125 0.000000 0.000000    -3.736706
59324.295943 0.000000 0.000000    -3.725178
59324.350762 0.000000 0.000000    -3.713659
59324.405580 0.000000 0.000000    -3.702150
59324.460399 0.000000 0.000000    -3.690651
59324.515217 0.000000 0.000000    -3.679161
59324.570036 0.000000 0.000000    -3.667681
59324.624854 0.000000 0.000000    -3.656210
59324.679672 0.000000 0.000000    -3.644750
59324.734491 0.000000 0.000000    -3.633298
59324.789309 0.000000 0.000000    -3.621857
59324.844128 0.000000 0.000000    -3.610424
59324.898946 0.000000 0.000000    -3.599002
59324.953765 0.000000 0.000000    -3.587589
59325.008583 0.000000 0.000000    -3.576186
59325.063401 0.000000 0.000000    -3.564792
59325.118220 0.000000 0.000000    -3.553408
59325.173038 0.000000 0.000000    -3.542034
59325.227857 0.000000 0.000000    -3.530669
59325.282675 0.000000 0.000000    -3.519314
59325.337494 0.000000 0.000000    -3.507968
59325.392312 0.000000 0.000000    -3.496632
59325.447130 0.000000 0.000000    -3.485306
59325.501949 0.000000 0.000000    -3.473989
59325.556767 0.000000 0.000000    -3.462682
59325.611586 0.000000 0.000000    -3.451384
59325.666404 0.000000 0.000000    -3.440096
59325.721223 0.000000 0.000000    -3.428818
59325.776041 0.000000 0.000000    -3.417549
59325.830859 0.000000 0.000000    -3.406290
59325.885678 0.000000 0.000000    -3.395040
59325.940496 0.000000 0.000000    -3.383800
59325.995315 0.000000 0.000000    -3.372570
59326.050133 0.000000 0.000000    -3.361349
59326.104952 0.000000 0.000000    -3.350138
59326.159770 0.000000 0.000000    -3.338937
59326.214588 0.000000 0.000000    -3.327745
59326.269407 0.000000 0.000000    -3.316562
59326.324225 0.000000 0.000000    -3.305390
59326.379044 0.000000 0.000000    -3.294227
59326.433862 0.000000 0.000000    -3.283073
59326.488681 0.000000 0.000000    -3.271929
59326.543499 0.000000 0.000000    -3.260795
59326.598317 0.000000 0.000000    -3.249670
59326.653136 0.000000 0.000000    -3.238555
59326.707954 0.000000 0.000000    -3.227450
59326.762773 0.000000 0.000000    -3.216354
59326.817591 0.000000 0.000000    -3.205268
59326.872410 0.000000 0.000000    -3.194191
59326.927228 0.000000 0.000000    -3.183124
59326.982046 0.000000 0.000000    -3.172067
59327.036865 0.000000 0.000000    -3.161019
59327.091683 0.000000 0.000000    -3.149981
59327.146502 0.000000 0.000000    -3.138952
59327.201320 0.000000 0.000000    -3.127933
59327.256139 0.000000 0.000000    -3.116924
59327.310957 0.000000 0.000000    -3.105924
59327.365775 0.000000 0.000000    -3.094934
59327.420594 0.000000 0.000000    -3.083954
59327.475412 0.000000 0.000000    -3.072983
59327.530231 0.000000 0.000000    -3.062021
59327.585049 0.000000 0.000000    -3.051070
59327.639868 0.000000 0.000000    -3.040128
59327.694686 0.000000 0.000000    -3.029195
59327.749504 0.000000 0.000000    -3.018272
59327.804323 0.000000 0.000000    -3.007359
59327.859141 0.000000 0.000000    -2.996455
59327.913960 0.000000 0.000000    -2.985561
59327.968778 0.000000 0.000000    -2.974677
59328.023597 0.000000 0.000000    -2.963802
59328.078415 0.000000 0.000000    -2.952937
59328.133233 0.000000 0.000000    -2.942081
59328.188052 0.000000 0.000000    -2.931235
59328.242870 0.000000 0.000000    -2.920399
59328.297689 0.000000 0.000000    -2.909572
59328.352507 0.000000 0.000000    -2.898755
59328.407326 0.000000 0.000000    -2.887947
59328.462144 0.000000 0.000000    -2.877149
59328.516962 0.000000 0.000000    -2.866361
59328.571781 0.000000 0.000000    -2.855582
59328.626599 0.000000 0.000000    -2.844813
59328.681418 0.000000 0.000000    -2.834053
59328.736236 0.000000 0.000000    -2.823303
59328.791054 0.000000 0.000000    -2.812563
59328.845873 0.000000 0.000000    -2.801832
59328.900691 0.000000 0.000000    -2.791111
59328.955510 0.000000 0.000000    -2.780400
59329.010328 0.000000 0.000000    -2.769698
59329.065147 0.000000 0.000000    -2.759006
59329.119965 0.000000 0.000000    -2.748323
59329.174783 0.000000 0.000000    -2.737650
59329.229602 0.000000 0.000000    -2.726986
59329.284420 0.000000 0.000000    -2.716333
59329.339239 0.000000 0.000000    -2.705688
59329.394057 0.000000 0.000000    -2.695054
59329.448876 0.000000 0.000000    -2.684429
59329.503694 0.000000 0.000000    -2.673813
59329.558512 0.000000 0.000000    -2.663207
59329.613331 0.000000 0.000000    -2.652611
59329.668149 0.000000 0.000000    -2.642025
59329.722968 0.000000 0.000000    -2.631448
59329.777786 0.000000 0.000000    -2.620880
59329.832605 0.000000 0.000000    -2.610322
59329.887423 0.000000 0.000000    -2.599774
59329.942241 0.000000 0.000000    -2.589236
59329.997060 0.000000 0.000000    -2.578707
59330.051878 0.000000 0.000000    -2.568187
59330.106697 0.000000 0.000000    -2.557678
59330.161515 0.000000 0.000000    -2.547177
59330.216334 0.000000 0.000000    -2.536687
59330.271152 0.000000 0.000000    -2.526206
59330.325970 0.000000 0.000000    -2.515735
59330.380789 0.000000 0.000000    -2.505273
59330.435607 0.000000 0.000000    -2.494821
59330.490426 0.000000 0.000000    -2.484378
59330.545244 0.000000 0.000000    -2.473946
59330.600063 0.000000 0.000000    -2.463522
59330.654881 0.000000 0.000000    -2.453109
59330.709699 0.000000 0.000000    -2.442705
59330.764518 0.000000 0.000000    -2.432310
59330.819336 0.000000 0.000000    -2.421925
59330.874155 0.000000 0.000000    -2.411550
59330.928973 0.000000 0.000000    -2.401184
59330.983792 0.000000 0.000000    -2.390828
59331.038610 0.000000 0.000000    -2.380482
59331.093428 0.000000 0.000000    -2.370145
59331.148247 0.000000 0.000000    -2.359818
59331.203065 0.000000 0.000000    -2.349500
59331.257884 0.000000 0.000000    -2.339192
59331.312702 0.000000 0.000000    -2.328894
59331.367521 0.000000 0.000000    -2.318605
59331.422339 0.000000 0.000000    -2.308326
59331.477157 0.000000 0.000000    -2.298057
59331.531976 0.000000 0.000000    -2.287797
59331.586794 0.000000 0.000000    -2.277546
59331.641613 0.000000 0.000000    -2.267306
59331.696431 0.000000 0.000000    -2.257074
59331.751250 0.000000 0.000000    -2.246853
59331.806068 0.000000 0.000000    -2.236641
59331.860886 0.000000 0.000000    -2.226439
59331.915705 0.000000 0.000000    -2.216246
59331.970523 0.000000 0.000000    -2.206063
59332.025342 0.000000 0.000000    -2.195890
59332.080160 0.000000 0.000000    -2.185726
59332.134979 0.000000 0.000000    -2.175571
59332.189797 0.000000 0.000000    -2.165427
59332.244615 0.000000 0.000000    -2.155292
59332.299434 0.000000 0.000000    -2.145166
59332.354252 0.000000 0.000000    -2.135050
59332.409071 0.000000 0.000000    -2.124944
59332.463889 0.000000 0.000000    -2.114848
59332.518708 0.000000 0.000000    -2.104761
59332.573526 0.000000 0.000000    -2.094683
59332.628344 0.000000 0.000000    -2.084615
59332.683163 0.000000 0.000000    -2.074557
59332.737981 0.000000 0.000000    -2.064509
59332.792800 0.000000 0.000000    -2.054470
59332.847618 0.000000 0.000000    -2.044440
59332.902437 0.000000 0.000000    -2.034421
59332.957255 0.000000 0.000000    -2.024411
59333.012073 0.000000 0.000000    -2.014410
59333.066892 0.000000 0.000000    -2.004419
59333.121710 0.000000 0.000000    -1.994438
59333.176529 0.000000 0.000000    -1.984466
59333.231347 0.000000 0.000000    -1.974504
59333.286166 0.000000 0.000000    -1.964552
59333.340984 0.000000 0.000000    -1.954609
59333.395802 0.000000 0.000000    -1.944675
59333.450621 0.000000 0.000000    -1.934752
59333.505439 0.000000 0.000000    -1.924838
59333.560258 0.000000 0.000000    -1.914933
59333.615076 0.000000 0.000000    -1.905038
59333.669895 0.000000 0.000000    -1.895153
59333.724713 0.000000 0.000000    -1.885277
59333.779531 0.000000 0.000000    -1.875411
59333.834350 0.000000 0.000000    -1.865555
59333.889168 0.000000 0.000000    -1.855708
59333.943987 0.000000 0.000000    -1.845871
59333.998805 0.000000 0.000000    -1.836043
59334.053624 0.000000 0.000000    -1.826226
59334.108442 0.000000 0.000000    -1.816417
59334.163260 0.000000 0.000000    -1.806618
59334.218079 0.000000 0.000000    -1.796829
59334.272897 0.000000 0.000000    -1.787050
59334.327716 0.000000 0.000000    -1.777280
59334.382534 0.000000 0.000000    -1.767519
59334.437353 0.000000 0.000000    -1.757769
59334.492171 0.000000 0.000000    -1.748028
59334.546989 0.000000 0.000000    -1.738296
59334.601808 0.000000 0.000000    -1.728574
59334.656626 0.000000 0.000000    -1.718862
59334.711445 0.000000 0.000000    -1.709159
59334.766263 0.000000 0.000000    -1.699466
59334.821082 0.000000 0.000000    -1.689783
59334.875900 0.000000 0.000000    -1.680109
59334.930718 0.000000 0.000000    -1.670445
59334.985537 0.000000 0.000000    -1.660790
59335.040355 0.000000 0.000000    -1.651145
59335.095174 0.000000 0.000000    -1.641509
59335.149992 0.000000 0.000000    -1.631884
59335.204811 0.000000 0.000000    -1.622267
59335.259629 0.000000 0.000000    -1.612661
59335.314447 0.000000 0.000000    -1.603064
59335.369266 0.000000 0.000000    -1.593476
59335.424084 0.000000 0.000000    -1.583899
59335.478903 0.000000 0.000000    -1.574330
59335.533721 0.000000 0.000000    -1.564772
59335.588540 0.000000 0.000000    -1.555223
59335.643358 0.000000 0.000000    -1.545684
59335.698176 0.000000 0.000000    -1.536154
59335.752995 0.000000 0.000000    -1.526634
59335.807813 0.000000 0.000000    -1.517123
59335.862632 0.000000 0.000000    -1.507622
59335.917450 0.000000 0.000000    -1.498131
59335.972268 0.000000 0.000000    -1.488649
59336.027087 0.000000 0.000000    -1.479177
59336.081905 0.000000 0.000000    -1.469715
59336.136724 0.000000 0.000000    -1.460262
59336.191542 0.000000 0.000000    -1.450818
59336.246361 0.000000 0.000000    -1.441385
59336.301179 0.000000 0.000000    -1.431961
59336.355997 0.000000 0.000000    -1.422546
59336.410816 0.000000 0.000000    -1.413141
59336.465634 0.000000 0.000000    -1.403746
59336.520453 0.000000 0.000000    -1.394361
59336.575271 0.000000 0.000000    -1.384985
59336.630090 0.000000 0.000000    -1.375618
59336.684908 0.000000 0.000000    -1.366261
59336.739726 0.000000 0.000000    -1.356914
59336.794545 0.000000 0.000000    -1.347577
59336.849363 0.000000 0.000000    -1.338249
59336.904182 0.000000 0.000000    -1.328930
59336.959000 0.000000 0.000000    -1.319621
59337.013819 0.000000 0.000000    -1.310322
59337.068637 0.000000 0.000000    -1.301033
59337.123455 0.000000 0.000000    -1.291753
59337.178274 0.000000 0.000000    -1.282482
59337.233092 0.000000 0.000000    -1.273222
59337.287911 0.000000 0.000000    -1.263971
59337.342729 0.000000 0.000000    -1.254729
59337.397548 0.000000 0.000000    -1.245497
59337.452366 0.000000 0.000000    -1.236275
59337.507184 0.000000 0.000000    -1.227062
59337.562003 0.000000 0.000000    -1.217859
59337.616821 0.000000 0.000000    -1.208666
59337.671640 0.000000 0.000000    -1.199482
59337.726458 0.000000 0.000000    -1.190308
59337.781277 0.000000 0.000000    -1.181143
59337.836095 0.000000 0.000000    -1.171988
59337.890913 0.000000 0.000000    -1.162842
59337.945732 0.000000 0.000000    -1.153707
59338.000550 0.000000 0.000000    -1.144580
59338.055369 0.000000 0.000000    -1.135464
59338.110187 0.000000 0.000000    -1.126357
59338.165006 0.000000 0.000000    -1.117259
59338.219824 0.000000 0.000000    -1.108172
59338.274642 0.000000 0.000000    -1.099093
59338.329461 0.000000 0.000000    -1.090025
59338.384279 0.000000 0.000000    -1.080966
59338.439098 0.000000 0.000000    -1.071917
59338.493916 0.000000 0.000000    -1.062877
59338.548735 0.000000 0.000000    -1.053847
59338.603553 0.000000 0.000000    -1.044826
59338.658371 0.000000 0.000000    -1.035815
59338.713190 0.000000 0.000000    -1.026814
59338.768008 0.000000 0.000000    -1.017822
59338.822827 0.000000 0.000000    -1.008840
59338.877645 0.000000 0.000000    -0.999868
59338.932464 0.000000 0.000000    -0.990905
59338.987282 0.000000 0.000000    -0.981951
59339.042100 0.000000 0.000000    -0.973008
59339.096919 0.000000 0.000000    -0.964074
59339.151737 0.000000 0.000000    -0.955149
59339.206556 0.000000 0.000000    -0.946234
59339.261374 0.000000 0.000000    -0.937329
59339.316193 0.000000 0.000000    -0.928434
59339.371011 0.000000 0.000000    -0.919548
59339.425829 0.000000 0.000000    -0.910671
59339.480648 0.000000 0.000000    -0.901804
59339.535466 0.000000 0.000000    -0.892947
59339.590285 0.000000 0.000000    -0.884100
59339.645103 0.000000 0.000000    -0.875262
59339.699922 0.000000 0.000000    -0.866433
59339.754740 0.000000 0.000000    -0.857614
59339.809558 0.000000 0.000000    -0.848805
59339.864377 0.000000 0.000000    -0.840006
59339.919195 0.000000 0.000000    -0.831216
59339.974014 0.000000 0.000000    -0.822435
59340.028832 0.000000 0.000000    -0.813665
59340.083651 0.000000 0.000000    -0.804904
59340.138469 0.000000 0.000000    -0.796152
59340.193287 0.000000 0.000000    -0.787410
59340.248106 0.000000 0.000000    -0.778678
59340.302924 0.000000 0.000000    -0.769955
59340.357743 0.000000 0.000000    -0.761242
59340.412561 0.000000 0.000000    -0.752539
59340.467380 0.000000 0.000000    -0.743845
59340.522198 0.000000 0.000000    -0.735161
59340.577016 0.000000 0.000000    -0.726486
59340.631835 0.000000 0.000000    -0.717821
59340.686653 0.000000 0.000000    -0.709165
59340.741472 0.000000 0.000000    -0.700520
59340.796290 0.000000 0.000000    -0.691883
59340.851109 0.000000 0.000000    -0.683257
59340.905927 0.000000 0.000000    -0.674640
59340.960745 0.000000 0.000000    -0.666032
59341.015564 0.000000 0.000000    -0.657435
59341.070382 0.000000 0.000000    -0.648846
59341.125201 0.000000 0.000000    -0.640268
59341.180019 0.000000 0.000000    -0.631699
59341.234838 0.000000 0.000000    -0.623140
59341.289656 0.000000 0.000000    -0.614590
59341.344474 0.000000 0.000000    -0.606050
59341.399293 0.000000 0.000000    -0.597519
59341.454111 0.000000 0.000000    -0.588998
59341.508930 0.000000 0.000000    -0.580487
59341.563748 0.000000 0.000000    -0.571985
59341.618567 0.000000 0.000000    -0.563493
59341.673385 0.000000 0.000000    -0.555011
59341.728203 0.000000 0.000000    -0.546538
59341.783022 0.000000 0.000000    -0.538074
59341.837840 0.000000 0.000000    -0.529621
59341.892659 0.000000 0.000000    -0.521177
59341.947477 0.000000 0.000000    -0.512742
59342.002296 0.000000 0.000000    -0.504317
59342.057114 0.000000 0.000000    -0.495902
59342.111932 0.000000 0.000000    -0.487497
59342.166751 0.000000 0.000000    -0.479100
59342.221569 0.000000 0.000000    -0.470714
59342.276388 0.000000 0.000000    -0.462337
59342.331206 0.000000 0.000000    -0.453970
59342.386025 0.000000 0.000000    -0.445612
59342.440843 0.000000 0.000000    -0.437264
59342.495661 0.000000 0.000000    -0.428926
59342.550480 0.000000 0.000000    -0.420597
59342.605298 0.000000 0.000000    -0.412278
59342.660117 0.000000 0.000000    -0.403969
59342.714935 0.000000 0.000000    -0.395669
59342.769753 0.000000 0.000000    -0.387378
59342.824572 0.000000 0.000000    -0.379098
59342.879390 0.000000 0.000000    -0.370827
59342.934209 0.000000 0.000000    -0.362565
59342.989027 0.000000 0.000000    -0.354313
59343.043846 0.000000 0.000000    -0.346071
59343.098664 0.000000 0.000000    -0.337838
59343.153482 0.000000 0.000000    -0.329615
59343.208301 0.000000 0.000000    -0.321402
59343.263119 0.000000 0.000000    -0.313198
59343.317938 0.000000 0.000000    -0.305003
59343.372756 0.000000 0.000000    -0.296819
59343.427575 0.000000 0.000000    -0.288644
59343.482393 0.000000 0.000000    -0.280478
59343.537211 0.000000 0.000000    -0.272322
59343.592030 0.000000 0.000000    -0.264176
59343.646848 0.000000 0.000000    -0.256040
59343.701667 0.000000 0.000000    -0.247913
59343.756485 0.000000 0.000000    -0.239795
59343.811304 0.000000 0.000000    -0.231687
59343.866122 0.000000 0.000000    -0.223589
59343.920940 0.000000 0.000000    -0.215501
59343.975759 0.000000 0.000000    -0.207422
59344.030577 0.000000 0.000000    -0.199352
59344.085396 0.000000 0.000000    -0.191293
59344.140214 0.000000 0.000000    -0.183243
59344.195033 0.000000 0.000000    -0.175202
59344.249851 0.000000 0.000000    -0.167171
59344.304669 0.000000 0.000000    -0.159150
59344.359488 0.000000 0.000000    -0.151138
59344.414306 0.000000 0.000000    -0.143136
59344.469125 0.000000 0.000000    -0.135143
59344.523943 0.000000 0.000000    -0.127161
59344.578762 0.000000 0.000000    -0.119187
59344.633580 0.000000 0.000000    -0.111224
59344.688398 0.000000 0.000000    -0.103270
59344.743217 0.000000 0.000000    -0.095325
59344.798035 0.000000 0.000000    -0.087390
59344.852854 0.000000 0.000000    -0.079465
59344.907672 0.000000 0.000000    -0.071549
59344.962491 0.000000 0.000000    -0.063643
59345.017309 0.000000 0.000000    -0.055747
59345.072127 0.000000 0.000000    -0.047860
59345.126946 0.000000 0.000000    -0.039983
59345.181764 0.000000 0.000000    -0.032115
59345.236583 0.000000 0.000000    -0.024257
59345.291401 0.000000 0.000000    -0.016409
59345.346220 0.000000 0.000000    -0.008570
59345.401038 0.000000 0.000000    -0.000741
59345.455856 0.000000 0.000000     0.007078
59345.510675 0.000000 0.000000     0.014888
59345.565493 0.000000 0.000000     0.022689
59345.620312 0.000000 0.000000     0.030479
59345.675130 0.000000 0.000000     0.038261
59345.729949 0.000000 0.000000     0.046032
59345.784767 0.000000 0.000000     0.053794
59345.839585 0.000000 0.000000     0.061546
59345.894404 0.000000 0.000000     0.069289
59345.949222 0.000000 0.000000     0.077022
59346.004041 0.000000 0.000000     0.084746
59346.058859 0.000000 0.000000     0.092459
59346.113678 0.000000 0.000000     0.100164
59346.168496 0.000000 0.000000     0.107858
59346.223314 0.000000 0.000000     0.115543
59346.278133 0.000000 0.000000     0.123219
59346.332951 0.000000 0.000000     0.130885
59346.387770 0.000000 0.000000     0.138541
59346.442588 0.000000 0.000000     0.146187
59346.497407 0.000000 0.000000     0.153824
59346.552225 0.000000 0.000000     0.161452
59346.607043 0.000000 0.000000     0.169070
59346.661862 0.000000 0.000000     0.176678
59346.716680 0.000000 0.000000     0.184276
59346.771499 0.000000 0.000000     0.191865
59346.826317 0.000000 0.000000     0.199445
59346.881136 0.000000 0.000000     0.207014
59346.935954 0.000000 0.000000     0.214575
59346.990772 0.000000 0.000000     0.222125
59347.045591 0.000000 0.000000     0.229666
59347.100409 0.000000 0.000000     0.237197
59347.155228 0.000000 0.000000     0.244719
59347.210046 0.000000 0.000000     0.252231
59347.264865 0.000000 0.000000     0.259734
59347.319683 0.000000 0.000000     0.267227
59347.374501 0.000000 0.000000     0.274710
59347.429320 0.000000 0.000000     0.282184
59347.484138 0.000000 0.000000     0.289648
59347.538957 0.000000 0.000000     0.297102
59347.593775 0.000000 0.000000     0.304547
59347.648594 0.000000 0.000000     0.311982
59347.703412 0.000000 0.000000     0.319408
59347.758230 0.000000 0.000000     0.326824
59347.813049 0.000000 0.000000     0.334230
59347.867867 0.000000 0.000000     0.341627
59347.922686 0.000000 0.000000     0.349014
59347.977504 0.000000 0.000000     0.356392
59348.032323 0.000000 0.000000     0.363760
59348.087141 0.000000 0.000000     0.371118
59348.141959 0.000000 0.000000     0.378467
59348.196778 0.000000 0.000000     0.385806
59348.251596 0.000000 0.000000     0.393136
59348.306415 0.000000 0.000000     0.400456
59348.361233 0.000000 0.000000     0.407766
59348.416052 0.000000 0.000000     0.415067
59348.470870 0.000000 0.000000     0.422358
59348.525688 0.000000 0.000000     0.429639
59348.580507 0.000000 0.000000     0.436911
59348.635325 0.000000 0.000000     0.444174
59348.690144 0.000000 0.000000     0.451426
59348.744962 0.000000 0.000000     0.458669
59348.799781 0.000000 0.000000     0.465903
59348.854599 0.000000 0.000000     0.473127
59348.909417 0.000000 0.000000     0.480341
59348.964236 0.000000 0.000000     0.487546
59349.019054 0.000000 0.000000     0.494741
59349.073873 0.000000 0.000000     0.501926
59349.128691 0.000000 0.000000     0.509102
59349.183510 0.000000 0.000000     0.516268
59349.238328 0.000000 0.000000     0.523425
59349.293146 0.000000 0.000000     0.530572
59349.347965 0.000000 0.000000     0.537709
59349.402783 0.000000 0.000000     0.544837
59349.457602 0.000000 0.000000     0.551955
59349.512420 0.000000 0.000000     0.559064
59349.567239 0.000000 0.000000     0.566163
59349.622057 0.000000 0.000000     0.573252
59349.676875 0.000000 0.000000     0.580332
59349.731694 0.000000 0.000000     0.587402
59349.786512 0.000000 0.000000     0.594462
59349.841331 0.000000 0.000000     0.601513
59349.896149 0.000000 0.000000     0.608555
59349.950967 0.000000 0.000000     0.615586
59350.005786 0.000000 0.000000     0.622608
59350.060604 0.000000 0.000000     0.629621
59350.115423 0.000000 0.000000     0.636624
59350.170241 0.000000 0.000000     0.643617
59350.225060 0.000000 0.000000     0.650601
59350.279878 0.000000 0.000000     0.657575
59350.334696 0.000000 0.000000     0.664539
59350.389515 0.000000 0.000000     0.671494
59350.444333 0.000000 0.000000     0.678439
59350.499152 0.000000 0.000000     0.685375
59350.553970 0.000000 0.000000     0.692301
59350.608789 0.000000 0.000000     0.699217
59350.663607 0.000000 0.000000     0.706124
59350.718425 0.000000 0.000000     0.713021
59350.773244 0.000000 0.000000     0.719909
59350.828062 0.000000 0.000000     0.726787
59350.882881 0.000000 0.000000     0.733655
59350.937699 0.000000 0.000000     0.740514
59350.992518 0.000000 0.000000     0.747363
59351.047336 0.000000 0.000000     0.754203
59351.102154 0.000000 0.000000     0.761033
59351.156973 0.000000 0.000000     0.767853
59351.211791 0.000000 0.000000     0.774664
59351.266610 0.000000 0.000000     0.781465
59351.321428 0.000000 0.000000     0.788257
59351.376247 0.000000 0.000000     0.795038
59351.431065 0.000000 0.000000     0.801811
59351.485883 0.000000 0.000000     0.808573
59351.540702 0.000000 0.000000     0.815327
59351.595520 0.000000 0.000000     0.822070
59351.650339 0.000000 0.000000     0.828804
59351.705157 0.000000 0.000000     0.835528
59351.759976 0.000000 0.000000     0.842243
59351.814794 0.000000 0.000000     0.848948
59351.869612 0.000000 0.000000     0.855643
59351.924431 0.000000 0.000000     0.862329
59351.979249 0.000000 0.000000     0.869005
59352.034068 0.000000 0.000000     0.875672
59352.088886 0.000000 0.000000     0.882329
59352.143705 0.000000 0.000000     0.888976
59352.198523 0.000000 0.000000     0.895614
59352.253341 0.000000 0.000000     0.902242
59352.308160 0.000000 0.000000     0.908861
59352.362978 0.000000 0.000000     0.915470
59352.417797 0.000000 0.000000     0.922069
59352.472615 0.000000 0.000000     0.928659
59352.527434 0.000000 0.000000     0.935239
59352.582252 0.000000 0.000000     0.941810
59352.637070 0.000000 0.000000     0.948371
59352.691889 0.000000 0.000000     0.954922
59352.746707 0.000000 0.000000     0.961464
59352.801526 0.000000 0.000000     0.967996
59352.856344 0.000000 0.000000     0.974518
59352.911163 0.000000 0.000000     0.981031
59352.965981 0.000000 0.000000     0.987534
59353.020799 0.000000 0.000000     0.994028
59353.075618 0.000000 0.000000     1.000512
59353.130436 0.000000 0.000000     1.006987
59353.185255 0.000000 0.000000     1.013451
59353.240073 0.000000 0.000000     1.019907
59353.294892 0.000000 0.000000     1.026352
59353.349710 0.000000 0.000000     1.032788
59353.404528 0.000000 0.000000     1.039215
59353.459347 0.000000 0.000000     1.045632
59353.514165 0.000000 0.000000     1.052039
59353.568984 0.000000 0.000000     1.058436
59353.623802 0.000000 0.000000     1.064824
59353.678621 0.000000 0.000000     1.071203
59353.733439 0.000000 0.000000     1.077571
59353.788257 0.000000 0.000000     1.083931
59353.843076 0.000000 0.000000     1.090280
59353.897894 0.000000 0.000000     1.096620
59353.952713 0.000000 0.000000     1.102950
59354.007531 0.000000 0.000000     1.109271
59354.062350 0.000000 0.000000     1.115582
59354.117168 0.000000 0.000000     1.121884
59354.171986 0.000000 0.000000     1.128176
59354.226805 0.000000 0.000000     1.134458
59354.281623 0.000000 0.000000     1.140731
59354.336442 0.000000 0.000000     1.146994
59354.391260 0.000000 0.000000     1.153247
59354.446079 0.000000 0.000000     1.159491
59354.500897 0.000000 0.000000     1.165725
59354.555715 0.000000 0.000000     1.171950
59354.610534 0.000000 0.000000     1.178165
59354.665352 0.000000 0.000000     1.184371
59354.720171 0.000000 0.000000     1.190566
59354.774989 0.000000 0.000000     1.196753
59354.829808 0.000000 0.000000     1.202929
59354.884626 0.000000 0.000000     1.209096
59354.939444 0.000000 0.000000     1.215254
59354.994263 0.000000 0.000000     1.221401
59355.049081 0.000000 0.000000     1.227540
59355.103900 0.000000 0.000000     1.233668
59355.158718 0.000000 0.000000     1.239787
59355.213537 0.000000 0.000000     1.245897
59355.268355 0.000000 0.000000     1.251996
59355.323173 0.000000 0.000000     1.258086
59355.377992 0.000000 0.000000     1.264167
59355.432810 0.000000 0.000000     1.270238
59355.487629 0.000000 0.000000     1.276299
59355.542447 0.000000 0.000000     1.282351
59355.597266 0.000000 0.000000     1.288393
59355.652084 0.000000 0.000000     1.294426
59355.706902 0.000000 0.000000     1.300448
59355.761721 0.000000 0.000000     1.306462
59355.816539 0.000000 0.000000     1.312465
59355.871358 0.000000 0.000000     1.318459
59355.926176 0.000000 0.000000     1.324444
59355.980995 0.000000 0.000000     1.330419
59356.035813 0.000000 0.000000     1.336384
59356.090631 0.000000 0.000000     1.342340
59356.145450 0.000000 0.000000     1.348286
59356.200268 0.000000 0.000000     1.354222
59356.255087 0.000000 0.000000     1.360149
59356.309905 0.000000 0.000000     1.366066
59356.364724 0.000000 0.000000     1.371974
59356.419542 0.000000 0.000000     1.377872
59356.474360 0.000000 0.000000     1.383760
59356.529179 0.000000 0.000000     1.389639
59356.583997 0.000000 0.000000     1.395508
59356.638816 0.000000 0.000000     1.401368
59356.693634 0.000000 0.000000     1.407217
59356.748452 0.000000 0.000000     1.413058
59356.803271 0.000000 0.000000     1.418889
59356.858089 0.000000 0.000000     1.424710
59356.912908 0.000000 0.000000     1.430521
59356.967726 0.000000 0.000000     1.436323
59357.022545 0.000000 0.000000     1.442115
59357.077363 0.000000 0.000000     1.447898
59357.132181 0.000000 0.000000     1.453671
59357.187000 0.000000 0.000000     1.459435
59357.241818 0.000000 0.000000     1.465189
59357.296637 0.000000 0.000000     1.470933
59357.351455 0.000000 0.000000     1.476667
59357.406274 0.000000 0.000000     1.482392
59357.461092 0.000000 0.000000     1.488108
59357.515910 0.000000 0.000000     1.493814
59357.570729 0.000000 0.000000     1.499510
59357.625547 0.000000 0.000000     1.505197
59357.680366 0.000000 0.000000     1.510874
59357.735184 0.000000 0.000000     1.516541
59357.790003 0.000000 0.000000     1.522199
59357.844821 0.000000 0.000000     1.527847
59357.899639 0.000000 0.000000     1.533486
59357.954458 0.000000 0.000000     1.539115
59358.009276 0.000000 0.000000     1.544734
59358.064095 0.000000 0.000000     1.550344
59358.118913 0.000000 0.000000     1.555944
59358.173732 0.000000 0.000000     1.561534
59358.228550 0.000000 0.000000     1.567115
59358.283368 0.000000 0.000000     1.572687
59358.338187 0.000000 0.000000     1.578248
59358.393005 0.000000 0.000000     1.583800
59358.447824 0.000000 0.000000     1.589343
59358.502642 0.000000 0.000000     1.594876
59358.557461 0.000000 0.000000     1.600399
59358.612279 0.000000 0.000000     1.605913
59358.667097 0.000000 0.000000     1.611417
59358.721916 0.000000 0.000000     1.616911
59358.776734 0.000000 0.000000     1.622396
59358.831553 0.000000 0.000000     1.627871
59358.886371 0.000000 0.000000     1.633337
59358.941190 0.000000 0.000000     1.638793
59358.996008 0.000000 0.000000     1.644239
59359.050826 0.000000 0.000000     1.649676
59359.105645 0.000000 0.000000     1.655103
59359.160463 0.000000 0.000000     1.660521
59359.215282 0.000000 0.000000     1.665929
59359.270100 0.000000 0.000000     1.671327
59359.324919 0.000000 0.000000     1.676716
59359.379737 0.000000 0.000000     1.682095
59359.434555 0.000000 0.000000     1.687465
59359.489374 0.000000 0.000000     1.692825
59359.544192 0.000000 0.000000     1.698175
59359.599011 0.000000 0.000000     1.703516
59359.653829 0.000000 0.000000     1.708847
59359.708648 0.000000 0.000000     1.714169
59359.763466 0.000000 0.000000     1.719481
59359.818284 0.000000 0.000000     1.724783
59359.873103 0.000000 0.000000     1.730076
59359.927921 0.000000 0.000000     1.735359
59359.982740 0.000000 0.000000     1.740632
59360.037558 0.000000 0.000000     1.745896
59360.092377 0.000000 0.000000     1.751150
59360.147195 0.000000 0.000000     1.756395
59360.202013 0.000000 0.000000     1.761630
59360.256832 0.000000 0.000000     1.766855
59360.311650 0.000000 0.000000     1.772071
59360.366469 0.000000 0.000000     1.777277
59360.421287 0.000000 0.000000     1.782474
59360.476106 0.000000 0.000000     1.787661
59360.530924 0.000000 0.000000     1.792838
59360.585742 0.000000 0.000000     1.798006
59360.640561 0.000000 0.000000     1.803164
59360.695379 0.000000 0.000000     1.808313
59360.750198 0.000000 0.000000     1.813452
59360.805016 0.000000 0.000000     1.818581
59360.859835 0.000000 0.000000     1.823701
59360.914653 0.000000 0.000000     1.828811
59360.969471 0.000000 0.000000     1.833912
59361.024290 0.000000 0.000000     1.839003
59361.079108 0.000000 0.000000     1.844084
59361.133927 0.000000 0.000000     1.849156
59361.188745 0.000000 0.000000     1.854218
59361.243564 0.000000 0.000000     1.859270
59361.298382 0.000000 0.000000     1.864313
59361.353200 0.000000 0.000000     1.869347
59361.408019 0.000000 0.000000     1.874370
59361.462837 0.000000 0.000000     1.879384
59361.517656 0.000000 0.000000     1.884389
59361.572474 0.000000 0.000000     1.889384
59361.627293 0.000000 0.000000     1.894369
59361.682111 0.000000 0.000000     1.899344
59361.736929 0.000000 0.000000     1.904310
59361.791748 0.000000 0.000000     1.909267
59361.846566 0.000000 0.000000     1.914214
59361.901385 0.000000 0.000000     1.919151
59361.956203 0.000000 0.000000     1.924079
59362.011022 0.000000 0.000000     1.928996
59362.065840 0.000000 0.000000     1.933905
59362.120658 0.000000 0.000000     1.938804
59362.175477 0.000000 0.000000     1.943693
59362.230295 0.000000 0.000000     1.948572
59362.285114 0.000000 0.000000     1.953442
59362.339932 0.000000 0.000000     1.958303
59362.394751 0.000000 0.000000     1.963153
59362.449569 0.000000 0.000000     1.967995
59362.504387 0.000000 0.000000     1.972826
59362.559206 0.000000 0.000000     1.977648
59362.614024 0.000000 0.000000     1.982460
59362.668843 0.000000 0.000000     1.987263
59362.723661 0.000000 0.000000     1.992056
59362.778480 0.000000 0.000000     1.996840
59362.833298 0.000000 0.000000     2.001613
59362.888116 0.000000 0.000000     2.006378
59362.942935 0.000000 0.000000     2.011132
59362.997753 0.000000 0.000000     2.015877
59363.052572 0.000000 0.000000     2.020613
59363.107390 0.000000 0.000000     2.025339
59363.162209 0.000000 0.000000     2.030055
59363.217027 0.000000 0.000000     2.034761
59363.271845 0.000000 0.000000     2.039459
59363.326664 0.000000 0.000000     2.044146
59363.381482 0.000000 0.000000     2.048824
59363.436301 0.000000 0.000000     2.053492
59363.491119 0.000000 0.000000     2.058150
59363.545938 0.000000 0.000000     2.062799
59363.600756 0.000000 0.000000     2.067439
59363.655574 0.000000 0.000000     2.072069
59363.710393 0.000000 0.000000     2.076689
59363.765211 0.000000 0.000000     2.081299
59363.820030 0.000000 0.000000     2.085900
59363.874848 0.000000 0.000000     2.090492
59363.929666 0.000000 0.000000     2.095073
59363.984485 0.000000 0.000000     2.099645
59364.039303 0.000000 0.000000     2.104208
59364.094122 0.000000 0.000000     2.108761
59364.148940 0.000000 0.000000     2.113304
59364.203759 0.000000 0.000000     2.117838
59364.258577 0.000000 0.000000     2.122362
59364.313395 0.000000 0.000000     2.126876
59364.368214 0.000000 0.000000     2.131381
59364.423032 0.000000 0.000000     2.135876
59364.477851 0.000000 0.000000     2.140362
59364.532669 0.000000 0.000000     2.144838
59364.587488 0.000000 0.000000     2.149304
59364.642306 0.000000 0.000000     2.153761
59364.697124 0.000000 0.000000     2.158208
59364.751943 0.000000 0.000000     2.162646
59364.806761 0.000000 0.000000     2.167074
59364.861580 0.000000 0.000000     2.171492
59364.916398 0.000000 0.000000     2.175901
59364.971217 0.000000 0.000000     2.180300
59365.026035 0.000000 0.000000     2.184690
59365.080853 0.000000 0.000000     2.189070
59365.135672 0.000000 0.000000     2.193440
59365.190490 0.000000 0.000000     2.197801
59365.245309 0.000000 0.000000     2.202152
59365.300127 0.000000 0.000000     2.206494
59365.354946 0.000000 0.000000     2.210825
59365.409764 0.000000 0.000000     2.215148
59365.464582 0.000000 0.000000     2.219460
59365.519401 0.000000 0.000000     2.223764
59365.574219 0.000000 0.000000     2.228057
59365.629038 0.000000 0.000000     2.232341
59365.683856 0.000000 0.000000     2.236615
59365.738675 0.000000 0.000000     2.240880
59365.793493 0.000000 0.000000     2.245135
59365.848311 0.000000 0.000000     2.249380
59365.903130 0.000000 0.000000     2.253616
59365.957948 0.000000 0.000000     2.257842
59366.012767 0.000000 0.000000     2.262059
59366.067585 0.000000 0.000000     2.266266
59366.122404 0.000000 0.000000     2.270463
59366.177222 0.000000 0.000000     2.274651
59366.232040 0.000000 0.000000     2.278829
59366.286859 0.000000 0.000000     2.282998
59366.341677 0.000000 0.000000     2.287157
59366.396496 0.000000 0.000000     2.291306
59366.451314 0.000000 0.000000     2.295446
59366.506133 0.000000 0.000000     2.299576
59366.560951 0.000000 0.000000     2.303697
59366.615769 0.000000 0.000000     2.307808
59366.670588 0.000000 0.000000     2.311909
59366.725406 0.000000 0.000000     2.316001
59366.780225 0.000000 0.000000     2.320083
59366.835043 0.000000 0.000000     2.324155
59366.889862 0.000000 0.000000     2.328218
59366.944680 0.000000 0.000000     2.332272
59366.999498 0.000000 0.000000     2.336315
59367.054317 0.000000 0.000000     2.340349
59367.109135 0.000000 0.000000     2.344374
59367.163954 0.000000 0.000000     2.348389
59367.218772 0.000000 0.000000     2.352394
59367.273591 0.000000 0.000000     2.356390
59367.328409 0.000000 0.000000     2.360376
59367.383227 0.000000 0.000000     2.364352
59367.438046 0.000000 0.000000     2.368319
59367.492864 0.000000 0.000000     2.372276
59367.547683 0.000000 0.000000     2.376224
59367.602501 0.000000 0.000000     2.380162
59367.657320 0.000000 0.000000     2.384090
59367.712138 0.000000 0.000000     2.388009
59367.766956 0.000000 0.000000     2.391918
59367.821775 0.000000 0.000000     2.395817
59367.876593 0.000000 0.000000     2.399707
59367.931412 0.000000 0.000000     2.403588
59367.986230 0.000000 0.000000     2.407459
59368.041049 0.000000 0.000000     2.411320
59368.095867 0.000000 0.000000     2.415171
59368.150685 0.000000 0.000000     2.419013
59368.205504 0.000000 0.000000     2.422845
59368.260322 0.000000 0.000000     2.426668
59368.315141 0.000000 0.000000     2.430481
59368.369959 0.000000 0.000000     2.434285
59368.424778 0.000000 0.000000     2.438079
59368.479596 0.000000 0.000000     2.441863
59368.534414 0.000000 0.000000     2.445637
59368.589233 0.000000 0.000000     2.449402
59368.644051 0.000000 0.000000     2.453158
59368.698870 0.000000 0.000000     2.456904
59368.753688 0.000000 0.000000     2.460640
59368.808507 0.000000 0.000000     2.464367
59368.863325 0.000000 0.000000     2.468084
59368.918143 0.000000 0.000000     2.471791
59368.972962 0.000000 0.000000     2.475489
59369.027780 0.000000 0.000000     2.479177
59369.082599 0.000000 0.000000     2.482856
59369.137417 0.000000 0.000000     2.486525
59369.192236 0.000000 0.000000     2.490184
59369.247054 0.000000 0.000000     2.493834
59369.301872 0.000000 0.000000     2.497474
59369.356691 0.000000 0.000000     2.501104
59369.411509 0.000000 0.000000     2.504725
59369.466328 0.000000 0.000000     2.508337
59369.521146 0.000000 0.000000     2.511938
59369.575965 0.000000 0.000000     2.515530
59369.630783 0.000000 0.000000     2.519113
59369.685601 0.000000 0.000000     2.522686
59369.740420 0.000000 0.000000     2.526249
59369.795238 0.000000 0.000000     2.529803
59369.850057 0.000000 0.000000     2.533347
59369.904875 0.000000 0.000000     2.536881
59369.959694 0.000000 0.000000     2.540406
59370.014512 0.000000 0.000000     2.543921
59370.069330 0.000000 0.000000     2.547427
59370.124149 0.000000 0.000000     2.550923
59370.178967 0.000000 0.000000     2.554410
59370.233786 0.000000 0.000000     2.557886
59370.288604 0.000000 0.000000     2.561354
59370.343423 0.000000 0.000000     2.564811
59370.398241 0.000000 0.000000     2.568259
59370.453059 0.000000 0.000000     2.571698
59370.507878 0.000000 0.000000     2.575126
59370.562696 0.000000 0.000000     2.578546
59370.617515 0.000000 0.000000     2.581955
59370.672333 0.000000 0.000000     2.585355
59370.727151 0.000000 0.000000     2.588745
59370.781970 0.000000 0.000000     2.592126
59370.836788 0.000000 0.000000     2.595497
59370.891607 0.000000 0.000000     2.598859
59370.946425 0.000000 0.000000     2.602211
59371.001244 0.000000 0.000000     2.605553
59371.056062 0.000000 0.000000     2.608886
59371.110880 0.000000 0.000000     2.612209
59371.165699 0.000000 0.000000     2.615522
59371.220517 0.000000 0.000000     2.618826
59371.275336 0.000000 0.000000     2.622120
59371.330154 0.000000 0.000000     2.625405
59371.384973 0.000000 0.000000     2.628680
59371.439791 0.000000 0.000000     2.631946
59371.494609 0.000000 0.000000     2.635201
59371.549428 0.000000 0.000000     2.638448
59371.604246 0.000000 0.000000     2.641684
59371.659065 0.000000 0.000000     2.644911
59371.713883 0.000000 0.000000     2.648129
59371.768702 0.000000 0.000000     2.651336
59371.823520 0.000000 0.000000     2.654535
59371.878338 0.000000 0.000000     2.657723
59371.933157 0.000000 0.000000     2.660902
59371.987975 0.000000 0.000000     2.664072
59372.042794 0.000000 0.000000     2.667231
59372.097612 0.000000 0.000000     2.670382
59372.152431 0.000000 0.000000     2.673522
59372.207249 0.000000 0.000000     2.676653
59372.262067 0.000000 0.000000     2.679774
59372.316886 0.000000 0.000000     2.682886
59372.371704 0.000000 0.000000     2.685988
59372.426523 0.000000 0.000000     2.689081
59372.481341 0.000000 0.000000     2.692164
59372.536160 0.000000 0.000000     2.695237
59372.590978 0.000000 0.000000     2.698301
59372.645796 0.000000 0.000000     2.701355
59372.700615 0.000000 0.000000     2.704399
59372.755433 0.000000 0.000000     2.707434
59372.810252 0.000000 0.000000     2.710459
59372.865070 0.000000 0.000000     2.713475
59372.919889 0.000000 0.000000     2.716481
59372.974707 0.000000 0.000000     2.719477
59373.029525 0.000000 0.000000     2.722464
59373.084344 0.000000 0.000000     2.725441
59373.139162 0.000000 0.000000     2.728409
59373.193981 0.000000 0.000000     2.731367
59373.248799 0.000000 0.000000     2.734315
59373.303618 0.000000 0.000000     2.737254
59373.358436 0.000000 0.000000     2.740183
59373.413254 0.000000 0.000000     2.743103
59373.468073 0.000000 0.000000     2.746013
59373.522891 0.000000 0.000000     2.748913
59373.577710 0.000000 0.000000     2.751804
59373.632528 0.000000 0.000000     2.754685
59373.687347 0.000000 0.000000     2.757556
59373.742165 0.000000 0.000000     2.760418
59373.796983 0.000000 0.000000     2.763271
59373.851802 0.000000 0.000000     2.766113
59373.906620 0.000000 0.000000     2.768946
59373.961439 0.000000 0.000000     2.771770
59374.016257 0.000000 0.000000     2.774584
59374.071076 0.000000 0.000000     2.777388
59374.125894 0.000000 0.000000     2.780183
