# time model 
59330.128322 3.443916 
59330.181414 3.460695 
59330.234506 3.476018 
59330.287598 3.489862 
59330.340691 3.502202 
59330.393783 3.513015 
59330.446875 3.522280 
59330.499967 3.529977 
59330.553059 3.536090 
59330.606151 3.540600 
59330.659244 3.543493 
59330.712336 3.544757 
59330.765428 3.544378 
59330.818520 3.542349 
59330.871612 3.538659 
59330.924704 3.533302 
59330.977797 3.526274 
59331.030889 3.517572 
59331.083981 3.507192 
59331.137073 3.495137 
59331.190165 3.481407 
59331.243257 3.466005 
59331.296349 3.448938 
59331.349442 3.430212 
59331.402534 3.409835 
59331.455626 3.387817 
59331.508718 3.364171 
59331.561810 3.338910 
59331.614902 3.312048 
59331.667995 3.283604 
59331.721087 3.253594 
59331.774179 3.222038 
59331.827271 3.188959 
59331.880363 3.154378 
59331.933455 3.118321 
59331.986547 3.080813 
59332.039640 3.041881 
59332.092732 3.001554 
59332.145824 2.959862 
59332.198916 2.916836 
59332.252008 2.872509 
59332.305100 2.826914 
59332.358193 2.780088 
59332.411285 2.732066 
59332.464377 2.682885 
59332.517469 2.632584 
59332.570561 2.581203 
59332.623653 2.528782 
59332.676746 2.475363 
59332.729838 2.420987 
59332.782930 2.365699 
59332.836022 2.309542 
59332.889114 2.252561 
59332.942206 2.194802 
59332.995298 2.136311 
59333.048391 2.077135 
59333.101483 2.017321 
59333.154575 1.956916 
59333.207667 1.895971 
59333.260759 1.834532 
59333.313851 1.772649 
59333.366944 1.710372 
59333.420036 1.647751 
59333.473128 1.584834 
59333.526220 1.521672 
59333.579312 1.458316 
59333.632404 1.394814 
59333.685497 1.331218 
59333.738589 1.267576 
59333.791681 1.203939 
59333.844773 1.140357 
59333.897865 1.076879 
59333.950957 1.013554 
59334.004049 0.950431 
59334.057142 0.887558 
59334.110234 0.824983 
59334.163326 0.762754 
59334.216418 0.700918 
59334.269510 0.639521 
59334.322602 0.578609 
59334.375695 0.518226 
59334.428787 0.458419 
59334.481879 0.399229 
59334.534971 0.340700 
59334.588063 0.282874 
59334.641155 0.225793 
59334.694247 0.169495 
59334.747340 0.114022 
59334.800432 0.059410 
59334.853524 0.005698 
59334.906616 -0.047079 
59334.959708 -0.098885 
59335.012800 -0.149687 
59335.065893 -0.199451 
59335.118985 -0.248145 
59335.172077 -0.295739 
59335.225169 -0.342204 
59335.278261 -0.387512 
59335.331353 -0.431636 
59335.384446 -0.474550 
59335.437538 -0.516230 
59335.490630 -0.556653 
59335.543722 -0.595797 
59335.596814 -0.633643 
59335.649906 -0.670172 
59335.702998 -0.705366 
59335.756091 -0.739208 
59335.809183 -0.771685 
59335.862275 -0.802783 
59335.915367 -0.832490 
59335.968459 -0.860796 
59336.021551 -0.887691 
59336.074644 -0.913168 
59336.127736 -0.937221 
59336.180828 -0.959844 
59336.233920 -0.981035 
59336.287012 -1.000791 
59336.340104 -1.019112 
59336.393197 -1.035999 
59336.446289 -1.051453 
59336.499381 -1.065478 
59336.552473 -1.078080 
59336.605565 -1.089263 
59336.658657 -1.099037 
59336.711749 -1.107408 
59336.764842 -1.114389 
59336.817934 -1.119989 
59336.871026 -1.124223 
59336.924118 -1.127103 
59336.977210 -1.128644 
59337.030302 -1.128864 
59337.083395 -1.127780 
59337.136487 -1.125409 
59337.189579 -1.121773 
59337.242671 -1.116891 
59337.295763 -1.110786 
59337.348855 -1.103480 
59337.401947 -1.094998 
59337.455040 -1.085364 
59337.508132 -1.074604 
59337.561224 -1.062745 
59337.614316 -1.049815 
59337.667408 -1.035842 
59337.720500 -1.020855 
59337.773593 -1.004885 
59337.826685 -0.987962 
59337.879777 -0.970117 
59337.932869 -0.951384 
59337.985961 -0.931794 
59338.039053 -0.911382 
59338.092146 -0.890181 
59338.145238 -0.868225 
59338.198330 -0.845551 
59338.251422 -0.822192 
59338.304514 -0.798185 
59338.357606 -0.773567 
59338.410698 -0.748373 
59338.463791 -0.722641 
59338.516883 -0.696408 
59338.569975 -0.669710 
59338.623067 -0.642586 
59338.676159 -0.615074 
59338.729251 -0.587210 
59338.782344 -0.559033 
59338.835436 -0.530581 
59338.888528 -0.501891 
59338.941620 -0.473001 
59338.994712 -0.443949 
59339.047804 -0.414772 
59339.100897 -0.385507 
59339.153989 -0.356193 
59339.207081 -0.326865 
59339.260173 -0.297560 
59339.313265 -0.268315 
59339.366357 -0.239165 
59339.419449 -0.210147 
59339.472542 -0.181295 
59339.525634 -0.152644 
59339.578726 -0.124228 
59339.631818 -0.096081 
59339.684910 -0.068237 
59339.738002 -0.040727 
59339.791095 -0.013583 
59339.844187 0.013162 
59339.897279 0.039478 
59339.950371 0.065336 
59340.003463 0.090707 
59340.056555 0.115560 
59340.109647 0.139870 
59340.162740 0.163609 
59340.215832 0.186751 
59340.268924 0.209270 
59340.322016 0.231143 
59340.375108 0.252346 
59340.428200 0.272857 
59340.481293 0.292653 
59340.534385 0.311714 
59340.587477 0.330021 
59340.640569 0.347554 
59340.693661 0.364296 
59340.746753 0.380231 
59340.799846 0.395342 
59340.852938 0.409615 
59340.906030 0.423037 
59340.959122 0.435594 
59341.012214 0.447276 
59341.065306 0.458072 
59341.118398 0.467972 
59341.171491 0.476969 
59341.224583 0.485055 
59341.277675 0.492224 
59341.330767 0.498472 
59341.383859 0.503793 
59341.436951 0.508186 
59341.490044 0.511649 
59341.543136 0.514182 
59341.596228 0.515784 
59341.649320 0.516457 
59341.702412 0.516204 
59341.755504 0.515028 
59341.808597 0.512935 
59341.861689 0.509929 
59341.914781 0.506019 
59341.967873 0.501210 
59342.020965 0.495513 
59342.074057 0.488937 
59342.127149 0.481493 
59342.180242 0.473193 
59342.233334 0.464048 
59342.286426 0.454074 
59342.339518 0.443283 
59342.392610 0.431692 
59342.445702 0.419317 
59342.498795 0.406174 
59342.551887 0.392282 
59342.604979 0.377659 
59342.658071 0.362324 
59342.711163 0.346298 
59342.764255 0.329602 
59342.817347 0.312256 
59342.870440 0.294282 
59342.923532 0.275705 
59342.976624 0.256546 
59343.029716 0.236830 
59343.082808 0.216581 
59343.135900 0.195824 
59343.188993 0.174584 
59343.242085 0.152887 
59343.295177 0.130759 
59343.348269 0.108227 
59343.401361 0.085317 
59343.454453 0.062056 
59343.507546 0.038472 
59343.560638 0.014592 
59343.613730 -0.009556 
59343.666822 -0.033945 
59343.719914 -0.058546 
59343.773006 -0.083332 
59343.826098 -0.108274 
59343.879191 -0.133344 
59343.932283 -0.158515 
59343.985375 -0.183758 
59344.038467 -0.209047 
59344.091559 -0.234352 
59344.144651 -0.259647 
59344.197744 -0.284905 
59344.250836 -0.310099 
59344.303928 -0.335201 
59344.357020 -0.360187 
59344.410112 -0.385029 
59344.463204 -0.409702 
59344.516297 -0.434181 
59344.569389 -0.458442 
59344.622481 -0.482460 
59344.675573 -0.506212 
59344.728665 -0.529674 
59344.781757 -0.552824 
59344.834849 -0.575640 
59344.887942 -0.598102 
59344.941034 -0.620188 
59344.994126 -0.641878 
59345.047218 -0.663153 
59345.100310 -0.683995 
59345.153402 -0.704387 
59345.206495 -0.724311 
59345.259587 -0.743751 
59345.312679 -0.762692 
59345.365771 -0.781120 
59345.418863 -0.799020 
59345.471955 -0.816381 
59345.525047 -0.833191 
59345.578140 -0.849438 
59345.631232 -0.865113 
59345.684324 -0.880207 
59345.737416 -0.894711 
59345.790508 -0.908619 
59345.843600 -0.921924 
59345.896693 -0.934620 
59345.949785 -0.946704 
59346.002877 -0.958172 
59346.055969 -0.969022 
59346.109061 -0.979252 
59346.162153 -0.988861 
59346.215246 -0.997851 
59346.268338 -1.006222 
59346.321430 -1.013976 
59346.374522 -1.021117 
59346.427614 -1.027649 
59346.480706 -1.033577 
59346.533798 -1.038907 
59346.586891 -1.043645 
59346.639983 -1.047800 
59346.693075 -1.051379 
59346.746167 -1.054391 
59346.799259 -1.056848 
59346.852351 -1.058759 
59346.905444 -1.060137 
59346.958536 -1.060993 
59347.011628 -1.061341 
59347.064720 -1.061194 
59347.117812 -1.060566 
59347.170904 -1.059474 
59347.223997 -1.057931 
59347.277089 -1.055955 
59347.330181 -1.053561 
59347.383273 -1.050768 
59347.436365 -1.047592 
59347.489457 -1.044052 
59347.542549 -1.040166 
59347.595642 -1.035953 
59347.648734 -1.031432 
59347.701826 -1.026622 
59347.754918 -1.021544 
59347.808010 -1.016216 
59347.861102 -1.010659 
59347.914195 -1.004893 
59347.967287 -0.998939 
59348.020379 -0.992816 
59348.073471 -0.986545 
59348.126563 -0.980146 
59348.179655 -0.973640 
59348.232747 -0.967046 
59348.285840 -0.960385 
59348.338932 -0.953677 
59348.392024 -0.946940 
59348.445116 -0.940194 
59348.498208 -0.933459 
59348.551300 -0.926752 
59348.604393 -0.920093 
59348.657485 -0.913499 
59348.710577 -0.906988 
59348.763669 -0.900576 
59348.816761 -0.894280 
59348.869853 -0.888117 
59348.922946 -0.882100 
59348.976038 -0.876245 
59349.029130 -0.870567 
59349.082222 -0.865078 
59349.135314 -0.859790 
59349.188406 -0.854717 
59349.241498 -0.849869 
59349.294591 -0.845257 
59349.347683 -0.840890 
59349.400775 -0.836777 
59349.453867 -0.832926 
59349.506959 -0.829343 
59349.560051 -0.826036 
59349.613144 -0.823009 
59349.666236 -0.820266 
59349.719328 -0.817811 
59349.772420 -0.815647 
59349.825512 -0.813775 
59349.878604 -0.812195 
59349.931697 -0.810907 
59349.984789 -0.809910 
59350.037881 -0.809201 
59350.090973 -0.808776 
59350.144065 -0.808632 
59350.197157 -0.808762 
59350.250249 -0.809162 
59350.303342 -0.809823 
59350.356434 -0.810737 
59350.409526 -0.811895 
59350.462618 -0.813287 
59350.515710 -0.814901 
59350.568802 -0.816727 
59350.621895 -0.818750 
59350.674987 -0.820958 
59350.728079 -0.823336 
59350.781171 -0.825867 
59350.834263 -0.828537 
59350.887355 -0.831328 
59350.940447 -0.834222 
59350.993540 -0.837201 
59351.046632 -0.840245 
59351.099724 -0.843336 
59351.152816 -0.846452 
59351.205908 -0.849572 
59351.259000 -0.852674 
59351.312093 -0.855737 
59351.365185 -0.858738 
59351.418277 -0.861654 
59351.471369 -0.864461 
59351.524461 -0.867135 
59351.577553 -0.869653 
59351.630646 -0.871989 
59351.683738 -0.874120 
59351.736830 -0.876020 
59351.789922 -0.877664 
59351.843014 -0.879027 
59351.896106 -0.880084 
59351.949198 -0.880810 
59352.002291 -0.881180 
59352.055383 -0.881169 
59352.108475 -0.880752 
59352.161567 -0.879904 
59352.214659 -0.878601 
59352.267751 -0.876818 
59352.320844 -0.874533 
59352.373936 -0.871721 
59352.427028 -0.868361 
59352.480120 -0.864428 
59352.533212 -0.859903 
59352.586304 -0.854762 
59352.639397 -0.848986 
59352.692489 -0.842555 
59352.745581 -0.835449 
59352.798673 -0.827651 
59352.851765 -0.819141 
59352.904857 -0.809905 
59352.957949 -0.799925 
59353.011042 -0.789188 
59353.064134 -0.777678 
59353.117226 -0.765384 
59353.170318 -0.752293 
59353.223410 -0.738394 
59353.276502 -0.723679 
59353.329595 -0.708139 
59353.382687 -0.691767 
59353.435779 -0.674556 
59353.488871 -0.656502 
59353.541963 -0.637603 
59353.595055 -0.617854 
59353.648147 -0.597257 
59353.701240 -0.575812 
59353.754332 -0.553520 
59353.807424 -0.530386 
59353.860516 -0.506413 
59353.913608 -0.481609 
59353.966700 -0.455981 
59354.019793 -0.429539 
59354.072885 -0.402292 
59354.125977 -0.374254 
59354.179069 -0.345437 
59354.232161 -0.315858 
59354.285253 -0.285532 
59354.338346 -0.254477 
59354.391438 -0.222713 
59354.444530 -0.190262 
59354.497622 -0.157144 
59354.550714 -0.123385 
59354.603806 -0.089009 
59354.656898 -0.054044 
59354.709991 -0.018516 
59354.763083 0.017544 
59354.816175 0.054106 
59354.869267 0.091137 
59354.922359 0.128605 
59354.975451 0.166474 
59355.028544 0.204709 
59355.081636 0.243273 
59355.134728 0.282128 
59355.187820 0.321234 
59355.240912 0.360551 
59355.294004 0.400037 
59355.347097 0.439651 
59355.400189 0.479347 
59355.453281 0.519083 
59355.506373 0.558813 
59355.559465 0.598491 
59355.612557 0.638071 
59355.665649 0.677504 
59355.718742 0.716742 
59355.771834 0.755737 
59355.824926 0.794440 
59355.878018 0.832800 
59355.931110 0.870768 
59355.984202 0.908292 
59356.037295 0.945322 
59356.090387 0.981807 
59356.143479 1.017694 
59356.196571 1.052933 
59356.249663 1.087472 
59356.302755 1.121258 
59356.355847 1.154241 
59356.408940 1.186369 
59356.462032 1.217590 
59356.515124 1.247853 
59356.568216 1.277108 
59356.621308 1.305304 
59356.674400 1.332390 
59356.727493 1.358318 
59356.780585 1.383037 
59356.833677 1.406501 
59356.886769 1.428660 
59356.939861 1.449467 
59356.992953 1.468878 
59357.046046 1.486845 
59357.099138 1.503324 
59357.152230 1.518272 
59357.205322 1.531647 
59357.258414 1.543406 
59357.311506 1.553509 
59357.364598 1.561917 
59357.417691 1.568592 
59357.470783 1.573498 
59357.523875 1.576598 
59357.576967 1.577859 
59357.630059 1.577248 
59357.683151 1.574734 
59357.736244 1.570287 
59357.789336 1.563880 
59357.842428 1.555485 
59357.895520 1.545077 
59357.948612 1.532634 
59358.001704 1.518134 
59358.054797 1.501556 
59358.107889 1.482883 
59358.160981 1.462098 
59358.214073 1.439187 
59358.267165 1.414137 
59358.320257 1.386936 
59358.373349 1.357576 
59358.426442 1.326050 
59358.479534 1.292352 
59358.532626 1.256479 
59358.585718 1.218429 
59358.638810 1.178203 
59358.691902 1.135802 
59358.744995 1.091232 
59358.798087 1.044497 
59358.851179 0.995607 
59358.904271 0.944571 
59358.957363 0.891400 
59359.010455 0.836110 
59359.063547 0.778714 
59359.116640 0.719232 
59359.169732 0.657681 
59359.222824 0.594083 
59359.275916 0.528462 
59359.329008 0.460842 
59359.382100 0.391250 
59359.435193 0.319713 
59359.488285 0.246263 
59359.541377 0.170930 
59359.594469 0.093748 
59359.647561 0.014753 
59359.700653 -0.066020 
59359.753746 -0.148532 
59359.806838 -0.232743 
59359.859930 -0.318612 
59359.913022 -0.406096 
59359.966114 -0.495152 
59360.019206 -0.585735 
59360.072298 -0.677796 
59360.125391 -0.771289 
59360.178483 -0.866165 
59360.231575 -0.962373 
59360.284667 -1.059861 
59360.337759 -1.158578 
59360.390851 -1.258469 
59360.443944 -1.359481 
59360.497036 -1.461557 
59360.550128 -1.564643 
59360.603220 -1.668680 
59360.656312 -1.773612 
59360.709404 -1.879379 
59360.762497 -1.985923 
59360.815589 -2.093185 
59360.868681 -2.201104 
59360.921773 -2.309619 
59360.974865 -2.418671 
59361.027957 -2.528198 
59361.081049 -2.638138 
59361.134142 -2.748430 
59361.187234 -2.859012 
59361.240326 -2.969822 
59361.293418 -3.080798 
59361.346510 -3.191879 
59361.399602 -3.303002 
59361.452695 -3.414106 
59361.505787 -3.525130 
59361.558879 -3.636013 
59361.611971 -3.746693 
59361.665063 -3.857110 
59361.718155 -3.967204 
59361.771247 -4.076916 
59361.824340 -4.186186 
59361.877432 -4.294957 
59361.930524 -4.403170 
59361.983616 -4.510768 
59362.036708 -4.617695 
59362.089800 -4.723895 
59362.142893 -4.829314 
59362.195985 -4.933898 
59362.249077 -5.037593 
59362.302169 -5.140349 
59362.355261 -5.242113 
59362.408353 -5.342837 
59362.461446 -5.442470 
59362.514538 -5.540967 
59362.567630 1.000000 
