# time Tc_folded Tref_folded model 
59318.211098 0.545307 0.160033    -2.375445
59318.265916 0.600126 0.179013    -2.456240
59318.320735 0.654944 0.197994    -2.493905
59318.375553 0.709763 0.216974    -2.486170
59318.430372 0.764581 0.235954    -2.432133
59318.485190 0.819399 0.254934    -2.332397
59318.540009 0.874218 0.273915    -2.189098
59318.594827 0.929036 0.292895    -2.005818
59318.649645 0.983855 0.311875    -1.787382
59318.704464 1.038673 0.330855    -1.539581
59318.759282 1.093492 0.349836    -1.268829
59318.814101 1.148310 0.368816    -0.981817
59318.868919 1.203128 0.387796    -0.685189
59318.923738 1.257947 0.406777    -0.385267
59318.978556 1.312765 0.425757    -0.087849
59319.033374 1.367584 0.444737     0.201931
59319.088193 1.422402 0.463717     0.479672
59319.143011 -1.410960 0.482698     0.741713
59319.197830 -1.356142 0.501678     0.985113
59319.252648 -1.301323 0.520658     1.207585
59319.307467 -1.246505 0.539638     1.407425
59319.362285 -1.191686 0.558619     1.583432
59319.417103 -1.136868 0.577599     1.734823
59319.471922 -1.082050 0.596579     1.861157
59319.526740 -1.027231 0.615559     1.962269
59319.581559 -0.972413 0.634540     2.038207
59319.636377 -0.917594 0.653520     2.089186
59319.691196 -0.862776 0.672500     2.115546
59319.746014 -0.807957 0.691480     2.117720
59319.800832 -0.753139 0.710461     2.096214
59319.855651 -0.698321 0.729441     2.051589
59319.910469 -0.643502 0.748421     1.984455
59319.965288 -0.588684 0.767401     1.895468
59320.020106 -0.533865 0.786382     1.785330
59320.074925 -0.479047 0.805362     1.654804
59320.129743 -0.424228 0.824342     1.504723
59320.184561 -0.369410 0.843323     1.336011
59320.239380 -0.314592 0.862303     1.149706
59320.294198 -0.259773 0.881283     0.946992
59320.349017 -0.204955 0.900263     0.729228
59320.403835 -0.150136 0.919244     0.497993
59320.458654 -0.095318 0.938224     0.255121
59320.513472 -0.040499 0.957204     0.002749
59320.568290 0.014319 0.976184    -0.256639
59320.623109 0.069137 0.995165    -0.520173
59320.677927 0.123956 0.014145    -0.784560
59320.732746 0.178774 0.033125    -1.046067
59320.787564 0.233593 0.052105    -1.300516
59320.842383 0.288411 0.071086    -1.543318
59320.897201 0.343230 0.090066    -1.769536
59320.952019 0.398048 0.109046    -1.973995
59321.006838 0.452866 0.128026    -2.151444
59321.061656 0.507685 0.147007    -2.296768
59321.116475 0.562503 0.165987    -2.405246
59321.171293 0.617322 0.184967    -2.472830
59321.226112 0.672140 0.203948    -2.496437
59321.280930 0.726959 0.222928    -2.474205
59321.335748 0.781777 0.241908    -2.405696
59321.390567 0.836595 0.260888    -2.291994
59321.445385 0.891414 0.279869    -2.135704
59321.500204 0.946232 0.298849    -1.940824
59321.555022 1.001051 0.317829    -1.712518
59321.609841 1.055869 0.336809    -1.456807
59321.664659 1.110688 0.355790    -1.180230
59321.719477 1.165506 0.374770    -0.889496
59321.774296 1.220324 0.393750    -0.591176
59321.829114 1.275143 0.412730    -0.291445
59321.883933 1.329961 0.431711     0.004096
59321.938751 1.384780 0.450691     0.290539
59321.993569 1.439598 0.469671     0.563714
59322.048388 -1.393764 0.488651     0.820192
59322.103206 -1.338946 0.507632     1.057244
59322.158025 -1.284127 0.526612     1.272774
59322.212843 -1.229309 0.545592     1.465247
59322.267662 -1.174490 0.564573     1.633599
59322.322480 -1.119672 0.583553     1.777162
59322.377298 -1.064854 0.602533     1.895591
59322.432117 -1.010035 0.621513     1.988792
59322.486935 -0.955217 0.640494     2.056872
59322.541754 -0.900398 0.659474     2.100087
59322.596572 -0.845580 0.678454     2.118809
59322.651391 -0.790761 0.697434     2.113497
59322.706209 -0.735943 0.716415     2.084676
59322.761027 -0.681125 0.735395     2.032923
59322.815846 -0.626306 0.754375     1.958861
59322.870664 -0.571488 0.773355     1.863161
59322.925483 -0.516669 0.792336     1.746543
59322.980301 -0.461851 0.811316     1.609789
59323.035120 -0.407032 0.830296     1.453759
59323.089938 -0.352214 0.849276     1.279410
59323.144756 -0.297396 0.868257     1.087823
59323.199575 -0.242577 0.887237     0.880232
59323.254393 -0.187759 0.906217     0.658062
59323.309212 -0.132940 0.925198     0.422965
59323.364030 -0.078122 0.944178     0.176868
59323.418849 -0.023303 0.963158    -0.077990
59323.473667 0.031515 0.982138    -0.339007
59323.528485 0.086333 0.001119    -0.603184
59323.583304 0.141152 0.020099    -0.867090
59323.638122 0.195970 0.039079    -1.126853
59323.692941 0.250789 0.058059    -1.378161
59323.747759 0.305607 0.077040    -1.616306
59323.802578 0.360426 0.096020    -1.836263
59323.857396 0.415244 0.115000    -2.032812
59323.912214 0.470062 0.133980    -2.200721
59323.967033 0.524881 0.152961    -2.334970
59324.021851 0.579699 0.171941    -2.431016
59324.076670 0.634518 0.190921    -2.485083
59324.131488 0.689336 0.209901    -2.494448
59324.186307 0.744155 0.228882    -2.457676
59324.241125 0.798973 0.247862    -2.374800
59324.295943 0.853791 0.266842    -2.247389
59324.350762 0.908610 0.285822    -2.078503
59324.405580 0.963428 0.304803    -1.872535
59324.460399 1.018247 0.323783    -1.634953
59324.515217 1.073065 0.342763    -1.371978
59324.570036 1.127884 0.361744    -1.090239
59324.624854 1.182702 0.380724    -0.796432
59324.679672 1.237520 0.399704    -0.497028
59324.734491 1.292339 0.418684    -0.198040
59324.789309 1.347157 0.437665     0.095141
59324.844128 1.401976 0.456645     0.377835
59324.898946 -1.431387 0.475625     0.646108
59324.953765 -1.376568 0.494605     0.896754
59325.008583 -1.321750 0.513586     1.127253
59325.063401 -1.266931 0.532566     1.335692
59325.118220 -1.212113 0.551546     1.520692
59325.173038 -1.157294 0.570526     1.681323
59325.227857 -1.102476 0.589507     1.817027
59325.282675 -1.047658 0.608487     1.927541
59325.337494 -0.992839 0.627467     2.012843
59325.392312 -0.938021 0.646447     2.073089
59325.447130 -0.883202 0.665428     2.108576
59325.501949 -0.828384 0.684408     2.119706
59325.556767 -0.773565 0.703388     2.106961
59325.611586 -0.718747 0.722369     2.070882
59325.666404 -0.663929 0.741349     2.012061
59325.721223 -0.609110 0.760329     1.931137
59325.776041 -0.554292 0.779309     1.828795
59325.830859 -0.499473 0.798290     1.705773
59325.885678 -0.444655 0.817270     1.562876
59325.940496 -0.389836 0.836250     1.400991
59325.995315 -0.335018 0.855230     1.221112
59326.050133 -0.280200 0.874211     1.024363
59326.104952 -0.225381 0.893191     0.812036
59326.159770 -0.170563 0.912171     0.585621
59326.214588 -0.115744 0.931151     0.346852
59326.269407 -0.060926 0.950132     0.097749
59326.324225 -0.006108 0.969112    -0.159339
59326.379044 0.048711 0.988092    -0.421689
59326.433862 0.103529 0.007072    -0.686171
59326.488681 0.158348 0.026053    -0.949216
59326.543499 0.213166 0.045033    -1.206810
59326.598317 0.267985 0.064013    -1.454513
59326.653136 0.322803 0.082994    -1.687506
59326.707954 0.377621 0.101974    -1.900686
59326.762773 0.432440 0.120954    -2.088809
59326.817591 0.487258 0.139934    -2.246683
59326.872410 0.542077 0.158915    -2.369406
59326.927228 0.596895 0.177895    -2.452647
59326.982046 0.651714 0.196875    -2.492928
59327.036865 0.706532 0.215855    -2.487908
59327.091683 0.761350 0.234836    -2.436598
59327.146502 0.816169 0.253816    -2.339511
59327.201320 0.870987 0.272796    -2.198693
59327.256139 0.925806 0.291776    -2.017646
59327.310957 0.980624 0.310757    -1.801130
59327.365775 1.035443 0.329737    -1.554886
59327.420594 1.090261 0.348717    -1.285302
59327.475412 1.145079 0.367697    -0.999062
59327.530231 1.199898 0.386678    -0.702821
59327.585049 1.254716 0.405658    -0.402927
59327.639868 1.309535 0.424638    -0.105212
59327.694686 1.364353 0.443618     0.185148
59327.749504 1.419172 0.462599     0.463707
59327.804323 -1.414191 0.481579     0.726762
59327.859141 -1.359372 0.500559     0.971330
59327.913960 -1.304554 0.519540     1.195087
59327.968778 -1.249735 0.538520     1.396299
59328.023597 -1.194917 0.557500     1.573736
59328.078415 -1.140099 0.576480     1.726593
59328.133233 -1.085280 0.595461     1.854411
59328.188052 -1.030462 0.614441     1.957009
59328.242870 -0.975643 0.633421     2.034427
59328.297689 -0.920825 0.652401     2.086869
59328.352507 -0.866006 0.671382     2.114668
59328.407326 -0.811188 0.690362     2.118254
59328.462144 -0.756370 0.709342     2.098128
59328.516962 -0.701551 0.728322     2.054849
59328.571781 -0.646733 0.747303     1.989024
59328.626599 -0.591914 0.766283     1.901306
59328.681418 -0.537096 0.785263     1.792394
59328.736236 -0.482277 0.804243     1.663047
59328.791054 -0.427459 0.823224     1.514094
59328.845873 -0.372641 0.842204     1.346452
59328.900691 -0.317822 0.861184     1.161153
59328.955510 -0.263004 0.880165     0.959370
59329.010328 -0.208185 0.899145     0.742452
59329.065147 -0.153367 0.918125     0.511962
59329.119965 -0.098548 0.937105     0.269720
59329.174783 -0.043730 0.956086     0.017843
59329.229602 0.011088 0.975066    -0.241208
59329.284420 0.065907 0.994046    -0.504584
59329.339239 0.120725 0.013026    -0.769021
59329.394057 0.175544 0.032007    -1.030808
59329.448876 0.230362 0.050987    -1.285797
59329.503694 0.285181 0.069967    -1.529420
59329.558512 0.339999 0.088947    -1.756757
59329.613331 0.394817 0.107928    -1.962643
59329.668149 0.449636 0.126908    -2.141828
59329.722968 0.504454 0.145888    -2.289182
59329.777786 0.559273 0.164868    -2.399952
59329.832605 0.614091 0.183849    -2.470042
59329.887423 0.668910 0.202829    -2.496305
59329.942241 0.723728 0.221809    -2.476801
59329.997060 0.778546 0.240790    -2.411004
59330.051878 0.833365 0.259770    -2.299908
59330.106697 0.888183 0.278750    -2.146030
59330.161515 0.943002 0.297730    -1.953291
59330.216334 0.997820 0.316711    -1.726794
59330.271152 1.052639 0.335691    -1.472521
59330.325970 1.107457 0.354671    -1.196987
59330.380789 1.162275 0.373651    -0.906903
59330.435607 1.217094 0.392632    -0.608854
59330.490426 1.271912 0.411612    -0.309044
59330.545244 1.326731 0.430592    -0.013113
59330.600063 1.381549 0.449572     0.273989
59330.654881 1.436368 0.468553     0.548048
59330.709699 -1.396995 0.487533     0.805592
59330.764518 -1.342176 0.506513     1.043853
59330.819336 -1.287358 0.525493     1.260700
59330.874155 -1.232539 0.544474     1.454564
59330.928973 -1.177721 0.563454     1.624360
59330.983792 -1.122903 0.582434     1.769397
59331.038610 -1.068084 0.601414     1.889312
59331.093428 -1.013266 0.620395     1.983998
59331.148247 -0.958447 0.639375     2.053552
59331.203065 -0.903629 0.658355     2.098223
59331.257884 -0.848810 0.677336     2.118377
59331.312702 -0.793992 0.696316     2.114468
59331.367521 -0.739174 0.715296     2.087016
59331.422339 -0.684355 0.734276     2.036598
59331.477157 -0.629537 0.753257     1.963833
59331.531976 -0.574718 0.772237     1.869388
59331.586794 -0.519900 0.791217     1.753982
59331.641613 -0.465081 0.810197     1.618392
59331.696431 -0.410263 0.829178     1.463472
59331.751250 -0.355445 0.848158     1.290174
59331.806068 -0.300626 0.867138     1.099570
59331.860886 -0.245808 0.886118     0.892885
59331.915705 -0.190989 0.905099     0.671530
59331.970523 -0.136171 0.924079     0.437145
59332.025342 -0.081352 0.943059     0.191637
59332.080160 -0.026534 0.962039    -0.062773
59332.134979 0.028284 0.981020    -0.323506
59332.189797 0.083103 0.000000    -0.587587
59332.244615 0.137921 0.018980    -0.851613
59332.299434 0.192740 0.037961    -1.111735
59332.354252 0.247558 0.056941    -1.363668
59332.409071 0.302377 0.075921    -1.602726
59332.463889 0.357195 0.094901    -1.823898
59332.518708 0.412013 0.113882    -2.021972
59332.573526 0.466832 0.132862    -2.191712
59332.628344 0.521650 0.151842    -2.328076
59332.683163 0.576469 0.170822    -2.426487
59332.737981 0.631287 0.189803    -2.483116
59332.792800 0.686106 0.208783    -2.495168
59332.847618 0.740924 0.227763    -2.461129
59332.902437 0.795742 0.246743    -2.380942
59332.957255 0.850561 0.265724    -2.256084
59333.012073 0.905379 0.284704    -2.089533
59333.066892 0.960198 0.303684    -1.885608
59333.121710 1.015016 0.322664    -1.649722
59333.176529 1.069835 0.341645    -1.388062
59333.231347 1.124653 0.360625    -1.107242
59333.286166 1.179471 0.379605    -0.813964
59333.340984 1.234290 0.398586    -0.514718
59333.395802 1.289108 0.417566    -0.215548
59333.450621 1.343927 0.436546     0.078112
59333.505439 1.398745 0.455526     0.361540
59333.560258 -1.434617 0.474507     0.630758
59333.615076 -1.379799 0.493487     0.882520
59333.669895 -1.324980 0.512467     1.114265
59333.724713 -1.270162 0.531447     1.324047
59333.779531 -1.215343 0.550428     1.510458
59333.834350 -1.160525 0.569408     1.672544
59333.889168 -1.105707 0.588388     1.809727
59333.943987 -1.050888 0.607368     1.921728
59333.998805 -0.996070 0.626349     2.008513
59334.053624 -0.941251 0.645329     2.070228
59334.108442 -0.886433 0.664309     2.107164
59334.163260 -0.831614 0.683289     2.119717
59334.218079 -0.776796 0.702270     2.108365
59334.272897 -0.721978 0.721250     2.073645
59334.327716 -0.667159 0.740230     2.016147
59334.382534 -0.612341 0.759210     1.936507
59334.437353 -0.557522 0.778191     1.835407
59334.492171 -0.502704 0.797171     1.713583
59334.546989 -0.447886 0.816151     1.571833
59334.601808 -0.393067 0.835132     1.411041
59334.656626 -0.338249 0.854112     1.232192
59334.711445 -0.283430 0.873092     1.036404
59334.766263 -0.228612 0.892072     0.824955
59334.821082 -0.173793 0.911053     0.599325
59334.875900 -0.118975 0.930033     0.361231
59334.930718 -0.064157 0.949013     0.112676
59334.985537 -0.009338 0.967993    -0.144013
59335.040355 0.045480 0.986974    -0.406137
59335.095174 0.100299 0.005954    -0.670588
59335.149992 0.155117 0.024934    -0.933824
59335.204811 0.209936 0.043914    -1.191858
59335.259629 0.264754 0.062895    -1.440274
59335.314447 0.319572 0.081875    -1.674273
59335.369266 0.374391 0.100855    -1.888766
59335.424084 0.429209 0.119835    -2.078512
59335.478903 0.484028 0.138816    -2.238308
59335.533721 0.538846 0.157796    -2.363230
59335.588540 0.593665 0.176776    -2.448903
59335.643358 0.648483 0.195757    -2.491794
59335.698176 0.703301 0.214737    -2.489484
59335.752995 0.758120 0.233717    -2.440903
59335.807813 0.812938 0.252697    -2.346472
59335.862632 0.867757 0.271678    -2.208148
59335.917450 0.922575 0.290658    -2.029351
59335.972268 0.977394 0.309638    -1.814774
59336.027087 1.032212 0.328618    -1.570110
59336.081905 1.087030 0.347599    -1.301717
59336.136724 1.141849 0.366579    -1.016272
59336.191542 1.196667 0.385559    -0.720440
59336.246361 1.251486 0.404539    -0.420594
59336.301179 1.306304 0.423520    -0.122600
59336.355997 1.361123 0.442500     0.168324
59336.410816 1.415941 0.461480     0.447688
59336.465634 -1.417421 0.480460     0.711746
59336.520453 -1.362603 0.499441     0.957474
59336.575271 -1.307784 0.518421     1.182512
59336.630090 -1.252966 0.537401     1.385091
59336.684908 -1.198148 0.556382     1.563955
59336.739726 -1.143329 0.575362     1.718276
59336.794545 -1.088511 0.594342     1.847577
59336.849363 -1.033692 0.613322     1.951663
59336.904182 -0.978874 0.632303     2.030560
59336.959000 -0.924055 0.651283     2.084465
59337.013819 -0.869237 0.670263     2.113706
59337.068637 -0.814419 0.689243     2.118705
59337.123455 -0.759600 0.708224     2.099962
59337.178274 -0.704782 0.727204     2.058031
59337.233092 -0.649963 0.746184     1.993517
59337.287911 -0.595145 0.765164     1.907070
59337.342729 -0.540326 0.784145     1.799387
59337.397548 -0.485508 0.803125     1.671222
59337.452366 -0.430690 0.822105     1.523400
59337.507184 -0.375871 0.841085     1.356832
59337.562003 -0.321053 0.860066     1.172542
59337.616821 -0.266234 0.879046     0.971695
59337.671640 -0.211416 0.898026     0.755628
59337.726458 -0.156597 0.917006     0.525891
59337.781277 -0.101779 0.935987     0.284285
59337.836095 -0.046961 0.954967     0.032911
59337.890913 0.007858 0.973947    -0.225792
59337.945732 0.062676 0.992928    -0.489000
59338.000550 0.117495 0.011908    -0.753472
59338.055369 0.172313 0.030888    -1.015526
59338.110187 0.227132 0.049868    -1.271038
59338.165006 0.281950 0.068849    -1.515464
59338.219824 0.336768 0.087829    -1.743903
59338.274642 0.391587 0.106809    -1.951199
59338.329461 0.446405 0.125789    -2.132102
59338.384279 0.501224 0.144770    -2.281469
59338.439098 0.556042 0.163750    -2.394516
59338.493916 0.610861 0.182730    -2.467101
59338.548735 0.665679 0.201710    -2.496014
59338.603553 0.720497 0.220691    -2.479237
59338.658371 0.775316 0.239671    -2.416155
59338.713190 0.830134 0.258651    -2.307673
59338.768008 0.884953 0.277631    -2.156220
59338.822827 0.939771 0.296612    -1.965641
59338.877645 0.994590 0.315592    -1.740974
59338.932464 1.049408 0.334572    -1.488160
59338.987282 1.104226 0.353553    -1.213694
59339.042100 1.159045 0.372533    -0.924283
59339.096919 1.213863 0.391513    -0.626525
59339.151737 1.268682 0.410493    -0.326657
59339.206556 1.323500 0.429474    -0.030353
59339.261374 1.378319 0.448454     0.257393
59339.316193 1.433137 0.467434     0.532324
59339.371011 -1.400225 0.486414     0.790925
59339.425829 -1.345407 0.505395     1.030387
59339.480648 -1.290588 0.524375     1.248545
59339.535466 -1.235770 0.543355     1.443798
59339.590285 -1.180952 0.562335     1.615035
59339.645103 -1.126133 0.581316     1.761544
59339.699922 -1.071315 0.600296     1.882944
59339.754740 -1.016496 0.619276     1.979117
59339.809558 -0.961678 0.638256     2.050146
59339.864377 -0.906859 0.657237     2.096274
59339.919195 -0.852041 0.676217     2.117861
59339.974014 -0.797223 0.695197     2.115356
59340.028832 -0.742404 0.714178     2.089277
59340.083651 -0.687586 0.733158     2.040195
59340.138469 -0.632767 0.752138     1.968729
59340.193287 -0.577949 0.771118     1.875542
59340.248106 -0.523130 0.790099     1.761350
59340.302924 -0.468312 0.809079     1.626927
59340.357743 -0.413494 0.828059     1.473121
59340.412561 -0.358675 0.847039     1.300878
59340.467380 -0.303857 0.866020     1.111262
59340.522198 -0.249038 0.885000     0.905487
59340.577016 -0.194220 0.903980     0.684954
59340.631835 -0.139401 0.922960     0.451287
59340.686653 -0.084583 0.941941     0.206376
59340.741472 -0.029765 0.960921    -0.047577
59340.796290 0.025054 0.979901    -0.308016
59340.851109 0.079872 0.998881    -0.571990
59340.905927 0.134691 0.017862    -0.836121
59340.960745 0.189509 0.036842    -1.096588
59341.015564 0.244328 0.055822    -1.349130
59341.070382 0.299146 0.074802    -1.589083
59341.125201 0.353964 0.093783    -1.811452
59341.180019 0.408783 0.112763    -2.011034
59341.234838 0.463601 0.131743    -2.182587
59341.289656 0.518420 0.150724    -2.321051
59341.344474 0.573238 0.169704    -2.421813
59341.399293 0.628057 0.188684    -2.480993
59341.454111 0.682875 0.207664    -2.495727
59341.508930 0.737693 0.226645    -2.464421
59341.563748 0.792512 0.245625    -2.386928
59341.618567 0.847330 0.264605    -2.264635
59341.673385 0.902149 0.283585    -2.100433
59341.728203 0.956967 0.302566    -1.898569
59341.783022 1.011786 0.321546    -1.664401
59341.837840 1.066604 0.340526    -1.404079
59341.892659 1.121422 0.359506    -1.124202
59341.947477 1.176241 0.378487    -0.831474
59342.002296 1.231059 0.397467    -0.532407
59342.057114 1.285878 0.416447    -0.233076
59342.111932 1.340696 0.435427     0.061047
59342.166751 1.395515 0.454408     0.345196
59342.221569 -1.437848 0.473388     0.615348
59342.276388 -1.383029 0.492368     0.868217
59342.331206 -1.328211 0.511349     1.101200
59342.386025 -1.273392 0.530329     1.312320
59342.440843 -1.218574 0.549309     1.500139
59342.495661 -1.163756 0.568289     1.663679
59342.550480 -1.108937 0.587270     1.802339
59342.605298 -1.054119 0.606250     1.915828
59342.660117 -0.999300 0.625230     2.004096
59342.714935 -0.944482 0.644210     2.067282
59342.769753 -0.889663 0.663191     2.105668
59342.824572 -0.834845 0.682171     2.119646
59342.879390 -0.780027 0.701151     2.109687
59342.934209 -0.725208 0.720131     2.076328
59342.989027 -0.670390 0.739112     2.020156
59343.043846 -0.615571 0.758092     1.941803
59343.098664 -0.560753 0.777072     1.841948
59343.153482 -0.505935 0.796052     1.721323
59343.208301 -0.451116 0.815033     1.580724
59343.263119 -0.396298 0.834013     1.421028
59343.317938 -0.341479 0.852993     1.243214
59343.372756 -0.286661 0.871974     1.048390
59343.427575 -0.231842 0.890954     0.837825
59343.482393 -0.177024 0.909934     0.612985
59343.537211 -0.122206 0.928914     0.375574
59343.592030 -0.067387 0.947895     0.127574
59343.646848 -0.012569 0.966875    -0.128707
59343.701667 0.042250 0.985855    -0.390592
59343.756485 0.097068 0.004835    -0.655000
59343.811304 0.151887 0.023816    -0.918414
59343.866122 0.206705 0.042796    -1.176873
59343.920940 0.261523 0.061776    -1.425986
59343.975759 0.316342 0.080756    -1.660973
59344.030577 0.371160 0.099737    -1.876760
59344.085396 0.425979 0.118717    -2.068110
59344.140214 0.480797 0.137697    -2.229812
59344.195033 0.535616 0.156677    -2.356917
59344.249851 0.590434 0.175658    -2.445011
59344.304669 0.645252 0.194638    -2.490502
59344.359488 0.700071 0.213618    -2.490900
59344.414306 0.754889 0.232599    -2.445049
59344.469125 0.809708 0.251579    -2.353281
59344.523943 0.864526 0.270559    -2.217462
59344.578762 0.919345 0.289539    -2.040931
59344.633580 0.974163 0.308520    -1.828313
59344.688398 1.028981 0.327500    -1.585251
59344.743217 1.083800 0.346480    -1.318073
59344.798035 1.138618 0.365460    -1.033446
59344.852854 1.193437 0.384441    -0.738046
59344.907672 1.248255 0.403421    -0.438268
59344.962491 1.303074 0.422401    -0.140013
59345.017309 1.357892 0.441381     0.151459
59345.072127 1.412710 0.460362     0.431616
59345.126946 -1.420652 0.479342     0.696667
59345.181764 -1.365833 0.498322     0.943546
59345.236583 -1.311015 0.517302     1.169858
59345.291401 -1.256197 0.536283     1.373800
59345.346220 -1.201378 0.555263     1.554089
59345.401038 -1.146560 0.574243     1.709872
59345.455856 -1.091741 0.593223     1.840655
59345.510675 -1.036923 0.612204     1.946228
59345.565493 -0.982104 0.631184     2.026606
59345.620312 -0.927286 0.650164     2.081976
59345.675130 -0.872468 0.669145     2.112659
59345.729949 -0.817649 0.688125     2.119074
59345.784767 -0.762831 0.707105     2.101715
59345.839585 -0.708012 0.726085     2.061134
59345.894404 -0.653194 0.745066     1.997934
59345.949222 -0.598375 0.764046     1.912760
59346.004041 -0.543557 0.783026     1.806308
59346.058859 -0.488739 0.802006     1.679329
59346.113678 -0.433920 0.820987     1.532641
59346.168496 -0.379102 0.839967     1.367150
59346.223314 -0.324283 0.858947     1.183874
59346.278133 -0.269465 0.877927     0.983967
59346.332951 -0.214646 0.896908     0.768757
59346.387770 -0.159828 0.915888     0.539778
59346.442588 -0.105010 0.934868     0.298817
59346.497407 -0.050191 0.953848     0.047954
59346.552225 0.004627 0.972829    -0.210391
59346.607043 0.059446 0.991809    -0.473419
59346.661862 0.114264 0.010789    -0.737915
59346.716680 0.169083 0.029770    -1.000222
59346.771499 0.223901 0.048750    -1.256242
59346.826317 0.278719 0.067730    -1.501454
59346.881136 0.333538 0.086710    -1.730975
59346.935954 0.388356 0.105691    -1.939663
59346.990772 0.443175 0.124671    -2.122266
59347.045591 0.497993 0.143651    -2.273629
59347.100409 0.552812 0.162631    -2.388939
59347.155228 0.607630 0.181612    -2.464008
59347.210046 0.662448 0.200592    -2.495563
59347.264865 0.717267 0.219572    -2.481510
59347.319683 0.772085 0.238552    -2.421148
59347.374501 0.826904 0.257533    -2.315288
59347.429320 0.881722 0.276513    -2.166274
59347.484138 0.936541 0.295493    -1.977871
59347.538957 0.991359 0.314473    -1.755056
59347.593775 1.046177 0.333454    -1.503725
59347.648594 1.100996 0.352434    -1.230349
59347.703412 1.155814 0.371414    -0.941633
59347.758230 1.210633 0.390395    -0.644190
59347.813049 1.265451 0.409375    -0.344283
59347.867867 1.320270 0.428355    -0.047623
59347.922686 1.375088 0.447335     0.240753
59347.977504 1.429906 0.466316     0.516544
59348.032323 -1.403456 0.485296     0.776192
59348.087141 -1.348637 0.504276     1.016848
59348.141959 -1.293819 0.523256     1.236310
59348.196778 -1.239001 0.542237     1.432949
59348.251596 -1.184182 0.561217     1.605624
59348.306415 -1.129364 0.580197     1.753604
59348.361233 -1.074545 0.599177     1.876489
59348.416052 -1.019727 0.618158     1.974148
59348.470870 -0.964908 0.637138     2.046654
59348.525688 -0.910090 0.656118     2.094240
59348.580507 -0.855272 0.675098     2.117262
59348.635325 -0.800453 0.694079     2.116163
59348.690144 -0.745635 0.713059     2.091457
59348.744962 -0.690816 0.732039     2.043714
59348.799781 -0.635998 0.751019     1.973549
59348.854599 -0.581179 0.770000     1.881624
59348.909417 -0.526361 0.788980     1.768649
59348.964236 -0.471543 0.807960     1.635395
59349.019054 -0.416724 0.826941     1.482707
59349.073873 -0.361906 0.845921     1.311522
59349.128691 -0.307087 0.864901     1.122897
59349.183510 -0.252269 0.883881     0.918038
59349.238328 -0.197450 0.902862     0.698332
59349.293146 -0.142632 0.921842     0.465389
59349.347965 -0.087814 0.940822     0.221083
59349.402783 -0.032995 0.959802    -0.032405
59349.457602 0.021823 0.978783    -0.292539
59349.512420 0.076642 0.997763    -0.556394
59349.567239 0.131460 0.016743    -0.820618
59349.622057 0.186279 0.035723    -1.081414
59349.676875 0.241097 0.054704    -1.334549
59349.731694 0.295915 0.073684    -1.575380
59349.786512 0.350734 0.092664    -1.798928
59349.841331 0.405552 0.111644    -1.999999
59349.896149 0.460371 0.130625    -2.173346
59349.950967 0.515189 0.149605    -2.313894
59350.005786 0.570008 0.168585    -2.416994
59350.060604 0.624826 0.187566    -2.478715
59350.115423 0.679644 0.206546    -2.496127
59350.170241 0.734463 0.225526    -2.467553
59350.225060 0.789281 0.244506    -2.392758
59350.279878 0.844100 0.263487    -2.273039
59350.334696 0.898918 0.282467    -2.111201
59350.389515 0.953737 0.301447    -1.911418
59350.444333 1.008555 0.320427    -1.678989
59350.499152 1.063373 0.339408    -1.420028
59350.553970 1.118192 0.358388    -1.141117
59350.608789 1.173010 0.377368    -0.848963
59350.663607 1.227829 0.396348    -0.550096
59350.718425 1.282647 0.415329    -0.250623
59350.773244 1.337466 0.434309     0.043947
59350.828062 1.392284 0.453289     0.328802
59350.882881 -1.441078 0.472269     0.599878
59350.937699 -1.386260 0.491250     0.853843
59350.992518 -1.331441 0.510230     1.088060
59351.047336 -1.276623 0.529210     1.300513
59351.102154 -1.221805 0.548191     1.489736
59351.156973 -1.166986 0.567171     1.654726
59351.211791 -1.112168 0.586151     1.794864
59351.266610 -1.057349 0.605131     1.909840
59351.321428 -1.002531 0.624112     1.999592
59351.376247 -0.947713 0.643092     2.064249
59351.431065 -0.892894 0.662072     2.104087
59351.485883 -0.838076 0.681052     2.119490
59351.540702 -0.783257 0.700033     2.110928
59351.595520 -0.728439 0.719013     2.078933
59351.650339 -0.673620 0.737993     2.024088
59351.705157 -0.618802 0.756973     1.947023
59351.759976 -0.563984 0.775954     1.848416
59351.814794 -0.509165 0.794934     1.728993
59351.869612 -0.454347 0.813914     1.589548
59351.924431 -0.399528 0.832894     1.430952
59351.979249 -0.344710 0.851875     1.254176
59352.034068 -0.289891 0.870855     1.060321
59352.088886 -0.235073 0.889835     0.850645
59352.143705 -0.180255 0.908815     0.626602
59352.198523 -0.125436 0.927796     0.389880
59352.253341 -0.070618 0.946776     0.142443
59352.308160 -0.015799 0.965756    -0.113420
59352.362978 0.039019 0.984737    -0.375057
59352.417797 0.093838 0.003717    -0.639409
59352.472615 0.148656 0.022697    -0.902987
59352.527434 0.203474 0.041677    -1.161856
59352.582252 0.258293 0.060658    -1.411648
59352.637070 0.313111 0.079638    -1.647607
59352.691889 0.367930 0.098618    -1.864669
59352.746707 0.422748 0.117598    -2.057605
59352.801526 0.477567 0.136579    -2.221195
59352.856344 0.532385 0.155559    -2.350468
59352.911163 0.587203 0.174539    -2.440970
59352.965981 0.642022 0.193519    -2.489053
59353.020799 0.696840 0.212500    -2.492154
59353.075618 0.751659 0.231480    -2.449035
59353.130436 0.806477 0.250460    -2.359936
59353.185255 0.861296 0.269440    -2.226635
59353.240073 0.916114 0.288421    -2.052386
59353.294892 0.970932 0.307401    -1.841747
59353.349710 1.025751 0.326381    -1.600308
59353.404528 1.080569 0.345362    -1.334368
59353.459347 1.135388 0.364342    -1.050583
59353.514165 1.190206 0.383322    -0.755636
59353.568984 1.245025 0.402302    -0.455947
59353.623802 1.299843 0.421283    -0.157450
59353.678621 1.354661 0.440263     0.134555
59353.733439 1.409480 0.459243     0.415491
59353.788257 -1.423882 0.478223     0.681524
59353.843076 -1.369064 0.497204     0.929547
59353.897894 -1.314246 0.516184     1.157126
59353.952713 -1.259427 0.535164     1.362427
59354.007531 -1.204609 0.554144     1.544137
59354.062350 -1.149790 0.573125     1.701381
59354.117168 -1.094972 0.592105     1.833646
59354.171986 -1.040153 0.611085     1.940706
59354.226805 -0.985335 0.630065     2.022565
59354.281623 -0.930517 0.649046     2.079401
59354.336442 -0.875698 0.668026     2.111528
59354.391260 -0.820880 0.687006     2.119360
59354.446079 -0.766061 0.705987     2.103388
59354.500897 -0.711243 0.724967     2.064159
59354.555715 -0.656424 0.743947     2.002274
59354.610534 -0.601606 0.762927     1.918377
59354.665352 -0.546788 0.781908     1.813159
59354.720171 -0.491969 0.800888     1.687367
59354.774989 -0.437151 0.819868     1.541816
59354.829808 -0.382332 0.838848     1.377407
59354.884626 -0.327514 0.857829     1.195148
59354.939444 -0.272695 0.876809     0.996187
59354.994263 -0.217877 0.895789     0.781838
59355.049081 -0.163059 0.914769     0.553623
59355.103900 -0.108240 0.933750     0.313314
59355.158718 -0.053422 0.952730     0.062971
59355.213537 0.001397 0.971710    -0.195007
59355.268355 0.056215 0.990690    -0.457844
59355.323173 0.111034 0.009671    -0.722350
59355.377992 0.165852 0.028651    -0.984896
59355.432810 0.220670 0.047631    -1.241407
59355.487629 0.275489 0.066611    -1.487389
59355.542447 0.330307 0.085592    -1.717975
59355.597266 0.385126 0.104572    -1.928037
59355.652084 0.439944 0.123552    -2.112322
59355.706902 0.494763 0.142533    -2.265664
59355.761721 0.549581 0.161513    -2.383222
59355.816539 0.604399 0.180493    -2.460764
59355.871358 0.659218 0.199473    -2.494954
59355.926176 0.714036 0.218454    -2.483623
59355.980995 0.768855 0.237434    -2.425982
59356.035813 0.823673 0.256414    -2.322754
59356.090631 0.878492 0.275394    -2.176192
59356.145450 0.933310 0.294375    -1.989982
59356.200268 0.988128 0.313355    -1.769039
59356.255087 1.042947 0.332335    -1.519213
59356.309905 1.097765 0.351315    -1.246951
59356.364724 1.152584 0.370296    -0.958953
59356.419542 1.207402 0.389276    -0.661846
59356.474360 1.262221 0.408256    -0.361920
59356.529179 1.317039 0.427236    -0.064922
59356.583997 1.371857 0.446217     0.224069
59356.638816 1.426676 0.465197     0.500707
59356.693634 -1.406686 0.484177     0.761392
59356.748452 -1.351868 0.503158     1.003234
59356.803271 -1.297050 0.522138     1.223996
59356.858089 -1.242231 0.541118     1.422016
59356.912908 -1.187413 0.560098     1.596127
59356.967726 -1.132594 0.579079     1.745576
59357.022545 -1.077776 0.598059     1.869947
59357.077363 -1.022957 0.617039     1.969092
59357.132181 -0.968139 0.636019     2.043075
59357.187000 -0.913321 0.655000     2.092121
59357.241818 -0.858502 0.673980     2.116579
59357.296637 -0.803684 0.692960     2.116888
59357.351455 -0.748865 0.711940     2.093558
59357.406274 -0.694047 0.730921     2.047156
59357.461092 -0.639228 0.749901     1.978294
59357.515910 -0.584410 0.768881     1.887632
59357.570729 -0.529592 0.787861     1.775877
59357.625547 -0.474773 0.806842     1.643796
59357.680366 -0.419955 0.825822     1.492227
59357.735184 -0.365136 0.844802     1.322105
59357.790003 -0.310318 0.863783     1.134476
59357.844821 -0.255499 0.882763     0.930537
59357.899639 -0.200681 0.901743     0.711664
59357.954458 -0.145863 0.920723     0.479452
59358.009276 -0.091044 0.939704     0.235758
59358.064095 -0.036226 0.958684    -0.017255
59358.118913 0.018593 0.977664    -0.277075
59358.173732 0.073411 0.996644    -0.540800
59358.228550 0.128230 0.015625    -0.805102
59358.283368 0.183048 0.034605    -1.066214
59358.338187 0.237866 0.053585    -1.319925
59358.393005 0.292685 0.072565    -1.561616
59358.447824 0.347503 0.091546    -1.786326
59358.502642 0.402322 0.110526    -1.988867
59358.557461 0.457140 0.129506    -2.163992
59358.612279 0.511959 0.148486    -2.306607
59358.667097 0.566777 0.167467    -2.412031
59358.721916 0.621595 0.186447    -2.476283
59358.776734 0.676414 0.205427    -2.496366
59358.831553 0.731232 0.224407    -2.470523
59358.886371 0.786051 0.243388    -2.398431
59358.941190 0.840869 0.262368    -2.281296
59358.996008 0.895688 0.281348    -2.121838
59359.050826 0.950506 0.300329    -1.924154
59359.105645 1.005324 0.319309    -1.693485
59359.160463 1.060143 0.338289    -1.435908
59359.215282 1.114961 0.357269    -1.157987
59359.270100 1.169780 0.376250    -0.866429
59359.324919 1.224598 0.395230    -0.567783
59359.379737 1.279416 0.414210    -0.268186
59359.434555 1.334235 0.433190     0.026813
59359.489374 1.389053 0.452171     0.312361
59359.544192 1.443872 0.471151     0.584348
59359.599011 -1.389490 0.490131     0.839402
59359.653829 -1.334672 0.509111     1.074843
59359.708648 -1.279854 0.528092     1.288625
59359.763466 -1.225035 0.547072     1.479249
59359.818284 -1.170217 0.566052     1.645688
59359.873103 -1.115398 0.585032     1.787301
59359.927921 -1.060580 0.604013     1.903764
59359.982740 -1.005762 0.622993     1.995000
59360.037558 -0.950943 0.641973     2.061130
59360.092377 -0.896125 0.660954     2.102421
59360.147195 -0.841306 0.679934     2.119252
59360.202013 -0.786488 0.698914     2.112088
59360.256832 -0.731669 0.717894     2.081458
59360.311650 -0.676851 0.736875     2.027942
59360.366469 -0.622033 0.755855     1.952169
59360.421287 -0.567214 0.774835     1.854811
59360.476106 -0.512396 0.793815     1.736594
59360.530924 -0.457577 0.812796     1.598306
59360.585742 -0.402759 0.831776     1.440812
59360.640561 -0.347940 0.850756     1.265079
59360.695379 -0.293122 0.869736     1.072197
59360.750198 -0.238304 0.888717     0.863416
59360.805016 -0.183485 0.907697     0.640175
59360.859835 -0.128667 0.926677     0.404148
59360.914653 -0.073848 0.945657     0.157283
59360.969471 -0.019030 0.964638    -0.098154
59361.024290 0.035789 0.983618    -0.359530
59361.079108 0.090607 0.002598    -0.623815
59361.133927 0.145425 0.021579    -0.887543
59361.188745 0.200244 0.040559    -1.146807
59361.243564 0.255062 0.059539    -1.397263
59361.298382 0.309881 0.078519    -1.634174
59361.353200 0.364699 0.097500    -1.852495
59361.408019 0.419518 0.116480    -2.046998
59361.462837 0.474336 0.135460    -2.212459
59361.517656 0.529154 0.154440    -2.343885
59361.572474 0.583973 0.173421    -2.436782
59361.627293 0.638791 0.192401    -2.487447
59361.682111 0.693610 0.211381    -2.493248
59361.736929 0.748428 0.230361    -2.452861
59361.791748 0.803247 0.249342    -2.366437
59361.846566 0.858065 0.268322    -2.235664
59361.901385 0.912883 0.287302    -2.063714
59361.956203 0.967702 0.306282    -1.855073
59362.011022 1.022520 0.325263    -1.615280
59362.065840 1.077339 0.344243    -1.350601
59362.120658 1.132157 0.363223    -1.067682
59362.175477 1.186976 0.382203    -0.773211
59362.230295 1.241794 0.401184    -0.473631
59362.285114 1.296612 0.420164    -0.174910
59362.339932 1.351431 0.439144     0.117612
59362.394751 1.406249 0.458125     0.399314
59362.449569 -1.427113 0.477105     0.666318
59362.504387 -1.372295 0.496085     0.915477
59362.559206 -1.317476 0.515065     1.144317
59362.614024 -1.262658 0.534046     1.350971
59362.668843 -1.207839 0.553026     1.534100
59362.723661 -1.153021 0.572006     1.692804
59362.778480 -1.098202 0.590986     1.826549
59362.833298 -1.043384 0.609967     1.935097
59362.888116 -0.988566 0.628947     2.018437
59362.942935 -0.933747 0.647927     2.076741
59362.997753 -0.878929 0.666907     2.110313
59363.052572 -0.824110 0.685888     2.119564
59363.107390 -0.769292 0.704868     2.104979
59363.162209 -0.714473 0.723848     2.067105
59363.217027 -0.659655 0.742828     2.006538
59363.271845 -0.604837 0.761809     1.923919
59363.326664 -0.550018 0.780789     1.819938
59363.381482 -0.495200 0.799769     1.695336
59363.436301 -0.440381 0.818750     1.550926
59363.491119 -0.385563 0.837730     1.387601
59363.545938 -0.330744 0.856710     1.206364
59363.600756 -0.275926 0.875690     1.008352
59363.655574 -0.221108 0.894671     0.794870
59363.710393 -0.166289 0.913651     0.567426
59363.765211 -0.111471 0.932631     0.327776
59363.820030 -0.056652 0.951611     0.077961
59363.874848 -0.001834 0.970592    -0.179640
59363.929666 0.052985 0.989572    -0.442275
59363.984485 0.107803 0.008552    -0.706779
59364.039303 0.162621 0.027532    -0.969549
59364.094122 0.217440 0.046513    -1.226537
59364.148940 0.272258 0.065493    -1.473270
59364.203759 0.327077 0.084473    -1.704904
59364.258577 0.381895 0.103453    -1.916321
59364.313395 0.436714 0.122434    -2.102270
59364.368214 0.491532 0.141414    -2.257574
59364.423032 0.546350 0.160394    -2.377366
59364.477851 0.601169 0.179375    -2.457369
59364.532669 0.655987 0.198355    -2.494187
59364.587488 0.710806 0.217335    -2.485574
59364.642306 0.765624 0.236315    -2.430657
59364.697124 0.820443 0.255296    -2.330068
59364.751943 0.875261 0.274276    -2.185971
59364.806761 0.930079 0.293256    -2.001972
59364.861580 0.984898 0.312236    -1.782922
59364.916398 1.039716 0.331217    -1.534623
59364.971217 1.094535 0.350197    -1.263498
59365.026035 1.149353 0.369177    -0.976242
59365.080853 1.204172 0.388157    -0.679493
59365.135672 1.258990 0.407138    -0.379567
59365.190490 1.313808 0.426118    -0.082249
59365.245309 1.368627 0.445098     0.207341
59365.300127 1.423445 0.464078     0.484815
59365.354946 -1.409917 0.483059     0.746527
59365.409764 -1.355099 0.502039     0.989548
59365.464582 -1.300280 0.521019     1.211603
59365.519401 -1.245462 0.540000     1.411000
59365.574219 -1.190643 0.558980     1.586544
59365.629038 -1.135825 0.577960     1.737461
59365.683856 -1.081006 0.596940     1.863316
59365.738675 -1.026188 0.615921     1.963948
59365.793493 -0.971370 0.634901     2.039409
59365.848311 -0.916551 0.653881     2.089917
59365.903130 -0.861733 0.672861     2.115812
59365.957948 -0.806914 0.691842     2.117530
59366.012767 -0.752096 0.710822     2.095578
59366.067585 -0.697277 0.729802     2.050520
59366.122404 -0.642459 0.748782     1.982964
59366.177222 -0.587641 0.767763     1.893567
59366.232040 -0.532822 0.786743     1.783034
59366.286859 -0.478004 0.805723     1.652128
59366.341677 -0.423185 0.824703     1.501684
59366.396496 -0.368367 0.843684     1.332627
59366.451314 -0.313548 0.862664     1.145998
59366.506133 -0.258730 0.881644     0.942984
59366.560951 -0.203912 0.900624     0.724949
59366.615769 -0.149093 0.919605     0.493474
59366.670588 -0.094275 0.938585     0.250400
59366.725406 -0.039456 0.957565    -0.002129
59366.780225 0.015362 0.976546    -0.261625
59366.835043 0.070181 0.995526    -0.525207
59366.889862 0.124999 0.014506    -0.789576
59366.944680 0.179817 0.033486    -1.050988
59366.999498 0.234636 0.052467    -1.305260
59367.054317 0.289454 0.071447    -1.547794
59367.109135 0.344273 0.090427    -1.773646
59367.163954 0.399091 0.109407    -1.977640
59367.218772 0.453910 0.128388    -2.154524
59367.273591 0.508728 0.147368    -2.299190
59367.328409 0.563546 0.166348    -2.406925
59367.383227 0.618365 0.185328    -2.473698
59367.438046 0.673183 0.204309    -2.496445
59367.492864 0.728002 0.223289    -2.473332
59367.547683 0.782820 0.242269    -2.403948
59367.602501 0.837639 0.261249    -2.289407
59367.657320 0.892457 0.280230    -2.132341
59367.712138 0.947275 0.299210    -1.936774
59367.766956 1.002094 0.318190    -1.707888
59367.821775 1.056912 0.337171    -1.451718
59367.876593 1.111731 0.356151    -1.174809
59367.931412 1.166549 0.375131    -0.883870
59367.986230 1.221367 0.394111    -0.585467
59368.041049 1.276186 0.413092    -0.285766
59368.095867 1.331004 0.432072     0.009646
59368.150685 1.385823 0.451052     0.295872
59368.205504 1.440641 0.470032     0.568759
59368.260322 -1.392721 0.489013     0.824891
59368.315141 -1.337903 0.507993     1.061551
59368.369959 -1.283084 0.526973     1.276656
59368.424778 -1.228266 0.545953     1.468678
59368.479596 -1.173447 0.564934     1.636563
59368.534414 -1.118629 0.583914     1.779651
59368.589233 -1.063811 0.602894     1.897600
59368.644051 -1.008992 0.621874     1.990322
59368.698870 -0.954174 0.640855     2.057925
59368.753688 -0.899355 0.659835     2.100670
59368.808507 -0.844537 0.678815     2.118931
59368.863325 -0.789718 0.697796     2.113167
59368.918143 -0.734900 0.716776     2.083903
59368.972962 -0.680082 0.735756     2.031720
59369.027780 -0.625263 0.754736     1.957240
59369.082599 -0.570445 0.773717     1.861135
59369.137417 -0.515626 0.792697     1.744126
59369.192236 -0.460808 0.811677     1.606997
59369.247054 -0.405989 0.830657     1.450609
59369.301872 -0.351171 0.849638     1.275922
59369.356691 -0.296353 0.868618     1.084018
59369.411509 -0.241534 0.887598     0.876136
59369.466328 -0.186716 0.906578     0.653703
59369.521146 -0.131897 0.925559     0.418379
59369.575965 -0.077079 0.944539     0.172092
59369.630783 -0.022260 0.963519    -0.082908
59369.685601 0.032558 0.982499    -0.344015
59369.740420 0.087376 0.001480    -0.608219
59369.795238 0.142195 0.020460    -0.872085
59369.850057 0.197013 0.039440    -1.131728
59369.904875 0.251832 0.058420    -1.382830
59369.959694 0.306650 0.077401    -1.620677
59370.014512 0.361469 0.096381    -1.840238
59370.069330 0.416287 0.115361    -2.036291
59370.124149 0.471105 0.134342    -2.203605
59370.178967 0.525924 0.153322    -2.337167
59370.233786 0.580742 0.172302    -2.432447
59370.288604 0.635561 0.191282    -2.485685
59370.343423 0.690379 0.210263    -2.494181
59370.398241 0.745198 0.229243    -2.456526
59370.453059 0.800016 0.248223    -2.372784
59370.507878 0.854834 0.267203    -2.244551
59370.562696 0.909653 0.286184    -2.074915
59370.617515 0.964471 0.305164    -1.868291
59370.672333 1.019290 0.324144    -1.630165
59370.727151 1.074108 0.343124    -1.366771
59370.781970 1.128927 0.362105    -1.084740
59370.836788 1.183745 0.381085    -0.790767
59370.891607 1.238563 0.400065    -0.491317
59370.946425 1.293382 0.419045    -0.192391
59371.001244 1.348200 0.438026     0.100632
59371.056062 1.403019 0.457006     0.383086
59371.110880 -1.430344 0.475986     0.651050
59371.165699 -1.375525 0.494967     0.901335
59371.220517 -1.320707 0.513947     1.131430
59371.275336 -1.265888 0.532927     1.339434
59371.330154 -1.211070 0.551907     1.523978
59371.384973 -1.156251 0.570888     1.684139
59371.439791 -1.101433 0.589868     1.819365
59371.494609 -1.046615 0.608848     1.929400
59371.549428 -0.991796 0.627828     2.014222
59371.604246 -0.936978 0.646809     2.073994
59371.659065 -0.882159 0.665789     2.109014
59371.713883 -0.827341 0.684769     2.119685
59371.768702 -0.772522 0.703749     2.106490
59371.823520 -0.717704 0.722730     2.069973
59371.878338 -0.662886 0.741710     2.010726
59371.933157 -0.608067 0.760690     1.929388
59371.987975 -0.553249 0.779670     1.826645
59372.042794 -0.498430 0.798651     1.703237
59372.097612 -0.443612 0.817631     1.559970
59372.152431 -0.388793 0.836611     1.397733
59372.207249 -0.333975 0.855592     1.217522
59372.262067 -0.279157 0.874572     1.020464
59372.316886 -0.224338 0.893552     0.807854
59372.371704 -0.169520 0.912532     0.581187
59372.426523 -0.114701 0.931513     0.342202
59372.481341 -0.059883 0.950493     0.092924
59372.536160 -0.005064 0.969473    -0.164291
59372.590978 0.049754 0.988453    -0.426713
59372.645796 0.104572 0.007434    -0.691202
59372.700615 0.159391 0.026414    -0.954182
59372.755433 0.214209 0.045394    -1.211630
59372.810252 0.269028 0.064374    -1.459099
59372.865070 0.323846 0.083355    -1.691763
59372.919889 0.378665 0.102335    -1.904516
59372.974707 0.433483 0.121315    -2.092112
59373.029525 0.488301 0.140295    -2.249361
59373.084344 0.543120 0.159276    -2.371371
59373.139162 0.597938 0.178256    -2.453823
59373.193981 0.652757 0.197236    -2.493261
59373.248799 0.707575 0.216216    -2.487364
59373.303618 0.762394 0.235197    -2.435174
59373.358436 0.817212 0.254177    -2.337231
59373.413254 0.872030 0.273157    -2.195611
59373.468073 0.926849 0.292138    -2.013840
59373.522891 0.981667 0.311118    -1.796702
59373.577710 1.036486 0.330098    -1.549953
59373.632528 1.091304 0.349078    -1.279990
59373.687347 1.146123 0.368059    -0.993498
59373.742165 1.200941 0.387039    -0.697129
59373.796983 1.255759 0.406019    -0.397224
59373.851802 1.310578 0.424999    -0.099603
59373.906620 1.365396 0.443980     0.190572
59373.961439 1.420215 0.462960     0.468867
59374.016257 -1.413148 0.481940     0.731596
59374.071076 -1.358329 0.500920     0.975788
59374.125894 -1.303511 0.519901     1.199131
