# time Tc_folded Tref_folded model model_err 
59318.211098 0.000000 0.000000     2.244045     1.565420 
59318.265916 0.000000 0.000000     2.217820     1.566675 
59318.320735 0.000000 0.000000     2.191994     1.567906 
59318.375553 0.000000 0.000000     2.166578     1.569113 
59318.430372 0.000000 0.000000     2.141583     1.570296 
59318.485190 0.000000 0.000000     2.117018     1.571455 
59318.540009 0.000000 0.000000     2.092891     1.572589 
59318.594827 0.000000 0.000000     2.069209     1.573699 
59318.649645 0.000000 0.000000     2.045978     1.574784 
59318.704464 0.000000 0.000000     2.023204     1.575845 
59318.759282 0.000000 0.000000     2.000891     1.576881 
59318.814101 0.000000 0.000000     1.979043     1.577892 
59318.868919 0.000000 0.000000     1.957662     1.578878 
59318.923738 0.000000 0.000000     1.936750     1.579839 
59318.978556 0.000000 0.000000     1.916308     1.580775 
59319.033374 0.000000 0.000000     1.896335     1.581686 
59319.088193 0.000000 0.000000     1.876830     1.582572 
59319.143011 0.000000 0.000000     1.857790     1.583432 
59319.197830 0.000000 0.000000     1.839214     1.584267 
59319.252648 0.000000 0.000000     1.821097     1.585076 
59319.307467 0.000000 0.000000     1.803434     1.585861 
59319.362285 0.000000 0.000000     1.786220     1.586619 
59319.417103 0.000000 0.000000     1.769448     1.587352 
59319.471922 0.000000 0.000000     1.753110     1.588060 
59319.526740 0.000000 0.000000     1.737198     1.588742 
59319.581559 0.000000 0.000000     1.721704     1.589399 
59319.636377 0.000000 0.000000     1.706617     1.590030 
59319.691196 0.000000 0.000000     1.691928     1.590636 
59319.746014 0.000000 0.000000     1.677623     1.591216 
59319.800832 0.000000 0.000000     1.663693     1.591770 
59319.855651 0.000000 0.000000     1.650123     1.592299 
59319.910469 0.000000 0.000000     1.636901     1.592802 
59319.965288 0.000000 0.000000     1.624013     1.593279 
59320.020106 0.000000 0.000000     1.611444     1.593731 
59320.074925 0.000000 0.000000     1.599178     1.594157 
59320.129743 0.000000 0.000000     1.587201     1.594558 
59320.184561 0.000000 0.000000     1.575496     1.594932 
59320.239380 0.000000 0.000000     1.564046     1.595281 
59320.294198 0.000000 0.000000     1.552835     1.595604 
59320.349017 0.000000 0.000000     1.541844     1.595901 
59320.403835 0.000000 0.000000     1.531056     1.596172 
59320.458654 0.000000 0.000000     1.520454     1.596417 
59320.513472 0.000000 0.000000     1.510018     1.596636 
59320.568290 0.000000 0.000000     1.499729     1.596829 
59320.623109 0.000000 0.000000     1.489570     1.596996 
59320.677927 0.000000 0.000000     1.479521     1.597137 
59320.732746 0.000000 0.000000     1.469563     1.597251 
59320.787564 0.000000 0.000000     1.459676     1.597339 
59320.842383 0.000000 0.000000     1.449842     1.597400 
59320.897201 0.000000 0.000000     1.440042     1.597435 
59320.952019 0.000000 0.000000     1.430255     1.597443 
59321.006838 0.000000 0.000000     1.420464     1.597424 
59321.061656 0.000000 0.000000     1.410648     1.597379 
59321.116475 0.000000 0.000000     1.400790     1.597306 
59321.171293 0.000000 0.000000     1.390871     1.597206 
59321.226112 0.000000 0.000000     1.380872     1.597079 
59321.280930 0.000000 0.000000     1.370776     1.596924 
59321.335748 0.000000 0.000000     1.360564     1.596741 
59321.390567 0.000000 0.000000     1.350220     1.596531 
59321.445385 0.000000 0.000000     1.339727     1.596292 
59321.500204 0.000000 0.000000     1.329067     1.596025 
59321.555022 0.000000 0.000000     1.318227     1.595730 
59321.609841 0.000000 0.000000     1.307189     1.595406 
59321.664659 0.000000 0.000000     1.295939     1.595054 
59321.719477 0.000000 0.000000     1.284463     1.594672 
59321.774296 0.000000 0.000000     1.272748     1.594261 
59321.829114 0.000000 0.000000     1.260781     1.593821 
59321.883933 0.000000 0.000000     1.248548     1.593351 
59321.938751 0.000000 0.000000     1.236040     1.592851 
59321.993569 0.000000 0.000000     1.223245     1.592321 
59322.048388 0.000000 0.000000     1.210154     1.591761 
59322.103206 0.000000 0.000000     1.196757     1.591169 
59322.158025 0.000000 0.000000     1.183046     1.590547 
59322.212843 0.000000 0.000000     1.169014     1.589894 
59322.267662 0.000000 0.000000     1.154655     1.589210 
59322.322480 0.000000 0.000000     1.139963     1.588494 
59322.377298 0.000000 0.000000     1.124934     1.587746 
59322.432117 0.000000 0.000000     1.109564     1.586966 
59322.486935 0.000000 0.000000     1.093850     1.586153 
59322.541754 0.000000 0.000000     1.077791     1.585308 
59322.596572 0.000000 0.000000     1.061387     1.584430 
59322.651391 0.000000 0.000000     1.044638     1.583518 
59322.706209 0.000000 0.000000     1.027545     1.582573 
59322.761027 0.000000 0.000000     1.010111     1.581594 
59322.815846 0.000000 0.000000     0.992340     1.580582 
59322.870664 0.000000 0.000000     0.974236     1.579534 
59322.925483 0.000000 0.000000     0.955805     1.578453 
59322.980301 0.000000 0.000000     0.937053     1.577336 
59323.035120 0.000000 0.000000     0.917989     1.576184 
59323.089938 0.000000 0.000000     0.898622     1.574997 
59323.144756 0.000000 0.000000     0.878960     1.573775 
59323.199575 0.000000 0.000000     0.859016     1.572516 
59323.254393 0.000000 0.000000     0.838801     1.571221 
59323.309212 0.000000 0.000000     0.818328     1.569889 
59323.364030 0.000000 0.000000     0.797611     1.568521 
59323.418849 0.000000 0.000000     0.776665     1.567116 
59323.473667 0.000000 0.000000     0.755506     1.565673 
59323.528485 0.000000 0.000000     0.734151     1.564193 
59323.583304 0.000000 0.000000     0.712618     1.562675 
59323.638122 0.000000 0.000000     0.690925     1.561119 
59323.692941 0.000000 0.000000     0.669092     1.559524 
59323.747759 0.000000 0.000000     0.647140     1.557891 
59323.802578 0.000000 0.000000     0.625090     1.556218 
59323.857396 0.000000 0.000000     0.602964     1.554507 
59323.912214 0.000000 0.000000     0.580785     1.552756 
59323.967033 0.000000 0.000000     0.558576     1.550965 
59324.021851 0.000000 0.000000     0.536362     1.549134 
59324.076670 0.000000 0.000000     0.514167     1.547262 
59324.131488 0.000000 0.000000     0.492018     1.545350 
59324.186307 0.000000 0.000000     0.469941     1.543397 
59324.241125 0.000000 0.000000     0.447962     1.541403 
59324.295943 0.000000 0.000000     0.426108     1.539367 
59324.350762 0.000000 0.000000     0.404408     1.537289 
59324.405580 0.000000 0.000000     0.382889     1.535169 
59324.460399 0.000000 0.000000     0.361580     1.533007 
59324.515217 0.000000 0.000000     0.340510     1.530802 
59324.570036 0.000000 0.000000     0.319707     1.528553 
59324.624854 0.000000 0.000000     0.299202     1.526262 
59324.679672 0.000000 0.000000     0.279024     1.523926 
59324.734491 0.000000 0.000000     0.259201     1.521546 
59324.789309 0.000000 0.000000     0.239766     1.519122 
59324.844128 0.000000 0.000000     0.220746     1.516653 
59324.898946 0.000000 0.000000     0.202171     1.514139 
59324.953765 0.000000 0.000000     0.184073     1.511579 
59325.008583 0.000000 0.000000     0.166479     1.508974 
59325.063401 0.000000 0.000000     0.149420     1.506322 
59325.118220 0.000000 0.000000     0.132925     1.503623 
59325.173038 0.000000 0.000000     0.117022     1.500877 
59325.227857 0.000000 0.000000     0.101740     1.498084 
59325.282675 0.000000 0.000000     0.087108     1.495243 
59325.337494 0.000000 0.000000     0.073154     1.492354 
59325.392312 0.000000 0.000000     0.059904     1.489415 
59325.447130 0.000000 0.000000     0.047386     1.486428 
59325.501949 0.000000 0.000000     0.035625     1.483391 
59325.556767 0.000000 0.000000     0.024648     1.480304 
59325.611586 0.000000 0.000000     0.014479     1.477166 
59325.666404 0.000000 0.000000     0.005142     1.473978 
59325.721223 0.000000 0.000000    -0.003338     1.470737 
59325.776041 0.000000 0.000000    -0.010940     1.467445 
59325.830859 0.000000 0.000000    -0.017642     1.464101 
59325.885678 0.000000 0.000000    -0.023423     1.460703 
59325.940496 0.000000 0.000000    -0.028262     1.457252 
59325.995315 0.000000 0.000000    -0.032141     1.453747 
59326.050133 0.000000 0.000000    -0.035043     1.450187 
59326.104952 0.000000 0.000000    -0.036950     1.446572 
59326.159770 0.000000 0.000000    -0.037846     1.442902 
59326.214588 0.000000 0.000000    -0.037717     1.439175 
59326.269407 0.000000 0.000000    -0.036550     1.435392 
59326.324225 0.000000 0.000000    -0.034332     1.431551 
59326.379044 0.000000 0.000000    -0.031052     1.427653 
59326.433862 0.000000 0.000000    -0.026701     1.423696 
59326.488681 0.000000 0.000000    -0.021271     1.419680 
59326.543499 0.000000 0.000000    -0.014754     1.415604 
59326.598317 0.000000 0.000000    -0.007144     1.411469 
59326.653136 0.000000 0.000000     0.001563     1.407273 
59326.707954 0.000000 0.000000     0.011369     1.403015 
59326.762773 0.000000 0.000000     0.022277     1.398695 
59326.817591 0.000000 0.000000     0.034287     1.394313 
59326.872410 0.000000 0.000000     0.047397     1.389868 
59326.927228 0.000000 0.000000     0.061605     1.385360 
59326.982046 0.000000 0.000000     0.076906     1.380787 
59327.036865 0.000000 0.000000     0.093295     1.376149 
59327.091683 0.000000 0.000000     0.110765     1.371445 
59327.146502 0.000000 0.000000     0.129307     1.366676 
59327.201320 0.000000 0.000000     0.148912     1.361840 
59327.256139 0.000000 0.000000     0.169567     1.356937 
59327.310957 0.000000 0.000000     0.191261     1.351966 
59327.365775 0.000000 0.000000     0.213978     1.346927 
59327.420594 0.000000 0.000000     0.237703     1.341818 
59327.475412 0.000000 0.000000     0.262419     1.336641 
59327.530231 0.000000 0.000000     0.288106     1.331393 
59327.585049 0.000000 0.000000     0.314746     1.326075 
59327.639868 0.000000 0.000000     0.342316     1.320685 
59327.694686 0.000000 0.000000     0.370794     1.315224 
59327.749504 0.000000 0.000000     0.400156     1.309691 
59327.804323 0.000000 0.000000     0.430376     1.304085 
59327.859141 0.000000 0.000000     0.461428     1.298406 
59327.913960 0.000000 0.000000     0.493284     1.292653 
59327.968778 0.000000 0.000000     0.525914     1.286826 
59328.023597 0.000000 0.000000     0.559288     1.280925 
59328.078415 0.000000 0.000000     0.593375     1.274948 
59328.133233 0.000000 0.000000     0.628141     1.268896 
59328.188052 0.000000 0.000000     0.663554     1.262768 
59328.242870 0.000000 0.000000     0.699578     1.256564 
59328.297689 0.000000 0.000000     0.736177     1.250283 
59328.352507 0.000000 0.000000     0.773316     1.243925 
59328.407326 0.000000 0.000000     0.810955     1.237489 
59328.462144 0.000000 0.000000     0.849057     1.230976 
59328.516962 0.000000 0.000000     0.887581     1.224385 
59328.571781 0.000000 0.000000     0.926489     1.217715 
59328.626599 0.000000 0.000000     0.965739     1.210967 
59328.681418 0.000000 0.000000     1.005289     1.204140 
59328.736236 0.000000 0.000000     1.045097     1.197235 
59328.791054 0.000000 0.000000     1.085121     1.190249 
59328.845873 0.000000 0.000000     1.125317     1.183185 
59328.900691 0.000000 0.000000     1.165641     1.176041 
59328.955510 0.000000 0.000000     1.206049     1.168817 
59329.010328 0.000000 0.000000     1.246497     1.161514 
59329.065147 0.000000 0.000000     1.286940     1.154131 
59329.119965 0.000000 0.000000     1.327332     1.146668 
59329.174783 0.000000 0.000000     1.367629     1.139125 
59329.229602 0.000000 0.000000     1.407785     1.131503 
59329.284420 0.000000 0.000000     1.447755     1.123800 
59329.339239 0.000000 0.000000     1.487493     1.116019 
59329.394057 0.000000 0.000000     1.526954     1.108158 
59329.448876 0.000000 0.000000     1.566093     1.100218 
59329.503694 0.000000 0.000000     1.604864     1.092199 
59329.558512 0.000000 0.000000     1.643223     1.084101 
59329.613331 0.000000 0.000000     1.681126     1.075925 
59329.668149 0.000000 0.000000     1.718527     1.067670 
59329.722968 0.000000 0.000000     1.755383     1.059338 
59329.777786 0.000000 0.000000     1.791651     1.050929 
59329.832605 0.000000 0.000000     1.827288     1.042444 
59329.887423 0.000000 0.000000     1.862252     1.033882 
59329.942241 0.000000 0.000000     1.896500     1.025244 
59329.997060 0.000000 0.000000     1.929993     1.016532 
59330.051878 0.000000 0.000000     1.962689     1.007745 
59330.106697 0.000000 0.000000     1.994550     0.998885 
59330.161515 0.000000 0.000000     2.025537     0.989952 
59330.216334 0.000000 0.000000     2.055612     0.980947 
59330.271152 0.000000 0.000000     2.084738     0.971872 
59330.325970 0.000000 0.000000     2.112879     0.962726 
59330.380789 0.000000 0.000000     2.140002     0.953512 
59330.435607 0.000000 0.000000     2.166071     0.944231 
59330.490426 0.000000 0.000000     2.191055     0.934883 
59330.545244 0.000000 0.000000     2.214922     0.925470 
59330.600063 0.000000 0.000000     2.237642     0.915993 
59330.654881 0.000000 0.000000     2.259185     0.906454 
59330.709699 0.000000 0.000000     2.279525     0.896854 
59330.764518 0.000000 0.000000     2.298635     0.887196 
59330.819336 0.000000 0.000000     2.316489     0.877480 
59330.874155 0.000000 0.000000     2.333064     0.867709 
59330.928973 0.000000 0.000000     2.348338     0.857885 
59330.983792 0.000000 0.000000     2.362290     0.848010 
59331.038610 0.000000 0.000000     2.374900     0.838085 
59331.093428 0.000000 0.000000     2.386151     0.828115 
59331.148247 0.000000 0.000000     2.396026     0.818100 
59331.203065 0.000000 0.000000     2.404510     0.808045 
59331.257884 0.000000 0.000000     2.411589     0.797951 
59331.312702 0.000000 0.000000     2.417253     0.787822 
59331.367521 0.000000 0.000000     2.421490     0.777661 
59331.422339 0.000000 0.000000     2.424293     0.767472 
59331.477157 0.000000 0.000000     2.425653     0.757258 
59331.531976 0.000000 0.000000     2.425565     0.747024 
59331.586794 0.000000 0.000000     2.424026     0.736773 
59331.641613 0.000000 0.000000     2.421033     0.726510 
59331.696431 0.000000 0.000000     2.416585     0.716241 
59331.751250 0.000000 0.000000     2.410684     0.705969 
59331.806068 0.000000 0.000000     2.403331     0.695702 
59331.860886 0.000000 0.000000     2.394531     0.685445 
59331.915705 0.000000 0.000000     2.384289     0.675203 
59331.970523 0.000000 0.000000     2.372613     0.664985 
59332.025342 0.000000 0.000000     2.359511     0.654798 
59332.080160 0.000000 0.000000     2.344994     0.644650 
59332.134979 0.000000 0.000000     2.329073     0.634548 
59332.189797 0.000000 0.000000     2.311762     0.624503 
59332.244615 0.000000 0.000000     2.293075     0.614524 
59332.299434 0.000000 0.000000     2.273030     0.604622 
59332.354252 0.000000 0.000000     2.251643     0.594808 
59332.409071 0.000000 0.000000     2.228934     0.585094 
59332.463889 0.000000 0.000000     2.204924     0.575494 
59332.518708 0.000000 0.000000     2.179634     0.566020 
59332.573526 0.000000 0.000000     2.153088     0.556689 
59332.628344 0.000000 0.000000     2.125310     0.547514 
59332.683163 0.000000 0.000000     2.096327     0.538514 
59332.737981 0.000000 0.000000     2.066165     0.529704 
59332.792800 0.000000 0.000000     2.034852     0.521103 
59332.847618 0.000000 0.000000     2.002419     0.512729 
59332.902437 0.000000 0.000000     1.968896     0.504601 
59332.957255 0.000000 0.000000     1.934314     0.496739 
59333.012073 0.000000 0.000000     1.898706     0.489162 
59333.066892 0.000000 0.000000     1.862107     0.481889 
59333.121710 0.000000 0.000000     1.824551     0.474938 
59333.176529 0.000000 0.000000     1.786073     0.468328 
59333.231347 0.000000 0.000000     1.746711     0.462073 
59333.286166 0.000000 0.000000     1.706501     0.456189 
59333.340984 0.000000 0.000000     1.665482     0.450688 
59333.395802 0.000000 0.000000     1.623693     0.445578 
59333.450621 0.000000 0.000000     1.581173     0.440867 
59333.505439 0.000000 0.000000     1.537962     0.436556 
59333.560258 0.000000 0.000000     1.494102     0.432647 
59333.615076 0.000000 0.000000     1.449634     0.429133 
59333.669895 0.000000 0.000000     1.404599     0.426007 
59333.724713 0.000000 0.000000     1.359041     0.423257 
59333.779531 0.000000 0.000000     1.313001     0.420868 
59333.834350 0.000000 0.000000     1.266523     0.418822 
59333.889168 0.000000 0.000000     1.219651     0.417098 
59333.943987 0.000000 0.000000     1.172427     0.415673 
59333.998805 0.000000 0.000000     1.124896     0.414523 
59334.053624 0.000000 0.000000     1.077102     0.413622 
59334.108442 0.000000 0.000000     1.029088     0.412945 
59334.163260 0.000000 0.000000     0.980900     0.412464 
59334.218079 0.000000 0.000000     0.932580     0.412155 
59334.272897 0.000000 0.000000     0.884173     0.411992 
59334.327716 0.000000 0.000000     0.835722     0.411952 
59334.382534 0.000000 0.000000     0.787273     0.412011 
59334.437353 0.000000 0.000000     0.738868     0.412149 
59334.492171 0.000000 0.000000     0.690550     0.412345 
59334.546989 0.000000 0.000000     0.642362     0.412581 
59334.601808 0.000000 0.000000     0.594348     0.412841 
59334.656626 0.000000 0.000000     0.546549     0.413109 
59334.711445 0.000000 0.000000     0.499007     0.413372 
59334.766263 0.000000 0.000000     0.451764     0.413618 
59334.821082 0.000000 0.000000     0.404860     0.413836 
59334.875900 0.000000 0.000000     0.358336     0.414018 
59334.930718 0.000000 0.000000     0.312232     0.414154 
59334.985537 0.000000 0.000000     0.266586     0.414239 
59335.040355 0.000000 0.000000     0.221436     0.414266 
59335.095174 0.000000 0.000000     0.176821     0.414231 
59335.149992 0.000000 0.000000     0.132777     0.414129 
59335.204811 0.000000 0.000000     0.089340     0.413959 
59335.259629 0.000000 0.000000     0.046545     0.413717 
59335.314447 0.000000 0.000000     0.004427     0.413402 
59335.369266 0.000000 0.000000    -0.036980     0.413013 
59335.424084 0.000000 0.000000    -0.077645     0.412550 
59335.478903 0.000000 0.000000    -0.117536     0.412014 
59335.533721 0.000000 0.000000    -0.156622     0.411404 
59335.588540 0.000000 0.000000    -0.194874     0.410722 
59335.643358 0.000000 0.000000    -0.232263     0.409970 
59335.698176 0.000000 0.000000    -0.268762     0.409149 
59335.752995 0.000000 0.000000    -0.304345     0.408262 
59335.807813 0.000000 0.000000    -0.338986     0.407311 
59335.862632 0.000000 0.000000    -0.372661     0.406299 
59335.917450 0.000000 0.000000    -0.405348     0.405228 
59335.972268 0.000000 0.000000    -0.437024     0.404102 
59336.027087 0.000000 0.000000    -0.467669     0.402925 
59336.081905 0.000000 0.000000    -0.497264     0.401700 
59336.136724 0.000000 0.000000    -0.525791     0.400430 
59336.191542 0.000000 0.000000    -0.553232     0.399119 
59336.246361 0.000000 0.000000    -0.579573     0.397771 
59336.301179 0.000000 0.000000    -0.604798     0.396390 
59336.355997 0.000000 0.000000    -0.628894     0.394981 
59336.410816 0.000000 0.000000    -0.651850     0.393546 
59336.465634 0.000000 0.000000    -0.673655     0.392090 
59336.520453 0.000000 0.000000    -0.694300     0.390617 
59336.575271 0.000000 0.000000    -0.713776     0.389131 
59336.630090 0.000000 0.000000    -0.732077     0.387636 
59336.684908 0.000000 0.000000    -0.749197     0.386136 
59336.739726 0.000000 0.000000    -0.765132     0.384636 
59336.794545 0.000000 0.000000    -0.779879     0.383138 
59336.849363 0.000000 0.000000    -0.793436     0.381646 
59336.904182 0.000000 0.000000    -0.805803     0.380165 
59336.959000 0.000000 0.000000    -0.816980     0.378698 
59337.013819 0.000000 0.000000    -0.826970     0.377248 
59337.068637 0.000000 0.000000    -0.835776     0.375819 
59337.123455 0.000000 0.000000    -0.843402     0.374414 
59337.178274 0.000000 0.000000    -0.849854     0.373036 
59337.233092 0.000000 0.000000    -0.855139     0.371688 
59337.287911 0.000000 0.000000    -0.859265     0.370373 
59337.342729 0.000000 0.000000    -0.862240     0.369094 
59337.397548 0.000000 0.000000    -0.864076     0.367852 
59337.452366 0.000000 0.000000    -0.864784     0.366651 
59337.507184 0.000000 0.000000    -0.864377     0.365493 
59337.562003 0.000000 0.000000    -0.862867     0.364379 
59337.616821 0.000000 0.000000    -0.860271     0.363311 
59337.671640 0.000000 0.000000    -0.856603     0.362292 
59337.726458 0.000000 0.000000    -0.851880     0.361323 
59337.781277 0.000000 0.000000    -0.846121     0.360404 
59337.836095 0.000000 0.000000    -0.839344     0.359539 
59337.890913 0.000000 0.000000    -0.831569     0.358727 
59337.945732 0.000000 0.000000    -0.822816     0.357970 
59338.000550 0.000000 0.000000    -0.813107     0.357268 
59338.055369 0.000000 0.000000    -0.802464     0.356622 
59338.110187 0.000000 0.000000    -0.790911     0.356034 
59338.165006 0.000000 0.000000    -0.778471     0.355503 
59338.219824 0.000000 0.000000    -0.765170     0.355029 
59338.274642 0.000000 0.000000    -0.751033     0.354614 
59338.329461 0.000000 0.000000    -0.736085     0.354256 
59338.384279 0.000000 0.000000    -0.720355     0.353957 
59338.439098 0.000000 0.000000    -0.703869     0.353715 
59338.493916 0.000000 0.000000    -0.686656     0.353532 
59338.548735 0.000000 0.000000    -0.668745     0.353406 
59338.603553 0.000000 0.000000    -0.650165     0.353337 
59338.658371 0.000000 0.000000    -0.630945     0.353324 
59338.713190 0.000000 0.000000    -0.611116     0.353367 
59338.768008 0.000000 0.000000    -0.590709     0.353464 
59338.822827 0.000000 0.000000    -0.569755     0.353616 
59338.877645 0.000000 0.000000    -0.548284     0.353821 
59338.932464 0.000000 0.000000    -0.526331     0.354077 
59338.987282 0.000000 0.000000    -0.503925     0.354383 
59339.042100 0.000000 0.000000    -0.481100     0.354738 
59339.096919 0.000000 0.000000    -0.457888     0.355141 
59339.151737 0.000000 0.000000    -0.434322     0.355589 
59339.206556 0.000000 0.000000    -0.410435     0.356080 
59339.261374 0.000000 0.000000    -0.386260     0.356613 
59339.316193 0.000000 0.000000    -0.361831     0.357185 
59339.371011 0.000000 0.000000    -0.337179     0.357795 
59339.425829 0.000000 0.000000    -0.312339     0.358440 
59339.480648 0.000000 0.000000    -0.287343     0.359116 
59339.535466 0.000000 0.000000    -0.262226     0.359823 
59339.590285 0.000000 0.000000    -0.237018     0.360557 
59339.645103 0.000000 0.000000    -0.211754     0.361315 
59339.699922 0.000000 0.000000    -0.186466     0.362094 
59339.754740 0.000000 0.000000    -0.161187     0.362892 
59339.809558 0.000000 0.000000    -0.135948     0.363705 
59339.864377 0.000000 0.000000    -0.110782     0.364531 
59339.919195 0.000000 0.000000    -0.085720     0.365366 
59339.974014 0.000000 0.000000    -0.060793     0.366207 
59340.028832 0.000000 0.000000    -0.036032     0.367051 
59340.083651 0.000000 0.000000    -0.011468     0.367895 
59340.138469 0.000000 0.000000     0.012870     0.368735 
59340.193287 0.000000 0.000000     0.036951     0.369570 
59340.248106 0.000000 0.000000     0.060748     0.370395 
59340.302924 0.000000 0.000000     0.084230     0.371207 
59340.357743 0.000000 0.000000     0.107372     0.372003 
59340.412561 0.000000 0.000000     0.130144     0.372781 
59340.467380 0.000000 0.000000     0.152521     0.373538 
59340.522198 0.000000 0.000000     0.174477     0.374270 
59340.577016 0.000000 0.000000     0.195986     0.374976 
59340.631835 0.000000 0.000000     0.217023     0.375652 
59340.686653 0.000000 0.000000     0.237565     0.376296 
59340.741472 0.000000 0.000000     0.257589     0.376905 
59340.796290 0.000000 0.000000     0.277072     0.377478 
59340.851109 0.000000 0.000000     0.295993     0.378013 
59340.905927 0.000000 0.000000     0.314330     0.378506 
59340.960745 0.000000 0.000000     0.332064     0.378958 
59341.015564 0.000000 0.000000     0.349176     0.379365 
59341.070382 0.000000 0.000000     0.365648     0.379727 
59341.125201 0.000000 0.000000     0.381463     0.380042 
59341.180019 0.000000 0.000000     0.396604     0.380309 
59341.234838 0.000000 0.000000     0.411055     0.380528 
59341.289656 0.000000 0.000000     0.424803     0.380697 
59341.344474 0.000000 0.000000     0.437833     0.380816 
59341.399293 0.000000 0.000000     0.450134     0.380886 
59341.454111 0.000000 0.000000     0.461693     0.380905 
59341.508930 0.000000 0.000000     0.472500     0.380874 
59341.563748 0.000000 0.000000     0.482546     0.380794 
59341.618567 0.000000 0.000000     0.491822     0.380665 
59341.673385 0.000000 0.000000     0.500320     0.380489 
59341.728203 0.000000 0.000000     0.508034     0.380265 
59341.783022 0.000000 0.000000     0.514958     0.379997 
59341.837840 0.000000 0.000000     0.521088     0.379685 
59341.892659 0.000000 0.000000     0.526420     0.379331 
59341.947477 0.000000 0.000000     0.530953     0.378939 
59342.002296 0.000000 0.000000     0.534684     0.378510 
59342.057114 0.000000 0.000000     0.537613     0.378047 
59342.111932 0.000000 0.000000     0.539740     0.377554 
59342.166751 0.000000 0.000000     0.541068     0.377033 
59342.221569 0.000000 0.000000     0.541599     0.376489 
59342.276388 0.000000 0.000000     0.541337     0.375925 
59342.331206 0.000000 0.000000     0.540286     0.375346 
59342.386025 0.000000 0.000000     0.538452     0.374756 
59342.440843 0.000000 0.000000     0.535842     0.374160 
59342.495661 0.000000 0.000000     0.532462     0.373563 
59342.550480 0.000000 0.000000     0.528322     0.372970 
59342.605298 0.000000 0.000000     0.523431     0.372387 
59342.660117 0.000000 0.000000     0.517800     0.371818 
59342.714935 0.000000 0.000000     0.511439     0.371270 
59342.769753 0.000000 0.000000     0.504361     0.370749 
59342.824572 0.000000 0.000000     0.496578     0.370260 
59342.879390 0.000000 0.000000     0.488105     0.369809 
59342.934209 0.000000 0.000000     0.478956     0.369401 
59342.989027 0.000000 0.000000     0.469147     0.369044 
59343.043846 0.000000 0.000000     0.458693     0.368741 
59343.098664 0.000000 0.000000     0.447612     0.368499 
59343.153482 0.000000 0.000000     0.435922     0.368323 
59343.208301 0.000000 0.000000     0.423640     0.368217 
59343.263119 0.000000 0.000000     0.410786     0.368186 
59343.317938 0.000000 0.000000     0.397380     0.368233 
59343.372756 0.000000 0.000000     0.383441     0.368364 
59343.427575 0.000000 0.000000     0.368992     0.368579 
59343.482393 0.000000 0.000000     0.354052     0.368883 
59343.537211 0.000000 0.000000     0.338644     0.369276 
59343.592030 0.000000 0.000000     0.322791     0.369760 
59343.646848 0.000000 0.000000     0.306516     0.370336 
59343.701667 0.000000 0.000000     0.289840     0.371003 
59343.756485 0.000000 0.000000     0.272790     0.371762 
59343.811304 0.000000 0.000000     0.255387     0.372609 
59343.866122 0.000000 0.000000     0.237657     0.373545 
59343.920940 0.000000 0.000000     0.219625     0.374565 
59343.975759 0.000000 0.000000     0.201315     0.375667 
59344.030577 0.000000 0.000000     0.182752     0.376847 
59344.085396 0.000000 0.000000     0.163962     0.378102 
59344.140214 0.000000 0.000000     0.144969     0.379426 
59344.195033 0.000000 0.000000     0.125800     0.380814 
59344.249851 0.000000 0.000000     0.106479     0.382262 
59344.304669 0.000000 0.000000     0.087033     0.383763 
59344.359488 0.000000 0.000000     0.067487     0.385313 
59344.414306 0.000000 0.000000     0.047866     0.386904 
59344.469125 0.000000 0.000000     0.028196     0.388532 
59344.523943 0.000000 0.000000     0.008502     0.390189 
59344.578762 0.000000 0.000000    -0.011191     0.391870 
59344.633580 0.000000 0.000000    -0.030858     0.393569 
59344.688398 0.000000 0.000000    -0.050475     0.395279 
59344.743217 0.000000 0.000000    -0.070016     0.396995 
59344.798035 0.000000 0.000000    -0.089459     0.398711 
59344.852854 0.000000 0.000000    -0.108780     0.400421 
59344.907672 0.000000 0.000000    -0.127954     0.402119 
59344.962491 0.000000 0.000000    -0.146960     0.403801 
59345.017309 0.000000 0.000000    -0.165775     0.405460 
59345.072127 0.000000 0.000000    -0.184377     0.407092 
59345.126946 0.000000 0.000000    -0.202744     0.408693 
59345.181764 0.000000 0.000000    -0.220856     0.410257 
59345.236583 0.000000 0.000000    -0.238693     0.411781 
59345.291401 0.000000 0.000000    -0.256234     0.413260 
59345.346220 0.000000 0.000000    -0.273462     0.414690 
59345.401038 0.000000 0.000000    -0.290356     0.416069 
59345.455856 0.000000 0.000000    -0.306901     0.417392 
59345.510675 0.000000 0.000000    -0.323079     0.418657 
59345.565493 0.000000 0.000000    -0.338873     0.419860 
59345.620312 0.000000 0.000000    -0.354268     0.421000 
59345.675130 0.000000 0.000000    -0.369251     0.422073 
59345.729949 0.000000 0.000000    -0.383806     0.423078 
59345.784767 0.000000 0.000000    -0.397921     0.424013 
59345.839585 0.000000 0.000000    -0.411584     0.424876 
59345.894404 0.000000 0.000000    -0.424783     0.425665 
59345.949222 0.000000 0.000000    -0.437509     0.426380 
59346.004041 0.000000 0.000000    -0.449752     0.427018 
59346.058859 0.000000 0.000000    -0.461503     0.427581 
59346.113678 0.000000 0.000000    -0.472754     0.428066 
59346.168496 0.000000 0.000000    -0.483499     0.428474 
59346.223314 0.000000 0.000000    -0.493733     0.428804 
59346.278133 0.000000 0.000000    -0.503450     0.429056 
59346.332951 0.000000 0.000000    -0.512646     0.429231 
59346.387770 0.000000 0.000000    -0.521319     0.429329 
59346.442588 0.000000 0.000000    -0.529467     0.429351 
59346.497407 0.000000 0.000000    -0.537088     0.429297 
59346.552225 0.000000 0.000000    -0.544183     0.429169 
59346.607043 0.000000 0.000000    -0.550753     0.428967 
59346.661862 0.000000 0.000000    -0.556799     0.428694 
59346.716680 0.000000 0.000000    -0.562324     0.428351 
59346.771499 0.000000 0.000000    -0.567332     0.427939 
59346.826317 0.000000 0.000000    -0.571828     0.427460 
59346.881136 0.000000 0.000000    -0.575817     0.426918 
59346.935954 0.000000 0.000000    -0.579306     0.426313 
59346.990772 0.000000 0.000000    -0.582302     0.425650 
59347.045591 0.000000 0.000000    -0.584813     0.424930 
59347.100409 0.000000 0.000000    -0.586849     0.424156 
59347.155228 0.000000 0.000000    -0.588419     0.423332 
59347.210046 0.000000 0.000000    -0.589534     0.422460 
59347.264865 0.000000 0.000000    -0.590206     0.421545 
59347.319683 0.000000 0.000000    -0.590446     0.420590 
59347.374501 0.000000 0.000000    -0.590268     0.419598 
59347.429320 0.000000 0.000000    -0.589686     0.418573 
59347.484138 0.000000 0.000000    -0.588713     0.417519 
59347.538957 0.000000 0.000000    -0.587366     0.416441 
59347.593775 0.000000 0.000000    -0.585659     0.415343 
59347.648594 0.000000 0.000000    -0.583610     0.414228 
59347.703412 0.000000 0.000000    -0.581234     0.413102 
59347.758230 0.000000 0.000000    -0.578549     0.411968 
59347.813049 0.000000 0.000000    -0.575573     0.410832 
59347.867867 0.000000 0.000000    -0.572324     0.409697 
59347.922686 0.000000 0.000000    -0.568822     0.408567 
59347.977504 0.000000 0.000000    -0.565084     0.407448 
59348.032323 0.000000 0.000000    -0.561132     0.406344 
59348.087141 0.000000 0.000000    -0.556983     0.405258 
59348.141959 0.000000 0.000000    -0.552659     0.404195 
59348.196778 0.000000 0.000000    -0.548179     0.403159 
59348.251596 0.000000 0.000000    -0.543565     0.402154 
59348.306415 0.000000 0.000000    -0.538836     0.401182 
59348.361233 0.000000 0.000000    -0.534013     0.400248 
59348.416052 0.000000 0.000000    -0.529116     0.399354 
59348.470870 0.000000 0.000000    -0.524168     0.398504 
59348.525688 0.000000 0.000000    -0.519187     0.397698 
59348.580507 0.000000 0.000000    -0.514196     0.396941 
59348.635325 0.000000 0.000000    -0.509214     0.396232 
59348.690144 0.000000 0.000000    -0.504261     0.395575 
59348.744962 0.000000 0.000000    -0.499358     0.394969 
59348.799781 0.000000 0.000000    -0.494525     0.394415 
59348.854599 0.000000 0.000000    -0.489781     0.393914 
59348.909417 0.000000 0.000000    -0.485145     0.393465 
59348.964236 0.000000 0.000000    -0.480637     0.393067 
59349.019054 0.000000 0.000000    -0.476274     0.392720 
59349.073873 0.000000 0.000000    -0.472075     0.392423 
59349.128691 0.000000 0.000000    -0.468057     0.392173 
59349.183510 0.000000 0.000000    -0.464238     0.391969 
59349.238328 0.000000 0.000000    -0.460633     0.391808 
59349.293146 0.000000 0.000000    -0.457259     0.391687 
59349.347965 0.000000 0.000000    -0.454131     0.391605 
59349.402783 0.000000 0.000000    -0.451262     0.391558 
59349.457602 0.000000 0.000000    -0.448667     0.391542 
59349.512420 0.000000 0.000000    -0.446359     0.391555 
59349.567239 0.000000 0.000000    -0.444350     0.391592 
59349.622057 0.000000 0.000000    -0.442652     0.391650 
59349.676875 0.000000 0.000000    -0.441274     0.391726 
59349.731694 0.000000 0.000000    -0.440227     0.391815 
59349.786512 0.000000 0.000000    -0.439520     0.391915 
59349.841331 0.000000 0.000000    -0.439160     0.392021 
59349.896149 0.000000 0.000000    -0.439154     0.392129 
59349.950967 0.000000 0.000000    -0.439509     0.392237 
59350.005786 0.000000 0.000000    -0.440228     0.392341 
59350.060604 0.000000 0.000000    -0.441317     0.392437 
59350.115423 0.000000 0.000000    -0.442779     0.392522 
59350.170241 0.000000 0.000000    -0.444614     0.392594 
59350.225060 0.000000 0.000000    -0.446824     0.392649 
59350.279878 0.000000 0.000000    -0.449409     0.392686 
59350.334696 0.000000 0.000000    -0.452368     0.392700 
59350.389515 0.000000 0.000000    -0.455698     0.392691 
59350.444333 0.000000 0.000000    -0.459396     0.392655 
59350.499152 0.000000 0.000000    -0.463457     0.392592 
59350.553970 0.000000 0.000000    -0.467876     0.392500 
59350.608789 0.000000 0.000000    -0.472646     0.392377 
59350.663607 0.000000 0.000000    -0.477760     0.392223 
59350.718425 0.000000 0.000000    -0.483209     0.392036 
59350.773244 0.000000 0.000000    -0.488982     0.391816 
59350.828062 0.000000 0.000000    -0.495069     0.391562 
59350.882881 0.000000 0.000000    -0.501457     0.391275 
59350.937699 0.000000 0.000000    -0.508135     0.390955 
59350.992518 0.000000 0.000000    -0.515088     0.390601 
59351.047336 0.000000 0.000000    -0.522300     0.390215 
59351.102154 0.000000 0.000000    -0.529757     0.389798 
59351.156973 0.000000 0.000000    -0.537440     0.389350 
59351.211791 0.000000 0.000000    -0.545332     0.388873 
59351.266610 0.000000 0.000000    -0.553415     0.388368 
59351.321428 0.000000 0.000000    -0.561668     0.387838 
59351.376247 0.000000 0.000000    -0.570071     0.387283 
59351.431065 0.000000 0.000000    -0.578602     0.386707 
59351.485883 0.000000 0.000000    -0.587240     0.386111 
59351.540702 0.000000 0.000000    -0.595961     0.385499 
59351.595520 0.000000 0.000000    -0.604742     0.384873 
59351.650339 0.000000 0.000000    -0.613559     0.384235 
59351.705157 0.000000 0.000000    -0.622386     0.383589 
59351.759976 0.000000 0.000000    -0.631198     0.382939 
59351.814794 0.000000 0.000000    -0.639969     0.382286 
59351.869612 0.000000 0.000000    -0.648671     0.381635 
59351.924431 0.000000 0.000000    -0.657279     0.380988 
59351.979249 0.000000 0.000000    -0.665764     0.380351 
59352.034068 0.000000 0.000000    -0.674098     0.379725 
59352.088886 0.000000 0.000000    -0.682253     0.379114 
59352.143705 0.000000 0.000000    -0.690201     0.378522 
59352.198523 0.000000 0.000000    -0.697912     0.377953 
59352.253341 0.000000 0.000000    -0.705357     0.377408 
59352.308160 0.000000 0.000000    -0.712508     0.376893 
59352.362978 0.000000 0.000000    -0.719335     0.376410 
59352.417797 0.000000 0.000000    -0.725809     0.375962 
59352.472615 0.000000 0.000000    -0.731900     0.375551 
59352.527434 0.000000 0.000000    -0.737579     0.375180 
59352.582252 0.000000 0.000000    -0.742817     0.374853 
59352.637070 0.000000 0.000000    -0.747586     0.374570 
59352.691889 0.000000 0.000000    -0.751857     0.374333 
59352.746707 0.000000 0.000000    -0.755600     0.374145 
59352.801526 0.000000 0.000000    -0.758789     0.374007 
59352.856344 0.000000 0.000000    -0.761396     0.373918 
59352.911163 0.000000 0.000000    -0.763393     0.373881 
59352.965981 0.000000 0.000000    -0.764753     0.373896 
59353.020799 0.000000 0.000000    -0.765452     0.373962 
59353.075618 0.000000 0.000000    -0.765462     0.374079 
59353.130436 0.000000 0.000000    -0.764760     0.374246 
59353.185255 0.000000 0.000000    -0.763321     0.374464 
59353.240073 0.000000 0.000000    -0.761122     0.374730 
59353.294892 0.000000 0.000000    -0.758141     0.375042 
59353.349710 0.000000 0.000000    -0.754354     0.375400 
59353.404528 0.000000 0.000000    -0.749743     0.375802 
59353.459347 0.000000 0.000000    -0.744287     0.376244 
59353.514165 0.000000 0.000000    -0.737967     0.376725 
59353.568984 0.000000 0.000000    -0.730765     0.377242 
59353.623802 0.000000 0.000000    -0.722665     0.377793 
59353.678621 0.000000 0.000000    -0.713651     0.378374 
59353.733439 0.000000 0.000000    -0.703709     0.378982 
59353.788257 0.000000 0.000000    -0.692825     0.379616 
59353.843076 0.000000 0.000000    -0.680988     0.380270 
59353.897894 0.000000 0.000000    -0.668188     0.380944 
59353.952713 0.000000 0.000000    -0.654413     0.381632 
59354.007531 0.000000 0.000000    -0.639658     0.382333 
59354.062350 0.000000 0.000000    -0.623914     0.383044 
59354.117168 0.000000 0.000000    -0.607177     0.383760 
59354.171986 0.000000 0.000000    -0.589442     0.384481 
59354.226805 0.000000 0.000000    -0.570709     0.385201 
59354.281623 0.000000 0.000000    -0.550974     0.385920 
59354.336442 0.000000 0.000000    -0.530240     0.386634 
59354.391260 0.000000 0.000000    -0.508508     0.387341 
59354.446079 0.000000 0.000000    -0.485782     0.388038 
59354.500897 0.000000 0.000000    -0.462067     0.388724 
59354.555715 0.000000 0.000000    -0.437369     0.389396 
59354.610534 0.000000 0.000000    -0.411696     0.390053 
59354.665352 0.000000 0.000000    -0.385059     0.390692 
59354.720171 0.000000 0.000000    -0.357469     0.391313 
59354.774989 0.000000 0.000000    -0.328938     0.391913 
59354.829808 0.000000 0.000000    -0.299480     0.392492 
59354.884626 0.000000 0.000000    -0.269113     0.393048 
59354.939444 0.000000 0.000000    -0.237852     0.393582 
59354.994263 0.000000 0.000000    -0.205718     0.394091 
59355.049081 0.000000 0.000000    -0.172730     0.394576 
59355.103900 0.000000 0.000000    -0.138910     0.395036 
59355.158718 0.000000 0.000000    -0.104283     0.395471 
59355.213537 0.000000 0.000000    -0.068872     0.395882 
59355.268355 0.000000 0.000000    -0.032705     0.396267 
59355.323173 0.000000 0.000000     0.004191     0.396629 
59355.377992 0.000000 0.000000     0.041787     0.396967 
59355.432810 0.000000 0.000000     0.080053     0.397282 
59355.487629 0.000000 0.000000     0.118955     0.397576 
59355.542447 0.000000 0.000000     0.158462     0.397848 
59355.597266 0.000000 0.000000     0.198539     0.398102 
59355.652084 0.000000 0.000000     0.239150     0.398337 
59355.706902 0.000000 0.000000     0.280258     0.398555 
59355.761721 0.000000 0.000000     0.321825     0.398759 
59355.816539 0.000000 0.000000     0.363813     0.398951 
59355.871358 0.000000 0.000000     0.406180     0.399132 
59355.926176 0.000000 0.000000     0.448886     0.399304 
59355.980995 0.000000 0.000000     0.491888     0.399471 
59356.035813 0.000000 0.000000     0.535143     0.399635 
59356.090631 0.000000 0.000000     0.578608     0.399797 
59356.145450 0.000000 0.000000     0.622238     0.399963 
59356.200268 0.000000 0.000000     0.665986     0.400133 
59356.255087 0.000000 0.000000     0.709807     0.400311 
59356.309905 0.000000 0.000000     0.753653     0.400501 
59356.364724 0.000000 0.000000     0.797477     0.400706 
59356.419542 0.000000 0.000000     0.841232     0.400929 
59356.474360 0.000000 0.000000     0.884867     0.401173 
59356.529179 0.000000 0.000000     0.928335     0.401443 
59356.583997 0.000000 0.000000     0.971586     0.401741 
59356.638816 0.000000 0.000000     1.014571     0.402071 
59356.693634 0.000000 0.000000     1.057238     0.402436 
59356.748452 0.000000 0.000000     1.099539     0.402841 
59356.803271 0.000000 0.000000     1.141422     0.403288 
59356.858089 0.000000 0.000000     1.182839     0.403782 
59356.912908 0.000000 0.000000     1.223738     0.404325 
59356.967726 0.000000 0.000000     1.264069     0.404921 
59357.022545 0.000000 0.000000     1.303782     0.405573 
59357.077363 0.000000 0.000000     1.342827     0.406284 
59357.132181 0.000000 0.000000     1.381156     0.407056 
59357.187000 0.000000 0.000000     1.418718     0.407893 
59357.241818 0.000000 0.000000     1.455464     0.408797 
59357.296637 0.000000 0.000000     1.491347     0.409771 
59357.351455 0.000000 0.000000     1.526319     0.410815 
59357.406274 0.000000 0.000000     1.560331     0.411932 
59357.461092 0.000000 0.000000     1.593338     0.413124 
59357.515910 0.000000 0.000000     1.625294     0.414391 
59357.570729 0.000000 0.000000     1.656152     0.415735 
59357.625547 0.000000 0.000000     1.685870     0.417156 
59357.680366 0.000000 0.000000     1.714403     0.418654 
59357.735184 0.000000 0.000000     1.741709     0.420230 
59357.790003 0.000000 0.000000     1.767746     0.421882 
59357.844821 0.000000 0.000000     1.792474     0.423611 
59357.899639 0.000000 0.000000     1.815853     0.425415 
59357.954458 0.000000 0.000000     1.837845     0.427294 
59358.009276 0.000000 0.000000     1.858413     0.429245 
59358.064095 0.000000 0.000000     1.877521     0.431267 
59358.118913 0.000000 0.000000     1.895135     0.433359 
59358.173732 0.000000 0.000000     1.911220     0.435517 
59358.228550 0.000000 0.000000     1.925746     0.437739 
59358.283368 0.000000 0.000000     1.938682     0.440023 
59358.338187 0.000000 0.000000     1.949998     0.442366 
59358.393005 0.000000 0.000000     1.959667     0.444765 
59358.447824 0.000000 0.000000     1.967664     0.447216 
59358.502642 0.000000 0.000000     1.973964     0.449718 
59358.557461 0.000000 0.000000     1.978544     0.452266 
59358.612279 0.000000 0.000000     1.981382     0.454856 
59358.667097 0.000000 0.000000     1.982460     0.457486 
59358.721916 0.000000 0.000000     1.981759     0.460152 
59358.776734 0.000000 0.000000     1.979263     0.462851 
59358.831553 0.000000 0.000000     1.974957     0.465578 
59358.886371 0.000000 0.000000     1.968830     0.468331 
59358.941190 0.000000 0.000000     1.960869     0.471106 
59358.996008 0.000000 0.000000     1.951066     0.473900 
59359.050826 0.000000 0.000000     1.939414     0.476708 
59359.105645 0.000000 0.000000     1.925905     0.479529 
59359.160463 0.000000 0.000000     1.910538     0.482358 
59359.215282 0.000000 0.000000     1.893309     0.485192 
59359.270100 0.000000 0.000000     1.874218     0.488028 
59359.324919 0.000000 0.000000     1.853267     0.490864 
59359.379737 0.000000 0.000000     1.830458     0.493696 
59359.434555 0.000000 0.000000     1.805799     0.496521 
59359.489374 0.000000 0.000000     1.779294     0.499338 
59359.544192 0.000000 0.000000     1.750953     0.502142 
59359.599011 0.000000 0.000000     1.720786     0.504933 
59359.653829 0.000000 0.000000     1.688805     0.507707 
59359.708648 0.000000 0.000000     1.655025     0.510462 
59359.763466 0.000000 0.000000     1.619461     0.513196 
59359.818284 0.000000 0.000000     1.582130     0.515908 
59359.873103 0.000000 0.000000     1.543051     0.518596 
59359.927921 0.000000 0.000000     1.502246     0.521258 
59359.982740 0.000000 0.000000     1.459736     0.523892 
59360.037558 0.000000 0.000000     1.415546     0.526497 
59360.092377 0.000000 0.000000     1.369700     0.529073 
59360.147195 0.000000 0.000000     1.322226     0.531618 
59360.202013 0.000000 0.000000     1.273153     0.534131 
59360.256832 0.000000 0.000000     1.222511     0.536611 
59360.311650 0.000000 0.000000     1.170330     0.539059 
59360.366469 0.000000 0.000000     1.116645     0.541473 
59360.421287 0.000000 0.000000     1.061489     0.543853 
59360.476106 0.000000 0.000000     1.004898     0.546199 
59360.530924 0.000000 0.000000     0.946909     0.548512 
59360.585742 0.000000 0.000000     0.887560     0.550792 
59360.640561 0.000000 0.000000     0.826891     0.553038 
59360.695379 0.000000 0.000000     0.764941     0.555252 
59360.750198 0.000000 0.000000     0.701752     0.557435 
59360.805016 0.000000 0.000000     0.637368     0.559586 
59360.859835 0.000000 0.000000     0.571831     0.561708 
59360.914653 0.000000 0.000000     0.505187     0.563801 
59360.969471 0.000000 0.000000     0.437481     0.565867 
59361.024290 0.000000 0.000000     0.368759     0.567907 
59361.079108 0.000000 0.000000     0.299068     0.569923 
59361.133927 0.000000 0.000000     0.228457     0.571917 
59361.188745 0.000000 0.000000     0.156974     0.573890 
59361.243564 0.000000 0.000000     0.084668     0.575845 
59361.298382 0.000000 0.000000     0.011589     0.577784 
59361.353200 0.000000 0.000000    -0.062212     0.579710 
59361.408019 0.000000 0.000000    -0.136684     0.581624 
59361.462837 0.000000 0.000000    -0.211777     0.583530 
59361.517656 0.000000 0.000000    -0.287438     0.585430 
59361.572474 0.000000 0.000000    -0.363616     0.587327 
59361.627293 0.000000 0.000000    -0.440258     0.589224 
59361.682111 0.000000 0.000000    -0.517313     0.591124 
59361.736929 0.000000 0.000000    -0.594726     0.593030 
59361.791748 0.000000 0.000000    -0.672446     0.594946 
59361.846566 0.000000 0.000000    -0.750420     0.596874 
59361.901385 0.000000 0.000000    -0.828595     0.598818 
59361.956203 0.000000 0.000000    -0.906919     0.600781 
59362.011022 0.000000 0.000000    -0.985338     0.602767 
59362.065840 0.000000 0.000000    -1.063802     0.604778 
59362.120658 0.000000 0.000000    -1.142257     0.606819 
59362.175477 0.000000 0.000000    -1.220652     0.608893 
59362.230295 0.000000 0.000000    -1.298936     0.611003 
59362.285114 0.000000 0.000000    -1.377057     0.613152 
59362.339932 0.000000 0.000000    -1.454965     0.615343 
59362.394751 0.000000 0.000000    -1.532609     0.617581 
59362.449569 0.000000 0.000000    -1.609940     0.619867 
59362.504387 0.000000 0.000000    -1.686909     0.622206 
59362.559206 0.000000 0.000000    -1.763468     0.624599 
59362.614024 0.000000 0.000000    -1.839568     0.627049 
59362.668843 0.000000 0.000000    -1.915163     0.629560 
59362.723661 0.000000 0.000000    -1.990207     0.632134 
59362.778480 0.000000 0.000000    -2.064654     0.634773 
59362.833298 0.000000 0.000000    -2.138459     0.637478 
59362.888116 0.000000 0.000000    -2.211579     0.640254 
59362.942935 0.000000 0.000000    -2.283970     0.643100 
59362.997753 0.000000 0.000000    -2.355592     0.646019 
59363.052572 0.000000 0.000000    -2.426403     0.649012 
59363.107390 0.000000 0.000000    -2.496363     0.652081 
59363.162209 0.000000 0.000000    -2.565434     0.655226 
59363.217027 0.000000 0.000000    -2.633577     0.658449 
59363.271845 0.000000 0.000000    -2.700757     0.661750 
59363.326664 0.000000 0.000000    -2.766937     0.665130 
59363.381482 0.000000 0.000000    -2.832084     0.668588 
59363.436301 0.000000 0.000000    -2.896164     0.672126 
59363.491119 0.000000 0.000000    -2.959146     0.675742 
59363.545938 0.000000 0.000000    -3.020999     0.679438 
59363.600756 0.000000 0.000000    -3.081693     0.683212 
59363.655574 0.000000 0.000000    -3.141201     0.687063 
59363.710393 0.000000 0.000000    -3.199496     0.690992 
59363.765211 0.000000 0.000000    -3.256552     0.694998 
59363.820030 0.000000 0.000000    -3.312346     0.699079 
59363.874848 0.000000 0.000000    -3.366854     0.703234 
59363.929666 0.000000 0.000000    -3.420055     0.707462 
59363.984485 0.000000 0.000000    -3.471929     0.711762 
59364.039303 0.000000 0.000000    -3.522458     0.716133 
59364.094122 0.000000 0.000000    -3.571624     0.720573 
59364.148940 0.000000 0.000000    -3.619411     0.725080 
59364.203759 0.000000 0.000000    -3.665805     0.729653 
59364.258577 0.000000 0.000000    -3.710792     0.734291 
59364.313395 0.000000 0.000000    -3.754362     0.738991 
59364.368214 0.000000 0.000000    -3.796503     0.743752 
59364.423032 0.000000 0.000000    -3.837207     0.748572 
59364.477851 0.000000 0.000000    -3.876465     0.753450 
59364.532669 0.000000 0.000000    -3.914273     0.758383 
59364.587488 0.000000 0.000000    -3.950625     0.763370 
59364.642306 0.000000 0.000000    -3.985518     0.768409 
59364.697124 0.000000 0.000000    -4.018950     0.773499 
59364.751943 0.000000 0.000000    -4.050920     0.778637 
59364.806761 0.000000 0.000000    -4.081428     0.783821 
59364.861580 0.000000 0.000000    -4.110477     0.789051 
59364.916398 0.000000 0.000000    -4.138070     0.794324 
59364.971217 0.000000 0.000000    -4.164212     0.799638 
59365.026035 0.000000 0.000000    -4.188908     0.804993 
59365.080853 0.000000 0.000000    -4.212165     0.810385 
59365.135672 0.000000 0.000000    -4.233992     0.815815 
59365.190490 0.000000 0.000000    -4.254398     0.821279 
59365.245309 0.000000 0.000000    -4.273395     0.826777 
59365.300127 0.000000 0.000000    -4.290993     0.832307 
59365.354946 0.000000 0.000000    -4.307207     0.837867 
59365.409764 0.000000 0.000000    -4.322050     0.843457 
59365.464582 0.000000 0.000000    -4.335538     0.849074 
59365.519401 0.000000 0.000000    -4.347687     0.854717 
59365.574219 0.000000 0.000000    -4.358514     0.860385 
59365.629038 0.000000 0.000000    -4.368039     0.866076 
59365.683856 0.000000 0.000000    -4.376280     0.871789 
59365.738675 0.000000 0.000000    -4.383258     0.877523 
59365.793493 0.000000 0.000000    -4.388994     0.883277 
59365.848311 0.000000 0.000000    -4.393511     0.889048 
59365.903130 0.000000 0.000000    -4.396831     0.894837 
59365.957948 0.000000 0.000000    -4.398980     0.900641 
59366.012767 0.000000 0.000000    -4.399980     0.906460 
59366.067585 0.000000 0.000000    -4.399859     0.912293 
59366.122404 0.000000 0.000000    -4.398642     0.918137 
59366.177222 0.000000 0.000000    -4.396356     0.923993 
59366.232040 0.000000 0.000000    -4.393029     0.929858 
59366.286859 0.000000 0.000000    -4.388690     0.935732 
59366.341677 0.000000 0.000000    -4.383366     0.941614 
59366.396496 0.000000 0.000000    -4.377088     0.947503 
59366.451314 0.000000 0.000000    -4.369885     0.953397 
59366.506133 0.000000 0.000000    -4.361788     0.959296 
59366.560951 0.000000 0.000000    -4.352828     0.965198 
59366.615769 0.000000 0.000000    -4.343037     0.971102 
59366.670588 0.000000 0.000000    -4.332444     0.977008 
59366.725406 0.000000 0.000000    -4.321084     0.982913 
59366.780225 0.000000 0.000000    -4.308988     0.988819 
59366.835043 0.000000 0.000000    -4.296188     0.994722 
59366.889862 0.000000 0.000000    -4.282718     1.000622 
59366.944680 0.000000 0.000000    -4.268610     1.006519 
59366.999498 0.000000 0.000000    -4.253897     1.012411 
59367.054317 0.000000 0.000000    -4.238613     1.018297 
59367.109135 0.000000 0.000000    -4.222791     1.024176 
59367.163954 0.000000 0.000000    -4.206464     1.030048 
59367.218772 0.000000 0.000000    -4.189666     1.035911 
59367.273591 0.000000 0.000000    -4.172429     1.041764 
59367.328409 0.000000 0.000000    -4.154788     1.047607 
59367.383227 0.000000 0.000000    -4.136774     1.053438 
59367.438046 0.000000 0.000000    -4.118422     1.059257 
59367.492864 0.000000 0.000000    -4.099763     1.065062 
59367.547683 0.000000 0.000000    -4.080831     1.070854 
59367.602501 0.000000 0.000000    -4.061657     1.076630 
59367.657320 0.000000 0.000000    -4.042274     1.082390 
59367.712138 0.000000 0.000000    -4.022712     1.088133 
59367.766956 0.000000 0.000000    -4.003004     1.093859 
59367.821775 0.000000 0.000000    -3.983180     1.099566 
59367.876593 0.000000 0.000000    -3.963271     1.105254 
59367.931412 0.000000 0.000000    -3.943307     1.110921 
59367.986230 0.000000 0.000000    -3.923317     1.116568 
59368.041049 0.000000 0.000000    -3.903330     1.122193 
59368.095867 0.000000 0.000000    -3.883375     1.127796 
59368.150685 0.000000 0.000000    -3.863480     1.133376 
59368.205504 0.000000 0.000000    -3.843671     1.138931 
59368.260322 0.000000 0.000000    -3.823977     1.144462 
59368.315141 0.000000 0.000000    -3.804421     1.149968 
59368.369959 0.000000 0.000000    -3.785031     1.155448 
59368.424778 0.000000 0.000000    -3.765830     1.160902 
59368.479596 0.000000 0.000000    -3.746842     1.166328 
59368.534414 0.000000 0.000000    -3.728091     1.171727 
59368.589233 0.000000 0.000000    -3.709599     1.177097 
59368.644051 0.000000 0.000000    -3.691387     1.182439 
59368.698870 0.000000 0.000000    -3.673476     1.187751 
59368.753688 0.000000 0.000000    -3.655887     1.193033 
59368.808507 0.000000 0.000000    -3.638638     1.198285 
59368.863325 0.000000 0.000000    -3.621747     1.203506 
59368.918143 0.000000 0.000000    -3.605231     1.208696 
59368.972962 0.000000 0.000000    -3.589108     1.213854 
59369.027780 0.000000 0.000000    -3.573393     1.218980 
59369.082599 0.000000 0.000000    -3.558100     1.224074 
59369.137417 0.000000 0.000000    -3.543243     1.229134 
59369.192236 0.000000 0.000000    -3.528834     1.234162 
59369.247054 0.000000 0.000000    -3.514886     1.239156 
59369.301872 0.000000 0.000000    -3.501409     1.244116 
59369.356691 0.000000 0.000000    -3.488413     1.249042 
59369.411509 0.000000 0.000000    -3.475907     1.253933 
59369.466328 0.000000 0.000000    -3.463898     1.258790 
59369.521146 0.000000 0.000000    -3.452395     1.263612 
59369.575965 0.000000 0.000000    -3.441402     1.268399 
59369.630783 0.000000 0.000000    -3.430924     1.273151 
59369.685601 0.000000 0.000000    -3.420967     1.277867 
59369.740420 0.000000 0.000000    -3.411532     1.282548 
59369.795238 0.000000 0.000000    -3.402621     1.287192 
59369.850057 0.000000 0.000000    -3.394237     1.291801 
59369.904875 0.000000 0.000000    -3.386378     1.296374 
59369.959694 0.000000 0.000000    -3.379044     1.300911 
59370.014512 0.000000 0.000000    -3.372234     1.305412 
59370.069330 0.000000 0.000000    -3.365943     1.309876 
59370.124149 0.000000 0.000000    -3.360170     1.314304 
59370.178967 0.000000 0.000000    -3.354909     1.318695 
59370.233786 0.000000 0.000000    -3.350155     1.323050 
59370.288604 0.000000 0.000000    -3.345902     1.327368 
59370.343423 0.000000 0.000000    -3.342142     1.331650 
59370.398241 0.000000 0.000000    -3.338867     1.335895 
59370.453059 0.000000 0.000000    -3.336068     1.340104 
59370.507878 0.000000 0.000000    -3.333736     1.344276 
59370.562696 0.000000 0.000000    -3.331860     1.348411 
59370.617515 0.000000 0.000000    -3.330429     1.352510 
59370.672333 0.000000 0.000000    -3.329430     1.356572 
59370.727151 0.000000 0.000000    -3.328852     1.360597 
59370.781970 0.000000 0.000000    -3.328680     1.364586 
59370.836788 0.000000 0.000000    -3.328900     1.368538 
59370.891607 0.000000 0.000000    -3.329498     1.372453 
59370.946425 0.000000 0.000000    -3.330458     1.376332 
59371.001244 0.000000 0.000000    -3.331764     1.380175 
59371.056062 0.000000 0.000000    -3.333400     1.383981 
59371.110880 0.000000 0.000000    -3.335348     1.387750 
59371.165699 0.000000 0.000000    -3.337590     1.391483 
59371.220517 0.000000 0.000000    -3.340109     1.395180 
59371.275336 0.000000 0.000000    -3.342885     1.398840 
59371.330154 0.000000 0.000000    -3.345900     1.402464 
59371.384973 0.000000 0.000000    -3.349135     1.406052 
59371.439791 0.000000 0.000000    -3.352569     1.409603 
59371.494609 0.000000 0.000000    -3.356183     1.413118 
59371.549428 0.000000 0.000000    -3.359956     1.416597 
59371.604246 0.000000 0.000000    -3.363867     1.420040 
59371.659065 0.000000 0.000000    -3.367895     1.423446 
59371.713883 0.000000 0.000000    -3.372021     1.426816 
59371.768702 0.000000 0.000000    -3.376221     1.430151 
59371.823520 0.000000 0.000000    -3.380476     1.433449 
59371.878338 0.000000 0.000000    -3.384763     1.436711 
59371.933157 0.000000 0.000000    -3.389062     1.439937 
59371.987975 0.000000 0.000000    -3.393350     1.443127 
59372.042794 0.000000 0.000000    -3.397606     1.446281 
59372.097612 0.000000 0.000000    -3.401810     1.449400 
59372.152431 0.000000 0.000000    -3.405940     1.452482 
59372.207249 0.000000 0.000000    -3.409974     1.455529 
59372.262067 0.000000 0.000000    -3.413892     1.458540 
59372.316886 0.000000 0.000000    -3.417673     1.461515 
59372.371704 0.000000 0.000000    -3.421297     1.464454 
59372.426523 0.000000 0.000000    -3.424743     1.467357 
59372.481341 0.000000 0.000000    -3.427991     1.470225 
59372.536160 0.000000 0.000000    -3.431023     1.473057 
59372.590978 0.000000 0.000000    -3.433818     1.475854 
59372.645796 0.000000 0.000000    -3.436358     1.478615 
59372.700615 0.000000 0.000000    -3.438625     1.481341 
59372.755433 0.000000 0.000000    -3.440601     1.484031 
59372.810252 0.000000 0.000000    -3.442268     1.486686 
59372.865070 0.000000 0.000000    -3.443609     1.489305 
59372.919889 0.000000 0.000000    -3.444609     1.491889 
59372.974707 0.000000 0.000000    -3.445251     1.494438 
59373.029525 0.000000 0.000000    -3.445521     1.496952 
59373.084344 0.000000 0.000000    -3.445404     1.499431 
59373.139162 0.000000 0.000000    -3.444886     1.501874 
59373.193981 0.000000 0.000000    -3.443954     1.504283 
59373.248799 0.000000 0.000000    -3.442596     1.506657 
59373.303618 0.000000 0.000000    -3.440800     1.508996 
59373.358436 0.000000 0.000000    -3.438554     1.511300 
59373.413254 0.000000 0.000000    -3.435850     1.513570 
59373.468073 0.000000 0.000000    -3.432677     1.515805 
59373.522891 0.000000 0.000000    -3.429027     1.518006 
59373.577710 0.000000 0.000000    -3.424892     1.520173 
59373.632528 0.000000 0.000000    -3.420265     1.522305 
59373.687347 0.000000 0.000000    -3.415140     1.524404 
59373.742165 0.000000 0.000000    -3.409512     1.526468 
59373.796983 0.000000 0.000000    -3.403377     1.528499 
59373.851802 0.000000 0.000000    -3.396730     1.530496 
59373.906620 0.000000 0.000000    -3.389569     1.532460 
59373.961439 0.000000 0.000000    -3.381892     1.534389 
59374.016257 0.000000 0.000000    -3.373699     1.536286 
59374.071076 0.000000 0.000000    -3.364989     1.538150 
59374.125894 0.000000 0.000000     0.001514          nan 
