# time Tc_folded Tref_folded model model_err 
59330.571122 0.000000 0.000000     0.457151     0.503244 
59330.605774 0.000000 0.000000     0.432810     0.503076 
59330.640426 0.000000 0.000000     0.408456     0.502870 
59330.675078 0.000000 0.000000     0.384098     0.502624 
59330.709730 0.000000 0.000000     0.359743     0.502339 
59330.744382 0.000000 0.000000     0.335401     0.502014 
59330.779034 0.000000 0.000000     0.311080     0.501648 
59330.813686 0.000000 0.000000     0.286790     0.501241 
59330.848338 0.000000 0.000000     0.262538     0.500793 
59330.882990 0.000000 0.000000     0.238334     0.500303 
59330.917642 0.000000 0.000000     0.214186     0.499771 
59330.952294 0.000000 0.000000     0.190104     0.499197 
59330.986946 0.000000 0.000000     0.166094     0.498581 
59331.021598 0.000000 0.000000     0.142167     0.497922 
59331.056250 0.000000 0.000000     0.118330     0.497220 
59331.090902 0.000000 0.000000     0.094592     0.496476 
59331.125554 0.000000 0.000000     0.070961     0.495688 
59331.160206 0.000000 0.000000     0.047446     0.494858 
59331.194858 0.000000 0.000000     0.024055     0.493985 
59331.229510 0.000000 0.000000     0.000796     0.493070 
59331.264162 0.000000 0.000000    -0.022323     0.492111 
59331.298814 0.000000 0.000000    -0.045293     0.491110 
59331.333466 0.000000 0.000000    -0.068107     0.490066 
59331.368118 0.000000 0.000000    -0.090757     0.488980 
59331.402770 0.000000 0.000000    -0.113235     0.487852 
59331.437422 0.000000 0.000000    -0.135533     0.486682 
59331.472074 0.000000 0.000000    -0.157643     0.485470 
59331.506726 0.000000 0.000000    -0.179559     0.484217 
59331.541378 0.000000 0.000000    -0.201272     0.482923 
59331.576030 0.000000 0.000000    -0.222775     0.481588 
59331.610682 0.000000 0.000000    -0.244062     0.480212 
59331.645334 0.000000 0.000000    -0.265124     0.478796 
59331.679986 0.000000 0.000000    -0.285955     0.477341 
59331.714638 0.000000 0.000000    -0.306548     0.475847 
59331.749290 0.000000 0.000000    -0.326897     0.474314 
59331.783942 0.000000 0.000000    -0.346993     0.472742 
59331.818594 0.000000 0.000000    -0.366832     0.471133 
59331.853246 0.000000 0.000000    -0.386406     0.469486 
59331.887898 0.000000 0.000000    -0.405709     0.467803 
59331.922550 0.000000 0.000000    -0.424735     0.466084 
59331.957202 0.000000 0.000000    -0.443478     0.464329 
59331.991854 0.000000 0.000000    -0.461932     0.462540 
59332.026506 0.000000 0.000000    -0.480092     0.460716 
59332.061158 0.000000 0.000000    -0.497951     0.458859 
59332.095810 0.000000 0.000000    -0.515505     0.456969 
59332.130462 0.000000 0.000000    -0.532747     0.455047 
59332.165114 0.000000 0.000000    -0.549673     0.453094 
59332.199766 0.000000 0.000000    -0.566277     0.451110 
59332.234418 0.000000 0.000000    -0.582556     0.449097 
59332.269070 0.000000 0.000000    -0.598503     0.447055 
59332.303722 0.000000 0.000000    -0.614115     0.444986 
59332.338374 0.000000 0.000000    -0.629386     0.442889 
59332.373026 0.000000 0.000000    -0.644314     0.440767 
59332.407678 0.000000 0.000000    -0.658893     0.438620 
59332.442330 0.000000 0.000000    -0.673120     0.436449 
59332.476982 0.000000 0.000000    -0.686990     0.434255 
59332.511634 0.000000 0.000000    -0.700501     0.432039 
59332.546286 0.000000 0.000000    -0.713649     0.429803 
59332.580938 0.000000 0.000000    -0.726430     0.427547 
59332.615590 0.000000 0.000000    -0.738842     0.425273 
59332.650242 0.000000 0.000000    -0.750881     0.422982 
59332.684894 0.000000 0.000000    -0.762544     0.420675 
59332.719546 0.000000 0.000000    -0.773830     0.418354 
59332.754198 0.000000 0.000000    -0.784735     0.416019 
59332.788850 0.000000 0.000000    -0.795257     0.413674 
59332.823502 0.000000 0.000000    -0.805395     0.411317 
59332.858154 0.000000 0.000000    -0.815145     0.408952 
59332.892806 0.000000 0.000000    -0.824507     0.406580 
59332.927458 0.000000 0.000000    -0.833479     0.404202 
59332.962110 0.000000 0.000000    -0.842060     0.401820 
59332.996762 0.000000 0.000000    -0.850247     0.399435 
59333.031414 0.000000 0.000000    -0.858040     0.397049 
59333.066066 0.000000 0.000000    -0.865439     0.394665 
59333.100718 0.000000 0.000000    -0.872442     0.392282 
59333.135370 0.000000 0.000000    -0.879049     0.389905 
59333.170022 0.000000 0.000000    -0.885259     0.387533 
59333.204674 0.000000 0.000000    -0.891072     0.385169 
59333.239326 0.000000 0.000000    -0.896488     0.382816 
59333.273978 0.000000 0.000000    -0.901508     0.380474 
59333.308630 0.000000 0.000000    -0.906131     0.378146 
59333.343282 0.000000 0.000000    -0.910358     0.375834 
59333.377934 0.000000 0.000000    -0.914190     0.373540 
59333.412586 0.000000 0.000000    -0.917627     0.371265 
59333.447238 0.000000 0.000000    -0.920670     0.369012 
59333.481890 0.000000 0.000000    -0.923321     0.366784 
59333.516542 0.000000 0.000000    -0.925580     0.364581 
59333.551194 0.000000 0.000000    -0.927449     0.362406 
59333.585846 0.000000 0.000000    -0.928930     0.360262 
59333.620498 0.000000 0.000000    -0.930025     0.358149 
59333.655150 0.000000 0.000000    -0.930735     0.356071 
59333.689802 0.000000 0.000000    -0.931062     0.354029 
59333.724454 0.000000 0.000000    -0.931009     0.352025 
59333.759106 0.000000 0.000000    -0.930578     0.350061 
59333.793758 0.000000 0.000000    -0.929771     0.348140 
59333.828410 0.000000 0.000000    -0.928592     0.346262 
59333.863062 0.000000 0.000000    -0.927042     0.344430 
59333.897714 0.000000 0.000000    -0.925126     0.342646 
59333.932366 0.000000 0.000000    -0.922846     0.340910 
59333.967018 0.000000 0.000000    -0.920205     0.339225 
59334.001670 0.000000 0.000000    -0.917207     0.337592 
59334.036322 0.000000 0.000000    -0.913856     0.336012 
59334.070974 0.000000 0.000000    -0.910154     0.334487 
59334.105626 0.000000 0.000000    -0.906106     0.333018 
59334.140278 0.000000 0.000000    -0.901716     0.331605 
59334.174930 0.000000 0.000000    -0.896988     0.330250 
59334.209582 0.000000 0.000000    -0.891926     0.328953 
59334.244234 0.000000 0.000000    -0.886534     0.327714 
59334.278886 0.000000 0.000000    -0.880817     0.326535 
59334.313538 0.000000 0.000000    -0.874780     0.325414 
59334.348190 0.000000 0.000000    -0.868426     0.324354 
59334.382842 0.000000 0.000000    -0.861761     0.323352 
59334.417494 0.000000 0.000000    -0.854791     0.322409 
59334.452146 0.000000 0.000000    -0.847518     0.321526 
59334.486798 0.000000 0.000000    -0.839950     0.320700 
59334.521450 0.000000 0.000000    -0.832091     0.319931 
59334.556102 0.000000 0.000000    -0.823946     0.319220 
59334.590754 0.000000 0.000000    -0.815522     0.318563 
59334.625406 0.000000 0.000000    -0.806822     0.317962 
59334.660058 0.000000 0.000000    -0.797854     0.317413 
59334.694710 0.000000 0.000000    -0.788622     0.316917 
59334.729362 0.000000 0.000000    -0.779133     0.316471 
59334.764014 0.000000 0.000000    -0.769393     0.316074 
59334.798666 0.000000 0.000000    -0.759407     0.315724 
59334.833318 0.000000 0.000000    -0.749181     0.315420 
59334.867970 0.000000 0.000000    -0.738722     0.315160 
59334.902622 0.000000 0.000000    -0.728035     0.314942 
59334.937274 0.000000 0.000000    -0.717128     0.314764 
59334.971926 0.000000 0.000000    -0.706006     0.314625 
59335.006578 0.000000 0.000000    -0.694675     0.314522 
59335.041230 0.000000 0.000000    -0.683143     0.314454 
59335.075882 0.000000 0.000000    -0.671416     0.314418 
59335.110534 0.000000 0.000000    -0.659499     0.314413 
59335.145186 0.000000 0.000000    -0.647401     0.314438 
59335.179838 0.000000 0.000000    -0.635127     0.314489 
59335.214490 0.000000 0.000000    -0.622684     0.314566 
59335.249142 0.000000 0.000000    -0.610079     0.314666 
59335.283794 0.000000 0.000000    -0.597319     0.314787 
59335.318446 0.000000 0.000000    -0.584410     0.314929 
59335.353098 0.000000 0.000000    -0.571360     0.315089 
59335.387750 0.000000 0.000000    -0.558175     0.315265 
59335.422402 0.000000 0.000000    -0.544862     0.315457 
59335.457054 0.000000 0.000000    -0.531428     0.315662 
59335.491706 0.000000 0.000000    -0.517880     0.315879 
59335.526358 0.000000 0.000000    -0.504225     0.316107 
59335.561010 0.000000 0.000000    -0.490471     0.316344 
59335.595662 0.000000 0.000000    -0.476623     0.316589 
59335.630314 0.000000 0.000000    -0.462689     0.316842 
59335.664966 0.000000 0.000000    -0.448676     0.317100 
59335.699618 0.000000 0.000000    -0.434591     0.317362 
59335.734270 0.000000 0.000000    -0.420441     0.317629 
59335.768922 0.000000 0.000000    -0.406233     0.317898 
59335.803574 0.000000 0.000000    -0.391973     0.318169 
59335.838226 0.000000 0.000000    -0.377670     0.318440 
59335.872878 0.000000 0.000000    -0.363330     0.318712 
59335.907530 0.000000 0.000000    -0.348959     0.318984 
59335.942182 0.000000 0.000000    -0.334565     0.319254 
59335.976834 0.000000 0.000000    -0.320154     0.319522 
59336.011486 0.000000 0.000000    -0.305734     0.319787 
59336.046138 0.000000 0.000000    -0.291311     0.320050 
59336.080790 0.000000 0.000000    -0.276893     0.320309 
59336.115442 0.000000 0.000000    -0.262485     0.320564 
59336.150094 0.000000 0.000000    -0.248095     0.320815 
59336.184746 0.000000 0.000000    -0.233729     0.321060 
59336.219398 0.000000 0.000000    -0.219394     0.321301 
59336.254050 0.000000 0.000000    -0.205097     0.321536 
59336.288702 0.000000 0.000000    -0.190843     0.321766 
59336.323354 0.000000 0.000000    -0.176641     0.321989 
59336.358006 0.000000 0.000000    -0.162495     0.322206 
59336.392658 0.000000 0.000000    -0.148414     0.322417 
59336.427310 0.000000 0.000000    -0.134401     0.322621 
59336.461962 0.000000 0.000000    -0.120465     0.322819 
59336.496614 0.000000 0.000000    -0.106612     0.323010 
59336.531266 0.000000 0.000000    -0.092847     0.323193 
59336.565918 0.000000 0.000000    -0.079176     0.323370 
59336.600570 0.000000 0.000000    -0.065606     0.323539 
59336.635222 0.000000 0.000000    -0.052143     0.323702 
59336.669874 0.000000 0.000000    -0.038792     0.323857 
59336.704526 0.000000 0.000000    -0.025559     0.324005 
59336.739178 0.000000 0.000000    -0.012450     0.324145 
59336.773830 0.000000 0.000000     0.000530     0.324279 
59336.808482 0.000000 0.000000     0.013374     0.324404 
59336.843134 0.000000 0.000000     0.026078     0.324523 
59336.877786 0.000000 0.000000     0.038636     0.324634 
59336.912438 0.000000 0.000000     0.051043     0.324738 
59336.947090 0.000000 0.000000     0.063294     0.324834 
59336.981742 0.000000 0.000000     0.075383     0.324923 
59337.016394 0.000000 0.000000     0.087306     0.325005 
59337.051046 0.000000 0.000000     0.099058     0.325080 
59337.085698 0.000000 0.000000     0.110633     0.325147 
59337.120350 0.000000 0.000000     0.122028     0.325207 
59337.155002 0.000000 0.000000     0.133237     0.325260 
59337.189654 0.000000 0.000000     0.144257     0.325306 
59337.224306 0.000000 0.000000     0.155082     0.325344 
59337.258958 0.000000 0.000000     0.165708     0.325376 
59337.293610 0.000000 0.000000     0.176132     0.325400 
59337.328262 0.000000 0.000000     0.186349     0.325417 
59337.362914 0.000000 0.000000     0.196355     0.325428 
59337.397566 0.000000 0.000000     0.206147     0.325431 
59337.432218 0.000000 0.000000     0.215721     0.325427 
59337.466870 0.000000 0.000000     0.225072     0.325416 
59337.501522 0.000000 0.000000     0.234199     0.325398 
59337.536174 0.000000 0.000000     0.243096     0.325374 
59337.570826 0.000000 0.000000     0.251761     0.325343 
59337.605478 0.000000 0.000000     0.260192     0.325304 
59337.640130 0.000000 0.000000     0.268384     0.325259 
59337.674782 0.000000 0.000000     0.276335     0.325208 
59337.709434 0.000000 0.000000     0.284042     0.325150 
59337.744086 0.000000 0.000000     0.291503     0.325085 
59337.778738 0.000000 0.000000     0.298714     0.325014 
59337.813390 0.000000 0.000000     0.305674     0.324936 
59337.848042 0.000000 0.000000     0.312381     0.324852 
59337.882694 0.000000 0.000000     0.318831     0.324761 
59337.917346 0.000000 0.000000     0.325024     0.324665 
59337.951998 0.000000 0.000000     0.330957     0.324563 
59337.986650 0.000000 0.000000     0.336628     0.324454 
59338.021302 0.000000 0.000000     0.342036     0.324340 
59338.055954 0.000000 0.000000     0.347179     0.324220 
59338.090606 0.000000 0.000000     0.352056     0.324095 
59338.125258 0.000000 0.000000     0.356666     0.323965 
59338.159910 0.000000 0.000000     0.361007     0.323829 
59338.194562 0.000000 0.000000     0.365078     0.323689 
59338.229214 0.000000 0.000000     0.368879     0.323543 
59338.263866 0.000000 0.000000     0.372408     0.323394 
59338.298518 0.000000 0.000000     0.375666     0.323240 
59338.333170 0.000000 0.000000     0.378651     0.323083 
59338.367822 0.000000 0.000000     0.381363     0.322921 
59338.402474 0.000000 0.000000     0.383802     0.322757 
59338.437126 0.000000 0.000000     0.385968     0.322589 
59338.471778 0.000000 0.000000     0.387861     0.322419 
59338.506430 0.000000 0.000000     0.389480     0.322247 
59338.541082 0.000000 0.000000     0.390827     0.322073 
59338.575734 0.000000 0.000000     0.391901     0.321897 
59338.610386 0.000000 0.000000     0.392703     0.321721 
59338.645038 0.000000 0.000000     0.393234     0.321544 
59338.679690 0.000000 0.000000     0.393494     0.321367 
59338.714342 0.000000 0.000000     0.393484     0.321191 
59338.748994 0.000000 0.000000     0.393206     0.321015 
59338.783646 0.000000 0.000000     0.392659     0.320841 
59338.818298 0.000000 0.000000     0.391846     0.320669 
59338.852950 0.000000 0.000000     0.390768     0.320501 
59338.887602 0.000000 0.000000     0.389426     0.320335 
59338.922254 0.000000 0.000000     0.387822     0.320173 
59338.956906 0.000000 0.000000     0.385957     0.320016 
59338.991558 0.000000 0.000000     0.383834     0.319865 
59339.026210 0.000000 0.000000     0.381454     0.319719 
59339.060862 0.000000 0.000000     0.378819     0.319580 
59339.095514 0.000000 0.000000     0.375931     0.319448 
59339.130166 0.000000 0.000000     0.372793     0.319325 
59339.164818 0.000000 0.000000     0.369406     0.319210 
59339.199470 0.000000 0.000000     0.365774     0.319105 
59339.234122 0.000000 0.000000     0.361899     0.319011 
59339.268774 0.000000 0.000000     0.357784     0.318927 
59339.303426 0.000000 0.000000     0.353431     0.318856 
59339.338078 0.000000 0.000000     0.348842     0.318797 
59339.372730 0.000000 0.000000     0.344022     0.318751 
59339.407382 0.000000 0.000000     0.338974     0.318720 
59339.442034 0.000000 0.000000     0.333699     0.318703 
59339.476686 0.000000 0.000000     0.328202     0.318702 
59339.511338 0.000000 0.000000     0.322486     0.318718 
59339.545990 0.000000 0.000000     0.316554     0.318750 
59339.580642 0.000000 0.000000     0.310410     0.318800 
59339.615294 0.000000 0.000000     0.304057     0.318869 
59339.649946 0.000000 0.000000     0.297499     0.318956 
59339.684598 0.000000 0.000000     0.290740     0.319064 
59339.719250 0.000000 0.000000     0.283784     0.319191 
59339.753902 0.000000 0.000000     0.276635     0.319339 
59339.788554 0.000000 0.000000     0.269296     0.319509 
59339.823206 0.000000 0.000000     0.261771     0.319700 
59339.857858 0.000000 0.000000     0.254065     0.319913 
59339.892510 0.000000 0.000000     0.246183     0.320149 
59339.927162 0.000000 0.000000     0.238127     0.320408 
59339.961814 0.000000 0.000000     0.229903     0.320690 
59339.996466 0.000000 0.000000     0.221515     0.320995 
59340.031118 0.000000 0.000000     0.212968     0.321324 
59340.065770 0.000000 0.000000     0.204265     0.321677 
59340.100422 0.000000 0.000000     0.195412     0.322053 
59340.135074 0.000000 0.000000     0.186413     0.322454 
59340.169726 0.000000 0.000000     0.177273     0.322878 
59340.204378 0.000000 0.000000     0.167996     0.323326 
59340.239030 0.000000 0.000000     0.158588     0.323797 
59340.273682 0.000000 0.000000     0.149053     0.324292 
59340.308334 0.000000 0.000000     0.139396     0.324810 
59340.342986 0.000000 0.000000     0.129622     0.325351 
59340.377638 0.000000 0.000000     0.119736     0.325914 
59340.412290 0.000000 0.000000     0.109742     0.326499 
59340.446942 0.000000 0.000000     0.099647     0.327106 
59340.481594 0.000000 0.000000     0.089454     0.327734 
59340.516246 0.000000 0.000000     0.079169     0.328382 
59340.550898 0.000000 0.000000     0.068797     0.329050 
59340.585550 0.000000 0.000000     0.058343     0.329737 
59340.620202 0.000000 0.000000     0.047813     0.330443 
59340.654854 0.000000 0.000000     0.037211     0.331167 
59340.689506 0.000000 0.000000     0.026542     0.331907 
59340.724158 0.000000 0.000000     0.015812     0.332664 
59340.758810 0.000000 0.000000     0.005027     0.333436 
59340.793462 0.000000 0.000000    -0.005810     0.334222 
59340.828114 0.000000 0.000000    -0.016693     0.335022 
59340.862766 0.000000 0.000000    -0.027616     0.335835 
59340.897418 0.000000 0.000000    -0.038575     0.336659 
59340.932070 0.000000 0.000000    -0.049564     0.337494 
59340.966722 0.000000 0.000000    -0.060577     0.338338 
59341.001374 0.000000 0.000000    -0.071611     0.339191 
59341.036026 0.000000 0.000000    -0.082659     0.340052 
59341.070678 0.000000 0.000000    -0.093717     0.340919 
59341.105330 0.000000 0.000000    -0.104780     0.341792 
59341.139982 0.000000 0.000000    -0.115841     0.342669 
59341.174634 0.000000 0.000000    -0.126897     0.343550 
59341.209286 0.000000 0.000000    -0.137942     0.344433 
59341.243938 0.000000 0.000000    -0.148971     0.345318 
59341.278590 0.000000 0.000000    -0.159980     0.346204 
59341.313242 0.000000 0.000000    -0.170962     0.347088 
59341.347894 0.000000 0.000000    -0.181914     0.347971 
59341.382546 0.000000 0.000000    -0.192830     0.348852 
59341.417198 0.000000 0.000000    -0.203705     0.349728 
59341.451850 0.000000 0.000000    -0.214535     0.350601 
59341.486502 0.000000 0.000000    -0.225315     0.351467 
59341.521154 0.000000 0.000000    -0.236040     0.352327 
59341.555806 0.000000 0.000000    -0.246706     0.353180 
59341.590458 0.000000 0.000000    -0.257307     0.354024 
59341.625110 0.000000 0.000000    -0.267839     0.354859 
59341.659762 0.000000 0.000000    -0.278299     0.355684 
59341.694414 0.000000 0.000000    -0.288680     0.356497 
59341.729066 0.000000 0.000000    -0.298979     0.357299 
59341.763718 0.000000 0.000000    -0.309192     0.358088 
59341.798370 0.000000 0.000000    -0.319313     0.358864 
59341.833022 0.000000 0.000000    -0.329340     0.359625 
59341.867674 0.000000 0.000000    -0.339268     0.360372 
59341.902326 0.000000 0.000000    -0.349092     0.361102 
59341.936978 0.000000 0.000000    -0.358809     0.361817 
59341.971630 0.000000 0.000000    -0.368414     0.362514 
59342.006282 0.000000 0.000000    -0.377905     0.363193 
59342.040934 0.000000 0.000000    -0.387277     0.363854 
59342.075586 0.000000 0.000000    -0.396526     0.364495 
59342.110238 0.000000 0.000000    -0.405648     0.365118 
59342.144890 0.000000 0.000000    -0.414642     0.365719 
59342.179542 0.000000 0.000000    -0.423501     0.366301 
59342.214194 0.000000 0.000000    -0.432225     0.366861 
59342.248846 0.000000 0.000000    -0.440808     0.367399 
59342.283498 0.000000 0.000000    -0.449248     0.367915 
59342.318150 0.000000 0.000000    -0.457543     0.368409 
59342.352802 0.000000 0.000000    -0.465687     0.368879 
59342.387454 0.000000 0.000000    -0.473680     0.369326 
59342.422106 0.000000 0.000000    -0.481518     0.369750 
59342.456758 0.000000 0.000000    -0.489199     0.370149 
59342.491410 0.000000 0.000000    -0.496719     0.370524 
59342.526062 0.000000 0.000000    -0.504076     0.370874 
59342.560714 0.000000 0.000000    -0.511268     0.371200 
59342.595366 0.000000 0.000000    -0.518292     0.371500 
59342.630018 0.000000 0.000000    -0.525146     0.371775 
59342.664670 0.000000 0.000000    -0.531829     0.372024 
59342.699322 0.000000 0.000000    -0.538338     0.372248 
59342.733974 0.000000 0.000000    -0.544670     0.372446 
59342.768626 0.000000 0.000000    -0.550825     0.372618 
59342.803278 0.000000 0.000000    -0.556801     0.372764 
59342.837930 0.000000 0.000000    -0.562596     0.372884 
59342.872582 0.000000 0.000000    -0.568208     0.372978 
59342.907234 0.000000 0.000000    -0.573636     0.373046 
59342.941886 0.000000 0.000000    -0.578879     0.373087 
59342.976538 0.000000 0.000000    -0.583936     0.373103 
59343.011190 0.000000 0.000000    -0.588805     0.373093 
59343.045842 0.000000 0.000000    -0.593487     0.373057 
59343.080494 0.000000 0.000000    -0.597978     0.372996 
59343.115146 0.000000 0.000000    -0.602280     0.372909 
59343.149798 0.000000 0.000000    -0.606392     0.372797 
59343.184450 0.000000 0.000000    -0.610312     0.372659 
59343.219102 0.000000 0.000000    -0.614041     0.372497 
59343.253754 0.000000 0.000000    -0.617578     0.372310 
59343.288406 0.000000 0.000000    -0.620924     0.372099 
59343.323058 0.000000 0.000000    -0.624077     0.371864 
59343.357710 0.000000 0.000000    -0.627038     0.371605 
59343.392362 0.000000 0.000000    -0.629808     0.371323 
59343.427014 0.000000 0.000000    -0.632386     0.371018 
59343.461666 0.000000 0.000000    -0.634773     0.370691 
59343.496318 0.000000 0.000000    -0.636969     0.370342 
59343.530970 0.000000 0.000000    -0.638975     0.369971 
59343.565622 0.000000 0.000000    -0.640791     0.369579 
59343.600274 0.000000 0.000000    -0.642419     0.369166 
59343.634926 0.000000 0.000000    -0.643859     0.368734 
59343.669578 0.000000 0.000000    -0.645112     0.368282 
59343.704230 0.000000 0.000000    -0.646179     0.367811 
59343.738882 0.000000 0.000000    -0.647062     0.367322 
59343.773534 0.000000 0.000000    -0.647762     0.366816 
59343.808186 0.000000 0.000000    -0.648280     0.366293 
59343.842838 0.000000 0.000000    -0.648618     0.365754 
59343.877490 0.000000 0.000000    -0.648777     0.365200 
59343.912142 0.000000 0.000000    -0.648759     0.364631 
59343.946794 0.000000 0.000000    -0.648565     0.364048 
59343.981446 0.000000 0.000000    -0.648199     0.363452 
59344.016098 0.000000 0.000000    -0.647661     0.362845 
59344.050750 0.000000 0.000000    -0.646954     0.362225 
59344.085402 0.000000 0.000000    -0.646079     0.361596 
59344.120054 0.000000 0.000000    -0.645040     0.360957 
59344.154706 0.000000 0.000000    -0.643838     0.360309 
59344.189358 0.000000 0.000000    -0.642476     0.359654 
59344.224010 0.000000 0.000000    -0.640956     0.358992 
59344.258662 0.000000 0.000000    -0.639281     0.358324 
59344.293314 0.000000 0.000000    -0.637453     0.357652 
59344.327966 0.000000 0.000000    -0.635476     0.356976 
59344.362618 0.000000 0.000000    -0.633352     0.356297 
59344.397270 0.000000 0.000000    -0.631083     0.355617 
59344.431922 0.000000 0.000000    -0.628674     0.354935 
59344.466574 0.000000 0.000000    -0.626126     0.354255 
59344.501226 0.000000 0.000000    -0.623443     0.353575 
59344.535878 0.000000 0.000000    -0.620628     0.352898 
59344.570530 0.000000 0.000000    -0.617685     0.352225 
59344.605182 0.000000 0.000000    -0.614615     0.351556 
59344.639834 0.000000 0.000000    -0.611424     0.350893 
59344.674486 0.000000 0.000000    -0.608114     0.350236 
59344.709138 0.000000 0.000000    -0.604688     0.349587 
59344.743790 0.000000 0.000000    -0.601151     0.348947 
59344.778442 0.000000 0.000000    -0.597505     0.348316 
59344.813094 0.000000 0.000000    -0.593754     0.347696 
59344.847746 0.000000 0.000000    -0.589901     0.347088 
59344.882398 0.000000 0.000000    -0.585952     0.346492 
59344.917050 0.000000 0.000000    -0.581908     0.345909 
59344.951702 0.000000 0.000000    -0.577773     0.345341 
59344.986354 0.000000 0.000000    -0.573552     0.344788 
59345.021006 0.000000 0.000000    -0.569249     0.344251 
59345.055658 0.000000 0.000000    -0.564866     0.343730 
59345.090310 0.000000 0.000000    -0.560408     0.343227 
59345.124962 0.000000 0.000000    -0.555879     0.342742 
59345.159614 0.000000 0.000000    -0.551282     0.342276 
59345.194266 0.000000 0.000000    -0.546621     0.341829 
59345.228918 0.000000 0.000000    -0.541901     0.341402 
59345.263570 0.000000 0.000000    -0.537125     0.340995 
59345.298222 0.000000 0.000000    -0.532296     0.340608 
59345.332874 0.000000 0.000000    -0.527420     0.340243 
59345.367526 0.000000 0.000000    -0.522499     0.339900 
59345.402178 0.000000 0.000000    -0.517538     0.339578 
59345.436830 0.000000 0.000000    -0.512540     0.339277 
59345.471482 0.000000 0.000000    -0.507510     0.338999 
59345.506134 0.000000 0.000000    -0.502451     0.338742 
59345.540786 0.000000 0.000000    -0.497367     0.338508 
59345.575438 0.000000 0.000000    -0.492262     0.338295 
59345.610090 0.000000 0.000000    -0.487140     0.338104 
59345.644742 0.000000 0.000000    -0.482004     0.337935 
59345.679394 0.000000 0.000000    -0.476859     0.337786 
59345.714046 0.000000 0.000000    -0.471707     0.337659 
59345.748698 0.000000 0.000000    -0.466554     0.337553 
59345.783350 0.000000 0.000000    -0.461401     0.337466 
59345.818002 0.000000 0.000000    -0.456254     0.337400 
59345.852654 0.000000 0.000000    -0.451116     0.337352 
59345.887306 0.000000 0.000000    -0.445989     0.337323 
59345.921958 0.000000 0.000000    -0.440879     0.337312 
59345.956610 0.000000 0.000000    -0.435787     0.337318 
59345.991262 0.000000 0.000000    -0.430719     0.337341 
59346.025914 0.000000 0.000000    -0.425676     0.337380 
59346.060566 0.000000 0.000000    -0.420662     0.337433 
59346.095218 0.000000 0.000000    -0.415681     0.337501 
59346.129870 0.000000 0.000000    -0.410736     0.337583 
59346.164522 0.000000 0.000000    -0.405830     0.337677 
59346.199174 0.000000 0.000000    -0.400965     0.337782 
59346.233826 0.000000 0.000000    -0.396146     0.337899 
59346.268478 0.000000 0.000000    -0.391374     0.338025 
59346.303130 0.000000 0.000000    -0.386654     0.338160 
59346.337782 0.000000 0.000000    -0.381986     0.338303 
59346.372434 0.000000 0.000000    -0.377375     0.338453 
59346.407086 0.000000 0.000000    -0.372823     0.338610 
59346.441738 0.000000 0.000000    -0.368333     0.338771 
59346.476390 0.000000 0.000000    -0.363906     0.338937 
59346.511042 0.000000 0.000000    -0.359546     0.339106 
59346.545694 0.000000 0.000000    -0.355254     0.339277 
59346.580346 0.000000 0.000000    -0.351034     0.339450 
59346.614998 0.000000 0.000000    -0.346886     0.339623 
59346.649650 0.000000 0.000000    -0.342814     0.339796 
59346.684302 0.000000 0.000000    -0.338818     0.339968 
59346.718954 0.000000 0.000000    -0.334902     0.340137 
59346.753606 0.000000 0.000000    -0.331066     0.340304 
59346.788258 0.000000 0.000000    -0.327312     0.340468 
59346.822910 0.000000 0.000000    -0.323643     0.340626 
59346.857562 0.000000 0.000000    -0.320059     0.340780 
59346.892214 0.000000 0.000000    -0.316562     0.340928 
59346.926866 0.000000 0.000000    -0.313152     0.341069 
59346.961518 0.000000 0.000000    -0.309832     0.341202 
59346.996170 0.000000 0.000000    -0.306603     0.341328 
59347.030822 0.000000 0.000000    -0.303464     0.341446 
59347.065474 0.000000 0.000000    -0.300418     0.341554 
59347.100126 0.000000 0.000000    -0.297465     0.341653 
59347.134778 0.000000 0.000000    -0.294605     0.341741 
59347.169430 0.000000 0.000000    -0.291840     0.341820 
59347.204082 0.000000 0.000000    -0.289169     0.341887 
59347.238734 0.000000 0.000000    -0.286593     0.341942 
59347.273386 0.000000 0.000000    -0.284112     0.341986 
59347.308038 0.000000 0.000000    -0.281726     0.342018 
59347.342690 0.000000 0.000000    -0.279436     0.342037 
59347.377342 0.000000 0.000000    -0.277241     0.342044 
59347.411994 0.000000 0.000000    -0.275140     0.342038 
59347.446646 0.000000 0.000000    -0.273135     0.342018 
59347.481298 0.000000 0.000000    -0.271223     0.341986 
59347.515950 0.000000 0.000000    -0.269405     0.341940 
59347.550602 0.000000 0.000000    -0.267681     0.341882 
59347.585254 0.000000 0.000000    -0.266048     0.341809 
59347.619906 0.000000 0.000000    -0.264507     0.341723 
59347.654558 0.000000 0.000000    -0.263056     0.341624 
59347.689210 0.000000 0.000000    -0.261695     0.341512 
59347.723862 0.000000 0.000000    -0.260422     0.341387 
59347.758514 0.000000 0.000000    -0.259236     0.341248 
59347.793166 0.000000 0.000000    -0.258136     0.341097 
59347.827818 0.000000 0.000000    -0.257120     0.340933 
59347.862470 0.000000 0.000000    -0.256186     0.340757 
59347.897122 0.000000 0.000000    -0.255333     0.340568 
59347.931774 0.000000 0.000000    -0.254559     0.340368 
59347.966426 0.000000 0.000000    -0.253863     0.340157 
59348.001078 0.000000 0.000000    -0.253241     0.339935 
59348.035730 0.000000 0.000000    -0.252693     0.339702 
59348.070382 0.000000 0.000000    -0.252216     0.339459 
59348.105034 0.000000 0.000000    -0.251807     0.339207 
59348.139686 0.000000 0.000000    -0.251465     0.338945 
59348.174338 0.000000 0.000000    -0.251186     0.338675 
59348.208990 0.000000 0.000000    -0.250970     0.338397 
59348.243642 0.000000 0.000000    -0.250812     0.338111 
59348.278294 0.000000 0.000000    -0.250710     0.337819 
59348.312946 0.000000 0.000000    -0.250661     0.337521 
59348.347598 0.000000 0.000000    -0.250664     0.337217 
59348.382250 0.000000 0.000000    -0.250713     0.336909 
59348.416902 0.000000 0.000000    -0.250808     0.336596 
59348.451554 0.000000 0.000000    -0.250944     0.336281 
59348.486206 0.000000 0.000000    -0.251118     0.335963 
59348.520858 0.000000 0.000000    -0.251328     0.335643 
59348.555510 0.000000 0.000000    -0.251570     0.335322 
59348.590162 0.000000 0.000000    -0.251840     0.335001 
59348.624814 0.000000 0.000000    -0.252136     0.334681 
59348.659466 0.000000 0.000000    -0.252453     0.334363 
59348.694118 0.000000 0.000000    -0.252789     0.334047 
59348.728770 0.000000 0.000000    -0.253140     0.333734 
59348.763422 0.000000 0.000000    -0.253502     0.333425 
59348.798074 0.000000 0.000000    -0.253871     0.333121 
59348.832726 0.000000 0.000000    -0.254245     0.332822 
59348.867378 0.000000 0.000000    -0.254619     0.332531 
59348.902030 0.000000 0.000000    -0.254989     0.332247 
59348.936682 0.000000 0.000000    -0.255352     0.331971 
59348.971334 0.000000 0.000000    -0.255704     0.331703 
59349.005986 0.000000 0.000000    -0.256041     0.331446 
59349.040638 0.000000 0.000000    -0.256359     0.331200 
59349.075290 0.000000 0.000000    -0.256654     0.330964 
59349.109942 0.000000 0.000000    -0.256923     0.330741 
59349.144594 0.000000 0.000000    -0.257162     0.330531 
59349.179246 0.000000 0.000000    -0.257366     0.330334 
59349.213898 0.000000 0.000000    -0.257532     0.330151 
59349.248550 0.000000 0.000000    -0.257655     0.329983 
59349.283202 0.000000 0.000000    -0.257733     0.329830 
59349.317854 0.000000 0.000000    -0.257760     0.329693 
59349.352506 0.000000 0.000000    -0.257733     0.329572 
59349.387158 0.000000 0.000000    -0.257649     0.329469 
59349.421810 0.000000 0.000000    -0.257503     0.329382 
59349.456462 0.000000 0.000000    -0.257291     0.329313 
59349.491114 0.000000 0.000000    -0.257009     0.329261 
59349.525766 0.000000 0.000000    -0.256655     0.329228 
59349.560418 0.000000 0.000000    -0.256223     0.329213 
59349.595070 0.000000 0.000000    -0.255710     0.329217 
59349.629722 0.000000 0.000000    -0.255113     0.329240 
59349.664374 0.000000 0.000000    -0.254427     0.329281 
59349.699026 0.000000 0.000000    -0.253650     0.329341 
59349.733678 0.000000 0.000000    -0.252777     0.329419 
59349.768330 0.000000 0.000000    -0.251805     0.329517 
59349.802982 0.000000 0.000000    -0.250731     0.329632 
59349.837634 0.000000 0.000000    -0.249550     0.329766 
59349.872286 0.000000 0.000000    -0.248260     0.329919 
59349.906938 0.000000 0.000000    -0.246858     0.330088 
59349.941590 0.000000 0.000000    -0.245339     0.330276 
59349.976242 0.000000 0.000000    -0.243701     0.330480 
59350.010894 0.000000 0.000000    -0.241941     0.330701 
59350.045546 0.000000 0.000000    -0.240056     0.330938 
59350.080198 0.000000 0.000000    -0.238042     0.331191 
59350.114850 0.000000 0.000000    -0.235898     0.331459 
59350.149502 0.000000 0.000000    -0.233619     0.331742 
59350.184154 0.000000 0.000000    -0.231204     0.332038 
59350.218806 0.000000 0.000000    -0.228649     0.332348 
59350.253458 0.000000 0.000000    -0.225953     0.332670 
59350.288110 0.000000 0.000000    -0.223113     0.333005 
59350.322762 0.000000 0.000000    -0.220126     0.333350 
59350.357414 0.000000 0.000000    -0.216990     0.333706 
59350.392066 0.000000 0.000000    -0.213704     0.334072 
59350.426718 0.000000 0.000000    -0.210265     0.334446 
59350.461370 0.000000 0.000000    -0.206671     0.334829 
59350.496022 0.000000 0.000000    -0.202920     0.335219 
59350.530674 0.000000 0.000000    -0.199012     0.335616 
59350.565326 0.000000 0.000000    -0.194944     0.336018 
59350.599978 0.000000 0.000000    -0.190714     0.336425 
59350.634630 0.000000 0.000000    -0.186323     0.336837 
59350.669282 0.000000 0.000000    -0.181768     0.337251 
59350.703934 0.000000 0.000000    -0.177048     0.337668 
59350.738586 0.000000 0.000000    -0.172162     0.338086 
59350.773238 0.000000 0.000000    -0.167111     0.338505 
59350.807890 0.000000 0.000000    -0.161892     0.338925 
59350.842542 0.000000 0.000000    -0.156506     0.339343 
59350.877194 0.000000 0.000000    -0.150952     0.339760 
59350.911846 0.000000 0.000000    -0.145230     0.340174 
59350.946498 0.000000 0.000000    -0.139340     0.340586 
59350.981150 0.000000 0.000000    -0.133281     0.340993 
59351.015802 0.000000 0.000000    -0.127055     0.341396 
59351.050454 0.000000 0.000000    -0.120661     0.341793 
59351.085106 0.000000 0.000000    -0.114100     0.342185 
59351.119758 0.000000 0.000000    -0.107372     0.342570 
59351.154410 0.000000 0.000000    -0.100479     0.342947 
59351.189062 0.000000 0.000000    -0.093421     0.343317 
59351.223714 0.000000 0.000000    -0.086199     0.343678 
59351.258366 0.000000 0.000000    -0.078815     0.344029 
59351.293018 0.000000 0.000000    -0.071270     0.344371 
59351.327670 0.000000 0.000000    -0.063565     0.344703 
59351.362322 0.000000 0.000000    -0.055702     0.345024 
59351.396974 0.000000 0.000000    -0.047683     0.345334 
59351.431626 0.000000 0.000000    -0.039509     0.345632 
59351.466278 0.000000 0.000000    -0.031184     0.345918 
59351.500930 0.000000 0.000000    -0.022710     0.346191 
59351.535582 0.000000 0.000000    -0.014088     0.346451 
59351.570234 0.000000 0.000000    -0.005321     0.346697 
59351.604886 0.000000 0.000000     0.003587     0.346930 
59351.639538 0.000000 0.000000     0.012635     0.347149 
59351.674190 0.000000 0.000000     0.021818     0.347353 
59351.708842 0.000000 0.000000     0.031134     0.347543 
59351.743494 0.000000 0.000000     0.040580     0.347717 
59351.778146 0.000000 0.000000     0.050151     0.347876 
59351.812798 0.000000 0.000000     0.059844     0.348020 
59351.847450 0.000000 0.000000     0.069656     0.348148 
59351.882102 0.000000 0.000000     0.079583     0.348261 
59351.916754 0.000000 0.000000     0.089619     0.348357 
59351.951406 0.000000 0.000000     0.099762     0.348437 
59351.986058 0.000000 0.000000     0.110007     0.348501 
59352.020710 0.000000 0.000000     0.120349     0.348549 
59352.055362 0.000000 0.000000     0.130783     0.348580 
59352.090014 0.000000 0.000000     0.141305     0.348595 
59352.124666 0.000000 0.000000     0.151910     0.348593 
59352.159318 0.000000 0.000000     0.162593     0.348575 
59352.193970 0.000000 0.000000     0.173348     0.348541 
59352.228622 0.000000 0.000000     0.184171     0.348490 
59352.263274 0.000000 0.000000     0.195055     0.348423 
59352.297926 0.000000 0.000000     0.205996     0.348339 
59352.332578 0.000000 0.000000     0.216987     0.348239 
59352.367230 0.000000 0.000000     0.228023     0.348123 
59352.401882 0.000000 0.000000     0.239098     0.347992 
59352.436534 0.000000 0.000000     0.250205     0.347844 
59352.471186 0.000000 0.000000     0.261339     0.347680 
59352.505838 0.000000 0.000000     0.272493     0.347501 
59352.540490 0.000000 0.000000     0.283661     0.347307 
59352.575142 0.000000 0.000000     0.294836     0.347098 
59352.609794 0.000000 0.000000     0.306012     0.346873 
59352.644446 0.000000 0.000000     0.317182     0.346634 
59352.679098 0.000000 0.000000     0.328340     0.346381 
59352.713750 0.000000 0.000000     0.339478     0.346113 
59352.748402 0.000000 0.000000     0.350589     0.345831 
59352.783054 0.000000 0.000000     0.361667     0.345536 
59352.817706 0.000000 0.000000     0.372705     0.345227 
59352.852358 0.000000 0.000000     0.383694     0.344905 
59352.887010 0.000000 0.000000     0.394628     0.344571 
59352.921662 0.000000 0.000000     0.405500     0.344224 
59352.956314 0.000000 0.000000     0.416302     0.343865 
59352.990966 0.000000 0.000000     0.427027     0.343494 
59353.025618 0.000000 0.000000     0.437667     0.343112 
59353.060270 0.000000 0.000000     0.448214     0.342719 
59353.094922 0.000000 0.000000     0.458662     0.342315 
59353.129574 0.000000 0.000000     0.469001     0.341901 
59353.164226 0.000000 0.000000     0.479226     0.341477 
59353.198878 0.000000 0.000000     0.489327     0.341043 
59353.233530 0.000000 0.000000     0.499297     0.340601 
59353.268182 0.000000 0.000000     0.509128     0.340150 
59353.302834 0.000000 0.000000     0.518813     0.339690 
59353.337486 0.000000 0.000000     0.528344     0.339223 
59353.372138 0.000000 0.000000     0.537712     0.338748 
59353.406790 0.000000 0.000000     0.546910     0.338266 
59353.441442 0.000000 0.000000     0.555930     0.337777 
59353.476094 0.000000 0.000000     0.564763     0.337283 
59353.510746 0.000000 0.000000     0.573404     0.336782 
59353.545398 0.000000 0.000000     0.581842     0.336277 
59353.580050 0.000000 0.000000     0.590071     0.335766 
59353.614702 0.000000 0.000000     0.598082     0.335251 
59353.649354 0.000000 0.000000     0.605868     0.334733 
59353.684006 0.000000 0.000000     0.613421     0.334210 
59353.718658 0.000000 0.000000     0.620733     0.333685 
59353.753310 0.000000 0.000000     0.627797     0.333157 
59353.787962 0.000000 0.000000     0.634604     0.332627 
59353.822614 0.000000 0.000000     0.641147     0.332095 
59353.857266 0.000000 0.000000     0.647419     0.331563 
59353.891918 0.000000 0.000000     0.653412     0.331029 
59353.926570 0.000000 0.000000     0.659118     0.330495 
59353.961222 0.000000 0.000000     0.664529     0.329961 
59353.995874 0.000000 0.000000     0.669640     0.329428 
59354.030526 0.000000 0.000000     0.674441     0.328895 
59354.065178 0.000000 0.000000     0.678927     0.328365 
59354.099830 0.000000 0.000000     0.683089     0.327836 
59354.134482 0.000000 0.000000     0.686922     0.327310 
59354.169134 0.000000 0.000000     0.690417     0.326786 
59354.203786 0.000000 0.000000     0.693567     0.326266 
59354.238438 0.000000 0.000000     0.696367     0.325750 
59354.273090 0.000000 0.000000     0.698810     0.325238 
59354.307742 0.000000 0.000000     0.700888     0.324730 
59354.342394 0.000000 0.000000     0.702595     0.324228 
59354.377046 0.000000 0.000000     0.703925     0.323732 
59354.411698 0.000000 0.000000     0.704872     0.323241 
59354.446350 0.000000 0.000000     0.705430     0.322758 
59354.481002 0.000000 0.000000     0.705592     0.322281 
59354.515654 0.000000 0.000000     0.705353     0.321812 
59354.550306 0.000000 0.000000     0.704706     0.321352 
59354.584958 0.000000 0.000000     0.703647     0.320899 
59354.619610 0.000000 0.000000     0.702170     0.320456 
59354.654262 0.000000 0.000000     0.700269     0.320023 
59354.688914 0.000000 0.000000     0.697939     0.319599 
59354.723566 0.000000 0.000000     0.695175     0.319187 
59354.758218 0.000000 0.000000     0.691973     0.318785 
59354.792870 0.000000 0.000000     0.688328     0.318396 
59354.827522 0.000000 0.000000     0.684234     0.318018 
59354.862174 0.000000 0.000000     0.679689     0.317654 
59354.896826 0.000000 0.000000     0.674686     0.317303 
59354.931478 0.000000 0.000000     0.669223     0.316967 
59354.966130 0.000000 0.000000     0.663296     0.316645 
59355.000782 0.000000 0.000000     0.656900     0.316339 
59355.035434 0.000000 0.000000     0.650032     0.316049 
59355.070086 0.000000 0.000000     0.642689     0.315776 
59355.104738 0.000000 0.000000     0.634868     0.315520 
59355.139390 0.000000 0.000000     0.626565     0.315283 
59355.174042 0.000000 0.000000     0.617778     0.315065 
59355.208694 0.000000 0.000000     0.608504     0.314867 
59355.243346 0.000000 0.000000     0.598741     0.314689 
59355.277998 0.000000 0.000000     0.588487     0.314533 
59355.312650 0.000000 0.000000     0.577739     0.314399 
59355.347302 0.000000 0.000000     0.566496     0.314289 
59355.381954 0.000000 0.000000     0.554755     0.314203 
59355.416606 0.000000 0.000000     0.542517     0.314142 
59355.451258 0.000000 0.000000     0.529778     0.314107 
59355.485910 0.000000 0.000000     0.516539     0.314099 
59355.520562 0.000000 0.000000     0.502798     0.314120 
59355.555214 0.000000 0.000000     0.488555     0.314169 
59355.589866 0.000000 0.000000     0.473810     0.314249 
59355.624518 0.000000 0.000000     0.458562     0.314360 
59355.659170 0.000000 0.000000     0.442810     0.314504 
59355.693822 0.000000 0.000000     0.426557     0.314682 
59355.728474 0.000000 0.000000     0.409801     0.314894 
59355.763126 0.000000 0.000000     0.392543     0.315142 
59355.797778 0.000000 0.000000     0.374785     0.315427 
59355.832430 0.000000 0.000000     0.356527     0.315751 
59355.867082 0.000000 0.000000     0.337771     0.316115 
59355.901734 0.000000 0.000000     0.318518     0.316519 
59355.936386 0.000000 0.000000     0.298769     0.316966 
59355.971038 0.000000 0.000000     0.278527     0.317455 
59356.005690 0.000000 0.000000     0.257794     0.317990 
59356.040342 0.000000 0.000000     0.236572     0.318570 
59356.074994 0.000000 0.000000     0.214864     0.319197 
59356.109646 0.000000 0.000000     0.192672     0.319873 
59356.144298 0.000000 0.000000     0.169999     0.320598 
59356.178950 0.000000 0.000000     0.146849     0.321373 
59356.213602 0.000000 0.000000     0.123224     0.322200 
59356.248254 0.000000 0.000000     0.099129     0.323080 
59356.282906 0.000000 0.000000     0.074567     0.324014 
59356.317558 0.000000 0.000000     0.049543     0.325003 
59356.352210 0.000000 0.000000     0.024059     0.326048 
59356.386862 0.000000 0.000000    -0.001879     0.327149 
59356.421514 0.000000 0.000000    -0.028266     0.328309 
59356.456166 0.000000 0.000000    -0.055098     0.329526 
59356.490818 0.000000 0.000000    -0.082371     0.330803 
59356.525470 0.000000 0.000000    -0.110078     0.332140 
59356.560122 0.000000 0.000000    -0.138214     0.333538 
59356.594774 0.000000 0.000000    -0.166775     0.334997 
59356.629426 0.000000 0.000000    -0.195753     0.336518 
59356.664078 0.000000 0.000000    -0.225144     0.338100 
59356.698730 0.000000 0.000000    -0.254941     0.339746 
59356.733382 0.000000 0.000000    -0.285137     0.341453 
59356.768034 0.000000 0.000000    -0.315728     0.343224 
59356.802686 0.000000 0.000000    -0.346704     0.345058 
59356.837338 0.000000 0.000000    -0.378061     0.346955 
59356.871990 0.000000 0.000000    -0.409791     0.348916 
59356.906642 0.000000 0.000000    -0.441887     0.350939 
59356.941294 0.000000 0.000000    -0.474341     0.353025 
59356.975946 0.000000 0.000000    -0.507146     0.355173 
59357.010598 0.000000 0.000000    -0.540295     0.357384 
59357.045250 0.000000 0.000000    -0.573779     0.359657 
59357.079902 0.000000 0.000000    -0.607591     0.361992 
59357.114554 0.000000 0.000000    -0.641723     0.364387 
59357.149206 0.000000 0.000000    -0.676166     0.366843 
59357.183858 0.000000 0.000000    -0.710912     0.369358 
59357.218510 0.000000 0.000000    -0.745953     0.371933 
59357.253162 0.000000 0.000000    -0.781280     0.374567 
59357.287814 0.000000 0.000000    -0.816884     0.377258 
59357.322466 0.000000 0.000000    -0.852757     0.380006 
59357.357118 0.000000 0.000000    -0.888889     0.382811 
59357.391770 0.000000 0.000000    -0.925271     0.385670 
59357.426422 0.000000 0.000000    -0.961895     0.388585 
59357.461074 0.000000 0.000000    -0.998750     0.391552 
59357.495726 0.000000 0.000000    -1.035828     0.394573 
59357.530378 0.000000 0.000000    -1.073118     0.397645 
59357.565030 0.000000 0.000000    -1.110611     0.400767 
59357.599682 0.000000 0.000000    -1.148298     0.403940 
59357.634334 0.000000 0.000000    -1.186169     0.407161 
59357.668986 0.000000 0.000000    -1.224213     0.410429 
59357.703638 0.000000 0.000000    -1.262422     0.413745 
59357.738290 0.000000 0.000000    -1.300784     0.417106 
59357.772942 0.000000 0.000000    -1.339289     0.420512 
59357.807594 0.000000 0.000000    -1.377928     0.423961 
59357.842246 0.000000 0.000000    -1.416691     0.427453 
59357.876898 0.000000 0.000000    -1.455566     0.430987 
59357.911550 0.000000 0.000000    -1.494545     0.434561 
59357.946202 0.000000 0.000000    -1.533615     0.438175 
59357.980854 0.000000 0.000000    -1.572767     0.441827 
59358.015506 0.000000 0.000000    -1.611991     0.445517 
59358.050158 0.000000 0.000000    -1.651276     0.449244 
59358.084810 0.000000 0.000000    -1.690610     0.453006 
59358.119462 0.000000 0.000000    -1.729985     0.456803 
59358.154114 0.000000 0.000000    -1.769389     0.460633 
59358.188766 0.000000 0.000000    -1.808812     0.464497 
59358.223418 0.000000 0.000000    -1.848243     0.468392 
59358.258070 0.000000 0.000000    -1.887672     0.472318 
59358.292722 0.000000 0.000000    -1.927087     0.476274 
59358.327374 0.000000 0.000000    -1.966479     0.480260 
59358.362026 0.000000 0.000000    -2.005837     0.484273 
59358.396678 0.000000 0.000000    -2.045150     0.488314 
59358.431330 0.000000 0.000000    -2.084407     0.492382 
59358.465982 0.000000 0.000000    -2.123599     0.496475 
59358.500634 0.000000 0.000000    -2.162715     0.500593 
59358.535286 0.000000 0.000000    -2.201744     0.504736 
59358.569938 0.000000 0.000000    -2.240675     0.508901 
59358.604590 0.000000 0.000000    -2.279500     0.513089 
59358.639242 0.000000 0.000000    -2.318206     0.517299 
59358.673894 0.000000 0.000000    -2.356784     0.521530 
59358.708546 0.000000 0.000000    -2.395224     0.525780 
59358.743198 0.000000 0.000000    -2.433515     0.530051 
59358.777850 0.000000 0.000000    -2.471648     0.534340 
59358.812502 0.000000 0.000000    -2.509612     0.538647 
59358.847154 0.000000 0.000000    -2.547397     0.542972 
59358.881806 0.000000 0.000000    -2.584994     0.547313 
59358.916458 0.000000 0.000000    -2.622393     0.551670 
59358.951110 0.000000 0.000000    -2.659583     0.556043 
59358.985762 0.000000 0.000000    -2.696556     0.560430 
59359.020414 0.000000 0.000000    -2.733302     0.564832 
59359.055066 0.000000 0.000000    -2.769810     0.569247 
59359.089718 0.000000 0.000000    -2.806073     0.573674 
59359.124370 0.000000 0.000000    -2.842081     0.578114 
59359.159022 0.000000 0.000000    -2.877824     0.582566 
59359.193674 0.000000 0.000000    -2.913294     0.587028 
59359.228326 0.000000 0.000000    -2.948482     0.591501 
59359.262978 0.000000 0.000000    -2.983378     0.595984 
59359.297630 0.000000 0.000000    -3.017975     0.600476 
59359.332282 0.000000 0.000000    -3.052263     0.604977 
59359.366934 0.000000 0.000000    -3.086235     0.609486 
59359.401586 0.000000 0.000000    -3.119882     0.614003 
59359.436238 0.000000 0.000000    -3.153195     0.618527 
59359.470890 0.000000 0.000000    -3.186167     0.623058 
59359.505542 0.000000 0.000000    -3.218791     0.627595 
59359.540194 0.000000 0.000000    -3.251057     0.632138 
59359.574846 0.000000 0.000000    -3.282959     0.636685 
59359.609498 0.000000 0.000000    -3.314490     0.641238 
59359.644150 0.000000 0.000000    -3.345641     0.645795 
59359.678802 0.000000 0.000000    -3.376406     0.650355 
59359.713454 0.000000 0.000000    -3.406778     0.654919 
59359.748106 0.000000 0.000000    -3.436750     0.659485 
59359.782758 0.000000 0.000000    -3.466316     0.664054 
59359.817410 0.000000 0.000000    -3.495468     0.668625 
59359.852062 0.000000 0.000000    -3.524201     0.673198 
59359.886714 0.000000 0.000000    -3.552509     0.677772 
59359.921366 0.000000 0.000000    -3.580385     0.682346 
59359.956018 0.000000 0.000000    -3.607824     0.686921 
59359.990670 0.000000 0.000000    -3.634819     0.691495 
59360.025322 0.000000 0.000000    -3.661367     0.696069 
59360.059974 0.000000 0.000000    -3.687461     0.700643 
59360.094626 0.000000 0.000000    -3.713096     0.705214 
59360.129278 0.000000 0.000000    -3.738268     0.709785 
59360.163930 0.000000 0.000000    -3.762972     0.714353 
59360.198582 0.000000 0.000000    -3.787202     0.718919 
59360.233234 0.000000 0.000000    -3.810955     0.723482 
59360.267886 0.000000 0.000000    -3.834227     0.728042 
59360.302538 0.000000 0.000000    -3.857014     0.732599 
59360.337190 0.000000 0.000000    -3.879312     0.737152 
59360.371842 0.000000 0.000000    -3.901116     0.741701 
59360.406494 0.000000 0.000000    -3.922425     0.746245 
59360.441146 0.000000 0.000000    -3.943234     0.750785 
59360.475798 0.000000 0.000000    -3.963541     0.755320 
59360.510450 0.000000 0.000000    -3.983343     0.759849 
59360.545102 0.000000 0.000000    -4.002636     0.764373 
59360.579754 0.000000 0.000000    -4.021420     0.768891 
59360.614406 0.000000 0.000000    -4.039691     0.773402 
59360.649058 0.000000 0.000000    -4.057447     0.777907 
59360.683710 0.000000 0.000000    -4.074686     0.782405 
59360.718362 0.000000 0.000000    -4.091408     0.786896 
59360.753014 0.000000 0.000000    -4.107609     0.791380 
59360.787666 0.000000 0.000000    -4.123290     0.795856 
59360.822318 0.000000 0.000000    -4.138448     0.800325 
59360.856970 0.000000 0.000000    -4.153084     0.804785 
59360.891622 0.000000 0.000000    -4.167196     0.809237 
59360.926274 0.000000 0.000000    -4.180783     0.813680 
59360.960926 0.000000 0.000000    -4.193846     0.818115 
59360.995578 0.000000 0.000000    -4.206384     0.822540 
59361.030230 0.000000 0.000000    -4.218398     0.826956 
59361.064882 0.000000 0.000000    -4.229886     0.831363 
59361.099534 0.000000 0.000000    -4.240851     0.835760 
59361.134186 0.000000 0.000000    -4.251292     0.840147 
59361.168838 0.000000 0.000000    -4.261211     0.844523 
59361.203490 0.000000 0.000000    -4.270608     0.848890 
59361.238142 0.000000 0.000000    -4.279484     0.853246 
59361.272794 0.000000 0.000000    -4.287841     0.857591 
59361.307446 0.000000 0.000000    -4.295680     0.861925 
59361.342098 0.000000 0.000000    -4.303003     0.866248 
59361.376750 0.000000 0.000000    -4.309812     0.870560 
59361.411402 0.000000 0.000000    -4.316108     0.874861 
59361.446054 0.000000 0.000000    -4.321895     0.879150 
59361.480706 0.000000 0.000000    -4.327173     0.883427 
59361.515358 0.000000 0.000000    -4.331947     0.887692 
59361.550010 0.000000 0.000000    -4.336218     0.891945 
59361.584662 0.000000 0.000000    -4.339990     0.896186 
59361.619314 0.000000 0.000000    -4.343266     0.900414 
59361.653966 0.000000 0.000000    -4.346048     0.904630 
59361.688618 0.000000 0.000000    -4.348340     0.908833 
59361.723270 0.000000 0.000000    -0.000041     0.040238 
